#### 	 Vertical City Weather Generator (VCWG)  	 #### 
# Tdep_imp profile in the urban area 
#0:z [m] 1:Tdep_imp	2:Tdep_imp	3:Tdep_imp	4:Tdep_imp	5:Tdep_imp	6:Tdep_imp	7:Tdep_imp	8:Tdep_imp	9:Tdep_imp	10:Tdep_imp	11:Tdep_imp	12:Tdep_imp	13:Tdep_imp	14:Tdep_imp	15:Tdep_imp	16:Tdep_imp	17:Tdep_imp	18:Tdep_imp	19:Tdep_imp	20:Tdep_imp	21:Tdep_imp	22:Tdep_imp	23:Tdep_imp	24:Tdep_imp	
 0.002500  298.770398  297.969692  297.274949  296.756383  295.724794  295.501556  296.073935  296.815611  297.618042  298.019696  308.044067  310.139919  304.855774  303.487609  302.299469  301.806567  301.081564  300.061595  298.986891  299.058279  298.753051  298.451514  298.137991  297.849028 
 0.007500  297.587081  297.125260  296.610063  296.191203  295.305054  294.983525  295.584823  296.452169  297.362170  297.873584  306.908999  308.715450  303.062599  302.110939  301.264819  301.034154  300.600615  299.777949  298.811801  298.983070  298.751020  298.484381  298.190034  297.909633 
 0.017500  297.889462  297.412924  296.881577  296.443998  295.695186  295.224677  295.710198  296.485705  297.313346  297.808809  305.257341  307.937395  303.206042  302.247815  301.391766  301.137768  300.721974  299.964191  299.044317  299.108424  298.873108  298.608921  298.321946  298.044538 
 0.037500  298.318416  297.837412  297.327771  296.884303  296.392466  295.708924  295.941044  296.526007  297.212259  297.693933  302.681201  306.717944  303.364014  302.264352  301.496997  301.171422  300.829407  300.223179  299.420127  299.293811  299.078916  298.830972  298.563504  298.296832 
 0.057500  298.814303  298.319367  297.841575  297.408438  297.035202  296.341184  296.326674  296.688284  297.200127  297.636923  300.559292  304.822136  303.221013  302.181301  301.541507  301.176608  300.897520  300.440893  299.790926  299.517622  299.315015  299.085356  298.841288  298.592753 
 0.087500  299.322003  298.820073  298.387066  297.982892  297.643145  297.070099  296.855632  296.986257  297.302839  297.653534  299.062666  302.593302  302.682458  301.947992  301.479429  301.133440  300.908931  300.591117  300.113244  299.764865  299.564076  299.354520  299.137070  298.913325 
 0.137500  299.796317  299.398247  299.049350  298.713352  298.403349  298.021264  297.694734  297.585300  297.657313  297.836511  298.272518  300.096718  301.330175  301.321632  301.149633  300.948524  300.800779  300.629986  300.363961  300.062254  299.859258  299.678937  299.499504  299.315740 
 0.217500  299.978103  299.847957  299.663468  299.456265  299.239511  299.010413  298.758927  298.549414  298.424794  298.388373  298.433985  298.832006  299.584375  300.099531  300.335746  300.418020  300.430301  300.408015  300.341178  300.220814  300.088770  299.964374  299.842552  299.718561 
 0.337500  299.999163  299.985155  299.947006  299.885266  299.803399  299.705238  299.590651  299.465194  299.342923  299.237647  299.157930  299.129547  299.212669  299.382085  299.563856  299.720405  299.841424  299.929597  299.987958  300.015992  300.016151  299.996333  299.962580  299.918293 
 0.537500  299.999990  299.999555  299.997332  299.991822  299.981869  299.966718  299.945823  299.918803  299.886045  299.848900  299.809333  299.769978  299.736586  299.715956  299.709781  299.715605  299.729755  299.748867  299.770257  299.791655  299.811072  299.827163  299.839239  299.847003 
 0.737500  299.999991  299.999899  299.999582  299.998816  299.997315  299.994759  299.990808  299.985146  299.977527  299.967819  299.956035  299.942480  299.927860  299.913055  299.898982  299.886383  299.875715  299.867172  299.860733  299.856210  299.853306  299.851659  299.850884  299.850604 
 1.037500  299.999316  299.996711  299.992021  299.985006  299.975537  299.963205  299.947917  299.930423  299.911609  299.892242  299.873591  299.861731  299.857199  299.855570  299.855550  299.856381  299.857787  299.859388  299.860537  299.860716  299.860017  299.858390  299.855732  299.851923 
 1.537500  299.913767  299.809882  299.687719  299.550004  299.402223  299.216572  299.051323  298.927449  298.846107  298.796683  298.918542  299.366318  299.605034  299.727025  299.808584  299.865028  299.907762  299.921363  299.893797  299.854527  299.813304  299.762962  299.702799  299.632867 
