21/08/2004	003000.000	-9.999999e-99	-9.999999e-99	-9.999999e-99	-9.999999e-99	0.627	-9.999999e-99	0.630	-9.999999e-99	-9.999999e-99	0.67869
21/08/2004	010000.000	-9.999999e-99	-9.999999e-99	-9.999999e-99	-9.999999e-99	0.518	-9.999999e-99	0.499	-9.999999e-99	-9.999999e-99	0.68182
21/08/2004	013000.000	-9.999999e-99	-9.999999e-99	-9.999999e-99	-9.999999e-99	0.359	-9.999999e-99	0.411	-9.999999e-99	-9.999999e-99	0.68241
21/08/2004	020000.000	-9.999999e-99	-9.999999e-99	-9.999999e-99	-9.999999e-99	0.439	-9.999999e-99	0.447	-9.999999e-99	-9.999999e-99	0.68106
21/08/2004	023000.000	-9.999999e-99	-9.999999e-99	-9.999999e-99	-9.999999e-99	0.492	-9.999999e-99	0.492	-9.999999e-99	-9.999999e-99	0.68109
21/08/2004	030000.000	-9.999999e-99	-9.999999e-99	-9.999999e-99	-9.999999e-99	0.546	-9.999999e-99	0.513	-9.999999e-99	-9.999999e-99	0.68048
21/08/2004	033000.000	-9.999999e-99	-9.999999e-99	-9.999999e-99	-9.999999e-99	0.568	-9.999999e-99	0.592	-9.999999e-99	-9.999999e-99	0.67903
21/08/2004	040000.000	-9.999999e-99	-9.999999e-99	-9.999999e-99	-9.999999e-99	0.554	-9.999999e-99	0.538	-9.999999e-99	-9.999999e-99	0.68056
21/08/2004	043000.000	-9.999999e-99	-9.999999e-99	-9.999999e-99	-9.999999e-99	0.477	-9.999999e-99	0.488	-9.999999e-99	-9.999999e-99	0.68268
21/08/2004	050000.000	-9.999999e-99	-9.999999e-99	-9.999999e-99	-9.999999e-99	0.578	-9.999999e-99	0.569	-9.999999e-99	-9.999999e-99	0.68447
21/08/2004	053000.000	-9.999999e-99	-9.999999e-99	-9.999999e-99	-9.999999e-99	0.575	-9.999999e-99	0.575	-9.999999e-99	-9.999999e-99	0.68630
21/08/2004	060000.000	-9.999999e-99	-9.999999e-99	-9.999999e-99	-9.999999e-99	0.479	-9.999999e-99	0.478	-9.999999e-99	-9.999999e-99	0.68685
21/08/2004	063000.000	-9.999999e-99	-9.999999e-99	-9.999999e-99	-9.999999e-99	0.554	-9.999999e-99	0.582	-9.999999e-99	-9.999999e-99	0.68530
21/08/2004	070000.000	-9.999999e-99	-9.999999e-99	-9.999999e-99	-9.999999e-99	0.631	-9.999999e-99	0.650	-9.999999e-99	-9.999999e-99	0.68145
21/08/2004	073000.000	-9.999999e-99	-9.999999e-99	-9.999999e-99	-9.999999e-99	0.596	-9.999999e-99	0.590	-9.999999e-99	-9.999999e-99	0.67912
21/08/2004	080000.000	-9.999999e-99	-9.999999e-99	-9.999999e-99	-9.999999e-99	0.516	-9.999999e-99	0.489	-9.999999e-99	-9.999999e-99	0.67452
21/08/2004	083000.000	-9.999999e-99	-9.999999e-99	-9.999999e-99	-9.999999e-99	0.688	-9.999999e-99	0.644	-9.999999e-99	-9.999999e-99	0.67277
21/08/2004	090000.000	-9.999999e-99	-9.999999e-99	-9.999999e-99	-9.999999e-99	0.651	-9.999999e-99	0.598	-9.999999e-99	-9.999999e-99	0.66915
21/08/2004	093000.000	-9.999999e-99	-9.999999e-99	-9.999999e-99	-9.999999e-99	0.584	-9.999999e-99	0.596	-9.999999e-99	-9.999999e-99	0.66879
21/08/2004	100000.000	-9.999999e-99	-9.999999e-99	-9.999999e-99	-9.999999e-99	0.556	-9.999999e-99	0.504	-9.999999e-99	-9.999999e-99	0.66775
21/08/2004	103000.000	-9.999999e-99	-9.999999e-99	-9.999999e-99	-9.999999e-99	0.465	-9.999999e-99	0.490	-9.999999e-99	-9.999999e-99	0.66675
21/08/2004	110000.000	-9.999999e-99	-9.999999e-99	-9.999999e-99	-9.999999e-99	0.536	-9.999999e-99	0.552	-9.999999e-99	-9.999999e-99	0.67321
21/08/2004	113000.000	-9.999999e-99	-9.999999e-99	-9.999999e-99	-9.999999e-99	0.479	-9.999999e-99	0.511	-9.999999e-99	-9.999999e-99	0.66655
21/08/2004	120000.000	-9.999999e-99	-9.999999e-99	-9.999999e-99	-9.999999e-99	0.529	-9.999999e-99	0.582	-9.999999e-99	-9.999999e-99	0.66404
21/08/2004	123000.000	-9.999999e-99	-9.999999e-99	-9.999999e-99	-9.999999e-99	0.517	-9.999999e-99	0.541	-9.999999e-99	-9.999999e-99	0.66329
21/08/2004	130000.000	-9.999999e-99	-9.999999e-99	-9.999999e-99	-9.999999e-99	0.523	-9.999999e-99	0.550	-9.999999e-99	-9.999999e-99	0.66126
21/08/2004	133000.000	-9.999999e-99	-9.999999e-99	-9.999999e-99	-9.999999e-99	0.544	-9.999999e-99	0.543	-9.999999e-99	-9.999999e-99	0.66211
21/08/2004	140000.000	-9.999999e-99	-9.999999e-99	-9.999999e-99	-9.999999e-99	0.544	-9.999999e-99	0.549	-9.999999e-99	-9.999999e-99	0.66061
21/08/2004	143000.000	-9.999999e-99	-9.999999e-99	-9.999999e-99	-9.999999e-99	0.521	-9.999999e-99	0.521	-9.999999e-99	-9.999999e-99	0.65945
21/08/2004	150000.000	-9.999999e-99	-9.999999e-99	-9.999999e-99	-9.999999e-99	0.520	-9.999999e-99	0.548	-9.999999e-99	-9.999999e-99	0.65819
21/08/2004	153000.000	-9.999999e-99	-9.999999e-99	-9.999999e-99	-9.999999e-99	0.537	-9.999999e-99	0.548	-9.999999e-99	-9.999999e-99	0.65774
21/08/2004	160000.000	-9.999999e-99	-9.999999e-99	-9.999999e-99	-9.999999e-99	0.532	-9.999999e-99	0.577	-9.999999e-99	-9.999999e-99	0.65781
21/08/2004	163000.000	-9.999999e-99	-9.999999e-99	-9.999999e-99	-9.999999e-99	0.534	-9.999999e-99	0.544	-9.999999e-99	-9.999999e-99	0.65702
21/08/2004	170000.000	-9.999999e-99	-9.999999e-99	-9.999999e-99	-9.999999e-99	0.507	-9.999999e-99	0.552	-9.999999e-99	-9.999999e-99	0.65735
21/08/2004	173000.000	-9.999999e-99	-9.999999e-99	-9.999999e-99	-9.999999e-99	0.479	-9.999999e-99	0.520	-9.999999e-99	-9.999999e-99	0.65822
21/08/2004	180000.000	-9.999999e-99	-9.999999e-99	-9.999999e-99	-9.999999e-99	0.519	-9.999999e-99	0.491	-9.999999e-99	-9.999999e-99	0.65730
21/08/2004	183000.000	-9.999999e-99	-9.999999e-99	-9.999999e-99	-9.999999e-99	0.390	-9.999999e-99	0.410	-9.999999e-99	-9.999999e-99	0.65992
21/08/2004	190000.000	-9.999999e-99	-9.999999e-99	-9.999999e-99	-9.999999e-99	0.297	-9.999999e-99	0.311	-9.999999e-99	-9.999999e-99	0.66305
21/08/2004	193000.000	-9.999999e-99	-9.999999e-99	-9.999999e-99	-9.999999e-99	0.333	-9.999999e-99	0.312	-9.999999e-99	-9.999999e-99	0.66629
21/08/2004	200000.000	-9.999999e-99	-9.999999e-99	-9.999999e-99	-9.999999e-99	0.256	-9.999999e-99	0.239	-9.999999e-99	-9.999999e-99	0.67091
21/08/2004	203000.000	-9.999999e-99	-9.999999e-99	-9.999999e-99	-9.999999e-99	0.270	-9.999999e-99	0.278	-9.999999e-99	-9.999999e-99	0.67544
21/08/2004	210000.000	-9.999999e-99	-9.999999e-99	-9.999999e-99	-9.999999e-99	0.230	-9.999999e-99	0.270	-9.999999e-99	-9.999999e-99	0.67721
21/08/2004	213000.000	-9.999999e-99	-9.999999e-99	-9.999999e-99	-9.999999e-99	0.252	-9.999999e-99	0.283	-9.999999e-99	-9.999999e-99	0.67955
21/08/2004	220000.000	-9.999999e-99	-9.999999e-99	-9.999999e-99	-9.999999e-99	0.374	-9.999999e-99	0.328	-9.999999e-99	-9.999999e-99	0.67316
21/08/2004	223000.000	-9.999999e-99	-9.999999e-99	-9.999999e-99	-9.999999e-99	0.413	-9.999999e-99	0.363	-9.999999e-99	-9.999999e-99	0.67411
21/08/2004	230000.000	-9.999999e-99	-9.999999e-99	-9.999999e-99	-9.999999e-99	0.403	-9.999999e-99	0.339	-9.999999e-99	-9.999999e-99	0.67675
21/08/2004	233000.000	-9.999999e-99	-9.999999e-99	-9.999999e-99	-9.999999e-99	0.379	-9.999999e-99	0.304	-9.999999e-99	-9.999999e-99	0.67732
21/08/2004	(J+1)000000.000	-9.999999e-99	-9.999999e-99	-9.999999e-99	-9.999999e-99	0.294	-9.999999e-99	0.234	-9.999999e-99	-9.999999e-99	0.67936
