07/09/2004	003000.000	+9999	10.427	+9999	0.631	+9999	3.000	+9999	+9999	-1.738	-1.996	-0.128	+9999	6.373	+9999	0.614	+9999	3.000	+9999	+9999	2.430	0.125	0.179
07/09/2004	010000.000	+9999	-12.017	+9999	0.752	+9999	3.000	+9999	+9999	-1.757	-1.894	-0.040	+9999	-13.197	+9999	0.543	+9999	1.000	+9999	+9999	2.590	0.102	0.156
07/09/2004	013000.000	+9999	-51.558	+9999	0.874	+9999	1.000	+9999	+9999	-2.064	-2.516	-0.192	+9999	-34.187	+9999	0.649	+9999	1.000	+9999	+9999	2.852	0.133	0.317
07/09/2004	020000.000	0.202	-69.609	227.448	0.815	1.000	1.000	1.000	0.65170	-2.014	-1.851	0.174	0.991	-46.292	178.148	0.668	4.000	1.000	2.000	0.61270	3.336	0.144	0.031
07/09/2004	023000.000	0.525	-50.785	124.276	0.929	1.000	1.000	1.000	0.65039	-2.313	-2.205	0.143	3.808	-70.489	395.316	0.743	4.000	1.000	4.000	0.64989	3.769	0.154	0.124
07/09/2004	030000.000	0.360	-59.076	152.456	0.934	+9999	1.000	+9999	0.66047	-2.389	-2.448	0.176	1.949	-73.168	312.688	0.856	+9999	1.000	+9999	0.68897	3.958	0.192	0.152
07/09/2004	033000.000	0.195	-67.367	180.637	1.078	2.000	1.000	1.000	0.64812	-2.696	-2.279	0.259	0.482	-55.325	148.860	0.862	4.000	1.000	2.000	0.60685	4.189	0.125	0.151
07/09/2004	040000.000	0.349	-47.967	115.962	1.184	1.000	1.000	1.000	0.64775	-3.035	-2.510	0.347	0.317	-34.083	88.753	0.994	1.000	1.000	1.000	0.60708	4.901	0.067	0.106
07/09/2004	043000.000	0.598	-30.043	81.234	1.099	1.000	1.000	1.000	0.64843	-2.995	-2.339	0.358	0.409	-16.170	48.922	0.806	1.000	1.000	1.000	0.60760	4.401	-0.020	0.126
07/09/2004	050000.000	0.633	-28.439	88.898	1.146	1.000	1.000	1.000	0.64911	-2.860	-2.328	0.177	0.737	-18.497	72.409	0.944	1.000	1.000	1.000	0.60867	4.073	0.028	0.212
07/09/2004	053000.000	1.504	-11.993	85.887	1.077	1.000	1.000	1.000	0.65165	-2.453	-2.041	0.109	0.889	-9.954	58.731	0.770	1.000	1.000	1.000	0.61099	3.672	0.048	0.176
07/09/2004	060000.000	1.014	-16.280	62.969	0.845	1.000	1.000	1.000	0.65316	-2.099	-2.177	0.048	0.934	-7.176	38.786	0.711	1.000	1.000	1.000	0.61341	3.138	0.145	0.176
07/09/2004	063000.000	1.152	-5.190	51.854	0.910	1.000	4.000	1.000	0.65189	-2.267	-2.448	0.068	0.889	6.784	24.982	0.748	1.000	1.000	1.000	0.61160	3.433	0.143	0.240
07/09/2004	070000.000	1.009	18.883	56.195	0.978	1.000	1.000	1.000	0.65168	-2.352	-2.262	0.266	1.133	28.513	44.300	0.881	1.000	1.000	1.000	0.60966	3.955	0.082	0.193
07/09/2004	073000.000	1.356	67.728	26.693	1.096	1.000	1.000	2.000	0.65126	-2.306	-2.778	-0.050	1.259	58.346	23.764	0.784	1.000	1.000	1.000	0.61020	3.271	0.089	0.419
07/09/2004	080000.000	1.578	86.123	41.999	1.060	1.000	1.000	1.000	0.65017	-2.307	-2.807	-0.253	1.460	86.449	18.026	0.773	1.000	1.000	1.000	0.60836	2.864	0.111	0.390
07/09/2004	083000.000	1.555	133.450	34.170	1.022	1.000	1.000	1.000	0.65010	-2.279	-2.480	-0.021	1.180	107.038	21.598	0.659	1.000	1.000	1.000	0.60637	3.130	0.054	0.391
07/09/2004	090000.000	1.433	166.184	29.329	1.093	1.000	1.000	3.000	0.64866	-2.600	-3.134	-0.204	1.574	151.015	39.849	0.686	1.000	1.000	1.000	0.60596	3.087	0.104	0.419
07/09/2004	093000.000	1.715	175.349	59.920	1.195	1.000	1.000	1.000	0.64911	-2.783	-3.056	-0.169	1.602	170.043	26.305	0.688	1.000	1.000	1.000	0.60566	3.435	0.010	0.406
07/09/2004	100000.000	1.543	183.106	40.984	1.355	1.000	1.000	1.000	0.64785	-2.863	-3.308	-0.208	1.515	152.994	35.407	0.786	1.000	1.000	1.000	0.60571	3.602	0.100	0.482
07/09/2004	103000.000	1.514	199.312	62.497	1.180	1.000	1.000	1.000	0.64805	-2.663	-3.112	-0.220	1.706	176.729	10.892	0.754	1.000	1.000	4.000	0.60460	3.333	0.112	0.437
07/09/2004	110000.000	1.542	205.767	43.408	1.126	1.000	1.000	2.000	0.64780	-2.463	-2.608	0.067	1.816	226.557	35.825	0.905	1.000	1.000	1.000	0.60423	3.539	0.075	0.297
07/09/2004	113000.000	1.368	266.957	65.022	1.194	1.000	1.000	3.000	0.64440	-2.719	-2.905	-0.069	1.353	233.869	10.745	0.809	1.000	1.000	5.000	0.59898	3.434	0.061	0.370
07/09/2004	120000.000	1.735	257.209	64.957	1.007	1.000	1.000	3.000	0.64417	-2.413	-2.536	0.045	1.251	210.539	16.431	0.667	1.000	1.000	4.000	0.59933	2.972	0.030	0.390
07/09/2004	123000.000	1.628	304.493	124.682	1.285	1.000	1.000	2.000	0.64379	-2.706	-3.262	-0.306	1.265	181.666	10.262	0.666	1.000	1.000	3.000	0.59966	2.950	0.134	0.493
07/09/2004	130000.000	1.741	246.367	38.949	1.141	1.000	1.000	2.000	0.64339	-2.537	-3.030	-0.189	1.544	233.017	38.662	0.746	1.000	1.000	2.000	0.59841	3.170	0.076	0.445
07/09/2004	133000.000	2.363	203.116	39.276	1.009	1.000	1.000	4.000	0.64410	-2.438	-2.039	0.413	1.342	209.522	5.537	0.866	1.000	1.000	7.000	0.59884	4.000	-0.014	0.184
07/09/2004	140000.000	2.199	169.826	79.008	1.061	1.000	1.000	3.000	0.64386	-2.203	-2.875	-0.004	1.643	144.677	10.125	0.753	1.000	1.000	6.000	0.60303	2.928	0.115	0.476
07/09/2004	143000.000	2.398	152.626	64.075	1.231	1.000	1.000	1.000	0.64325	-2.566	-3.096	-0.218	1.820	121.103	2.302	0.709	1.000	1.000	5.000	0.60379	3.225	0.095	0.498
07/09/2004	150000.000	1.276	103.683	66.115	1.032	1.000	1.000	2.000	0.64305	-2.383	-3.290	-0.279	1.463	100.667	20.555	0.547	1.000	1.000	1.000	0.60466	2.731	0.090	0.544
07/09/2004	153000.000	1.582	154.356	32.002	1.027	1.000	1.000	1.000	0.64186	-2.384	-3.195	-0.153	1.208	116.570	22.333	0.543	1.000	1.000	2.000	0.60068	2.578	0.156	0.614
07/09/2004	160000.000	2.073	165.240	55.881	1.100	1.000	1.000	1.000	0.64197	-2.175	-2.921	-0.236	1.076	87.927	21.009	0.409	1.000	1.000	1.000	0.60235	2.212	0.101	0.562
07/09/2004	163000.000	1.552	94.941	34.057	1.099	1.000	1.000	1.000	0.64280	-2.354	-3.084	-0.220	1.735	86.465	19.016	0.506	1.000	1.000	1.000	0.60633	2.412	0.153	0.580
07/09/2004	170000.000	1.960	79.674	26.575	1.036	1.000	1.000	1.000	0.64421	-2.182	-2.812	-0.133	1.020	53.673	12.270	0.619	1.000	1.000	2.000	0.60593	2.676	0.138	0.552
07/09/2004	173000.000	1.730	62.184	37.396	0.853	1.000	1.000	3.000	0.64565	-1.739	-2.204	-0.158	1.141	49.721	13.826	0.424	1.000	1.000	1.000	0.60729	1.880	0.120	0.483
07/09/2004	180000.000	0.943	41.278	40.109	0.770	1.000	1.000	2.000	0.64567	-1.652	-2.322	-0.271	0.552	30.000	9.330	0.235	1.000	1.000	1.000	0.60831	1.366	0.075	0.424
07/09/2004	183000.000	1.569	33.041	58.033	0.817	1.000	1.000	2.000	0.64937	-0.996	-1.603	-0.024	0.471	12.962	6.072	0.225	1.000	1.000	3.000	0.61414	0.994	0.109	0.420
07/09/2004	190000.000	1.456	14.582	39.571	0.682	1.000	1.000	1.000	0.65086	-0.929	-1.464	-0.004	0.519	7.402	7.552	0.185	1.000	1.000	1.000	0.61477	0.936	0.109	0.343
07/09/2004	193000.000	0.702	12.232	11.413	0.351	3.000	2.000	1.000	0.66316	0.071	-0.381	0.330	0.809	23.217	2.300	0.075	1.000	1.000	3.000	0.62722	0.298	0.107	0.205
07/09/2004	200000.000	0.166	7.334	4.095	0.299	1.000	1.000	2.000	0.66607	0.270	-0.199	0.440	0.232	16.184	0.981	0.093	1.000	1.000	1.000	0.62864	0.289	0.085	0.214
07/09/2004	203000.000	0.335	5.029	5.646	0.302	1.000	1.000	1.000	0.66765	0.465	-0.147	0.519	0.405	24.628	1.443	0.035	1.000	1.000	1.000	0.63008	0.236	0.060	0.210
07/09/2004	210000.000	0.331	6.899	2.168	0.408	2.000	1.000	1.000	0.66501	0.230	-0.264	0.455	0.302	19.315	2.244	0.148	1.000	1.000	2.000	0.62606	0.479	0.105	0.237
07/09/2004	213000.000	0.654	-2.905	-31.507	0.501	2.000	2.000	2.000	0.66194	-0.222	-0.735	0.268	0.204	13.472	-2.342	0.168	1.000	1.000	3.000	0.62295	0.580	0.108	0.253
07/09/2004	220000.000	0.654	-7.434	-28.254	0.693	1.000	2.000	1.000	0.65119	-1.531	-1.746	-0.003	0.485	5.276	-5.175	0.509	1.000	3.000	4.000	0.61198	2.146	0.123	0.218
07/09/2004	223000.000	0.465	9.209	8.084	0.790	1.000	1.000	3.000	0.65059	-1.827	-2.149	-0.116	0.573	10.306	7.982	0.625	1.000	1.000	2.000	0.61150	2.500	0.100	0.234
07/09/2004	230000.000	0.282	14.516	4.623	0.743	1.000	1.000	2.000	0.65144	-2.006	-2.025	0.071	0.309	18.156	2.518	0.647	1.000	1.000	2.000	0.61174	3.193	0.106	0.079
07/09/2004	233000.000	0.293	28.410	-1.789	0.891	1.000	1.000	6.000	0.65260	-2.207	-2.012	0.210	0.261	31.428	-4.833	0.648	1.000	1.000	2.000	0.61233	3.499	0.117	0.123
07/09/2004	(J+1)000000.000	0.302	34.099	2.096	0.970	1.000	1.000	5.000	0.65259	-2.246	-2.155	0.067	0.226	33.754	-3.256	0.802	1.000	1.000	2.000	0.61203	3.746	0.179	0.101
