28/08/2004	003000.000	+9999	7.163	+9999	0.096	+9999	4.000	+9999	+9999	0.546	0.259	0.056	0.194	32.050	-4.434	0.153	2.000	2.000	2.000	0.62959	-0.510	-0.032	0.104
28/08/2004	010000.000	+9999	1.525	+9999	0.144	+9999	4.000	+9999	+9999	0.706	0.338	0.082	0.108	39.886	-7.423	0.164	2.000	1.000	1.000	0.63145	-0.566	-0.031	0.055
28/08/2004	013000.000	+9999	4.396	+9999	0.133	+9999	1.000	+9999	+9999	0.556	0.228	0.059	0.081	26.918	-1.062	0.157	6.000	1.000	6.000	0.63193	-0.476	-0.147	0.036
28/08/2004	020000.000	+9999	5.349	+9999	0.153	+9999	2.000	+9999	+9999	0.691	0.258	0.076	0.065	37.511	-7.067	0.150	9.000	1.000	5.000	0.63695	-0.388	-0.128	0.114
28/08/2004	023000.000	+9999	-15.489	+9999	0.151	+9999	1.000	+9999	+9999	1.010	0.403	0.052	0.129	25.752	1.647	0.170	1.000	1.000	6.000	0.62616	-0.732	-0.051	0.125
28/08/2004	030000.000	+9999	-6.483	+9999	0.172	+9999	1.000	+9999	+9999	1.012	0.385	0.057	-0.015	13.846	-2.869	0.107	6.000	1.000	3.000	0.63895	-0.612	0.050	0.184
28/08/2004	033000.000	+9999	-0.000	+9999	0.190	+9999	7.000	+9999	+9999	1.315	0.386	0.124	0.025	3.362	0.940	0.071	5.000	5.000	5.000	0.63889	-0.553	0.042	0.196
28/08/2004	040000.000	+9999	-0.575	+9999	0.176	+9999	5.000	+9999	+9999	1.406	0.402	0.107	0.002	6.384	-1.115	0.088	5.000	1.000	1.000	0.63970	-0.589	0.045	0.217
28/08/2004	043000.000	+9999	-4.295	+9999	0.200	+9999	3.000	+9999	+9999	1.315	0.414	0.093	0.102	11.040	0.317	0.114	2.000	1.000	4.000	0.63577	-0.854	0.072	0.252
28/08/2004	050000.000	+9999	-8.565	+9999	0.244	+9999	1.000	+9999	+9999	1.577	0.418	0.084	0.160	31.673	3.469	0.197	1.000	1.000	1.000	0.63714	-0.944	-0.007	0.194
28/08/2004	053000.000	+9999	2.005	+9999	0.241	+9999	5.000	+9999	+9999	1.557	0.462	0.145	0.020	9.713	-1.004	0.075	8.000	2.000	4.000	0.63945	-0.768	0.075	0.270
28/08/2004	060000.000	+9999	0.067	+9999	0.164	+9999	8.000	+9999	+9999	1.363	0.305	0.074	0.023	19.226	-2.078	0.138	6.000	1.000	2.000	0.64189	-1.047	0.011	0.237
28/08/2004	063000.000	+9999	23.051	+9999	0.106	+9999	1.000	+9999	+9999	0.955	0.293	0.003	0.073	22.017	-0.727	0.074	1.000	1.000	4.000	0.64630	-0.435	0.045	0.169
28/08/2004	070000.000	+9999	21.805	+9999	0.149	+9999	1.000	+9999	+9999	0.264	0.166	0.117	0.569	72.259	-4.879	0.174	1.000	1.000	1.000	0.64855	-0.269	-0.151	0.154
28/08/2004	073000.000	+9999	17.523	+9999	0.126	+9999	1.000	+9999	+9999	-0.222	0.069	0.237	0.656	80.781	-3.478	0.194	1.000	1.000	1.000	0.64305	-0.084	-0.283	0.137
28/08/2004	080000.000	+9999	26.960	+9999	0.135	+9999	2.000	+9999	+9999	0.157	0.132	0.161	0.811	88.433	-2.922	0.146	2.000	1.000	2.000	0.63487	-0.290	-0.144	0.011
28/08/2004	083000.000	+9999	29.526	+9999	0.134	+9999	1.000	+9999	+9999	0.569	0.223	0.110	0.686	61.845	-6.310	0.107	1.000	1.000	1.000	0.63658	-0.399	-0.030	0.126
28/08/2004	090000.000	+9999	31.368	+9999	0.184	+9999	1.000	+9999	+9999	0.734	0.284	0.167	0.647	74.932	-4.478	0.200	1.000	1.000	2.000	0.63021	-1.025	-0.036	0.070
28/08/2004	093000.000	+9999	65.976	+9999	0.127	+9999	1.000	+9999	+9999	1.568	0.220	0.112	0.815	57.848	-9.104	0.153	1.000	1.000	1.000	0.62754	-0.479	0.047	0.155
28/08/2004	100000.000	+9999	59.493	+9999	0.141	+9999	1.000	+9999	+9999	1.022	0.222	0.156	0.869	63.508	-11.718	0.144	1.000	1.000	1.000	0.61533	-0.595	-0.025	0.111
28/08/2004	103000.000	+9999	102.951	+9999	0.179	+9999	1.000	+9999	+9999	1.398	0.234	0.140	1.013	70.293	-16.537	0.138	1.000	1.000	2.000	0.60823	-0.858	0.039	0.229
28/08/2004	110000.000	+9999	69.425	+9999	0.116	+9999	1.000	+9999	+9999	1.080	0.330	0.197	1.131	141.404	0.562	0.249	2.000	2.000	4.000	0.60164	-0.822	0.004	0.192
28/08/2004	113000.000	+9999	143.942	+9999	0.194	+9999	1.000	+9999	+9999	1.246	0.285	0.186	0.759	98.617	-9.008	0.095	1.000	1.000	3.000	0.59328	-0.949	0.074	0.265
28/08/2004	120000.000	+9999	100.972	+9999	0.125	+9999	1.000	+9999	+9999	1.503	0.320	0.178	1.314	177.139	-3.917	0.317	1.000	1.000	2.000	0.59502	-0.668	-0.112	0.198
28/08/2004	123000.000	+9999	98.933	+9999	0.207	+9999	2.000	+9999	+9999	1.207	0.347	0.127	0.455	59.982	-3.486	0.135	2.000	1.000	4.000	0.59276	-0.761	0.054	0.254
28/08/2004	130000.000	+9999	156.963	+9999	0.162	+9999	1.000	+9999	+9999	1.643	0.344	0.021	1.069	100.445	-5.406	0.177	1.000	1.000	1.000	0.59534	-0.519	0.008	0.269
28/08/2004	133000.000	+9999	103.368	+9999	0.194	+9999	2.000	+9999	+9999	1.341	0.336	0.120	1.387	151.147	-2.077	0.285	1.000	1.000	3.000	0.59276	-0.786	-0.007	0.259
28/08/2004	140000.000	+9999	119.727	+9999	0.250	+9999	1.000	+9999	+9999	2.102	0.386	0.106	1.151	71.539	-5.275	0.122	1.000	1.000	1.000	0.59889	-0.601	0.101	0.309
28/08/2004	143000.000	+9999	84.136	+9999	0.175	+9999	1.000	+9999	+9999	2.000	0.401	0.199	1.542	112.316	0.918	0.111	1.000	1.000	9.000	0.59986	-0.933	0.119	0.263
28/08/2004	150000.000	+9999	156.537	+9999	0.172	+9999	2.000	+9999	+9999	2.049	0.281	0.172	0.987	26.957	-3.485	0.138	1.000	1.000	3.000	0.60294	-0.590	0.019	0.324
28/08/2004	153000.000	+9999	78.743	+9999	0.281	+9999	1.000	+9999	+9999	1.534	0.440	0.158	1.156	51.019	-7.456	0.112	1.000	3.000	1.000	0.60483	-0.618	0.034	0.278
28/08/2004	160000.000	+9999	43.252	+9999	0.166	+9999	1.000	+9999	+9999	1.367	0.321	0.241	0.887	32.627	-0.872	0.157	1.000	1.000	6.000	0.59462	-1.152	0.076	0.324
28/08/2004	163000.000	+9999	84.302	+9999	0.222	+9999	1.000	+9999	+9999	1.744	0.228	0.105	0.474	-9.583	-1.539	0.204	1.000	4.000	5.000	0.60356	-0.703	0.064	0.300
28/08/2004	170000.000	+9999	55.282	+9999	0.175	+9999	1.000	+9999	+9999	2.045	0.417	0.139	0.666	1.206	-8.256	0.183	1.000	3.000	1.000	0.61332	-0.616	0.103	0.291
28/08/2004	173000.000	+9999	55.450	+9999	0.224	+9999	1.000	+9999	+9999	2.255	0.206	0.154	0.128	-7.773	-8.107	0.211	6.000	6.000	2.000	0.61511	-0.648	0.099	0.279
28/08/2004	180000.000	+9999	61.299	+9999	0.374	+9999	1.000	+9999	+9999	2.164	-0.125	0.166	0.433	1.590	-4.267	0.049	1.000	3.000	1.000	0.61182	-0.277	0.103	0.229
28/08/2004	183000.000	+9999	33.140	+9999	0.348	+9999	1.000	+9999	0.64819	2.125	-0.099	0.110	0.479	5.839	-3.377	0.109	1.000	1.000	1.000	0.61521	-0.014	0.100	0.219
28/08/2004	190000.000	0.896	17.010	6.640	0.284	2.000	1.000	2.000	0.64965	1.622	-0.053	0.070	0.722	10.914	-3.289	0.067	1.000	1.000	1.000	0.61293	-0.334	0.068	0.184
28/08/2004	193000.000	0.888	17.257	4.629	0.224	1.000	1.000	1.000	0.65207	1.523	0.260	-0.018	0.126	6.461	-4.600	0.034	1.000	1.000	1.000	0.60655	-0.415	0.062	0.133
28/08/2004	200000.000	0.426	9.386	3.607	0.163	1.000	1.000	2.000	0.65351	1.478	0.324	-0.053	0.090	5.728	-2.728	0.063	1.000	1.000	1.000	0.60750	-0.285	0.040	0.111
28/08/2004	203000.000	0.552	14.539	3.704	0.194	1.000	1.000	1.000	0.65662	1.561	0.350	-0.041	0.120	11.018	-6.998	0.056	1.000	1.000	1.000	0.60878	-0.375	0.060	0.117
28/08/2004	210000.000	0.554	18.089	2.627	0.234	1.000	1.000	1.000	0.65889	1.866	0.346	-0.070	0.149	13.902	-4.968	0.051	1.000	1.000	1.000	0.61420	-0.219	0.028	0.102
28/08/2004	213000.000	0.525	11.671	2.790	0.127	1.000	1.000	1.000	0.66727	1.404	0.304	0.061	-0.012	0.572	-1.366	0.077	2.000	4.000	1.000	0.61488	-0.596	0.036	0.220
28/08/2004	220000.000	0.666	16.149	2.621	0.154	1.000	1.000	3.000	0.66917	1.432	0.306	-0.022	-0.008	2.130	-0.773	0.083	3.000	3.000	5.000	0.61810	-0.468	0.038	0.156
28/08/2004	223000.000	0.645	7.128	3.978	0.125	1.000	1.000	2.000	0.67738	0.975	0.345	-0.037	0.058	2.629	-0.488	0.081	2.000	2.000	2.000	0.62580	-0.544	0.054	0.204
28/08/2004	230000.000	0.399	3.099	4.493	0.119	1.000	2.000	1.000	0.68381	0.693	0.323	-0.042	0.053	7.275	-3.058	0.037	3.000	1.000	2.000	0.63023	-0.427	0.014	0.143
28/08/2004	233000.000	0.778	-1.775	9.970	0.147	1.000	5.000	1.000	0.68645	0.547	0.291	0.043	0.465	31.587	-4.810	0.148	2.000	1.000	3.000	0.63295	-0.437	-0.084	0.035
28/08/2004	(J+1)000000.000	0.523	-3.440	12.067	0.133	2.000	4.000	1.000	0.68771	0.664	0.307	0.046	0.225	26.959	-5.197	0.132	1.000	1.000	1.000	0.63353	-0.522	-0.024	0.059
