28/06/2004	003000.000	+9999	-10.841	+9999	0.164	+9999	1.000	+9999	+9999	0.924	0.374	0.130	0.130	26.752	-4.477	0.253	1.000	1.000	2.000	0.65798	-1.067	0.068	0.164
28/06/2004	010000.000	+9999	-16.051	+9999	0.241	+9999	1.000	+9999	+9999	1.322	0.438	0.135	0.014	7.946	-4.347	0.124	9.000	1.000	1.000	0.65665	-1.104	0.086	0.274
28/06/2004	013000.000	+9999	3.382	+9999	0.193	+9999	3.000	+9999	+9999	1.662	0.503	0.125	0.011	7.264	-4.159	0.158	8.000	3.000	1.000	0.65596	-0.848	0.114	0.302
28/06/2004	020000.000	+9999	-2.036	+9999	0.242	+9999	2.000	+9999	+9999	1.640	0.436	0.166	0.027	8.518	-6.579	0.148	1.000	1.000	1.000	0.65706	-0.671	0.080	0.256
28/06/2004	023000.000	+9999	3.356	+9999	0.178	+9999	3.000	+9999	+9999	1.497	0.402	0.089	0.026	12.529	-5.040	0.103	5.000	1.000	1.000	0.66025	-0.446	0.084	0.224
28/06/2004	030000.000	+9999	-1.670	+9999	0.184	+9999	1.000	+9999	+9999	1.544	0.414	0.145	0.030	5.688	-3.758	0.128	3.000	1.000	2.000	0.66978	-0.671	0.081	0.271
28/06/2004	033000.000	+9999	-4.602	+9999	0.209	+9999	1.000	+9999	+9999	1.608	0.395	0.125	0.033	6.524	-2.464	0.125	3.000	2.000	2.000	0.67216	-0.773	0.070	0.242
28/06/2004	040000.000	+9999	-11.436	+9999	0.295	+9999	1.000	+9999	+9999	2.038	0.520	0.217	0.158	10.389	-0.451	0.145	1.000	1.000	1.000	0.67736	-0.992	0.078	0.334
28/06/2004	043000.000	+9999	-4.446	+9999	0.266	+9999	2.000	+9999	+9999	2.067	0.497	0.267	0.123	17.110	-3.475	0.140	1.000	1.000	2.000	0.67853	-1.013	0.081	0.329
28/06/2004	050000.000	+9999	-0.303	+9999	0.227	+9999	7.000	+9999	+9999	1.840	0.490	0.234	0.121	6.444	-5.881	0.132	1.000	3.000	1.000	0.67859	-1.129	0.136	0.363
28/06/2004	053000.000	+9999	13.777	+9999	0.281	+9999	1.000	+9999	+9999	1.961	0.532	0.236	0.320	15.213	-4.430	0.184	1.000	2.000	1.000	0.67961	-0.937	0.115	0.333
28/06/2004	060000.000	+9999	4.533	+9999	0.207	+9999	1.000	+9999	+9999	1.680	0.489	0.218	0.185	19.602	-4.206	0.162	2.000	1.000	1.000	0.68193	-1.063	0.113	0.281
28/06/2004	063000.000	+9999	29.459	+9999	0.203	+9999	1.000	+9999	+9999	2.035	0.440	0.275	0.058	4.461	-6.948	0.183	1.000	6.000	3.000	0.67871	-1.095	0.131	0.343
28/06/2004	070000.000	+9999	62.455	+9999	0.154	+9999	1.000	+9999	+9999	1.875	0.479	0.241	0.089	0.520	-6.603	0.211	1.000	9.000	1.000	0.67679	-1.362	0.125	0.375
28/06/2004	073000.000	+9999	7.361	+9999	0.286	+9999	1.000	+9999	+9999	1.983	0.554	0.320	0.192	13.691	-11.580	0.119	1.000	2.000	1.000	0.67840	-1.386	0.158	0.399
28/06/2004	080000.000	0.999	26.106	2.112	0.175	1.000	1.000	2.000	0.70614	1.650	0.479	0.295	0.389	29.534	-7.252	0.176	1.000	1.000	3.000	0.67873	-1.444	0.152	0.355
28/06/2004	083000.000	0.526	-8.697	2.255	0.224	1.000	1.000	5.000	0.70642	1.718	0.510	0.368	0.460	33.708	-14.014	0.206	1.000	1.000	1.000	0.67846	-1.476	0.148	0.303
28/06/2004	090000.000	1.661	64.649	3.517	0.158	1.000	1.000	2.000	0.70306	1.686	0.422	0.162	0.591	41.955	-13.760	0.072	1.000	1.000	1.000	0.67603	-0.801	0.081	0.230
28/06/2004	093000.000	1.801	54.387	9.618	0.140	1.000	2.000	4.000	0.69831	1.849	0.414	0.190	0.341	42.675	-16.940	0.150	1.000	2.000	3.000	0.66731	-0.929	0.091	0.206
28/06/2004	100000.000	2.057	76.410	16.722	0.228	1.000	1.000	1.000	0.69110	1.797	0.478	0.223	0.731	82.599	-11.285	0.265	1.000	1.000	2.000	0.65828	-1.307	0.089	0.262
28/06/2004	103000.000	2.330	123.561	0.271	0.194	1.000	1.000	6.000	0.68702	1.960	0.447	0.268	0.740	71.791	-12.356	0.275	1.000	1.000	2.000	0.64902	-1.328	0.154	0.265
28/06/2004	110000.000	0.836	14.246	4.854	0.215	1.000	3.000	1.000	0.67594	2.392	0.536	0.317	0.700	4.282	-13.200	0.197	1.000	5.000	2.000	0.64833	-1.508	0.173	0.468
28/06/2004	113000.000	1.402	77.357	18.010	0.171	1.000	1.000	1.000	0.67384	2.250	0.464	0.272	1.039	99.811	-8.840	0.304	1.000	1.000	3.000	0.64330	-1.335	0.086	0.289
28/06/2004	120000.000	1.985	84.119	23.931	0.244	1.000	1.000	3.000	0.67358	1.872	0.548	0.193	1.119	101.450	-15.615	0.254	1.000	1.000	1.000	0.63957	-1.435	0.065	0.311
28/06/2004	123000.000	2.507	119.846	28.604	0.224	1.000	1.000	1.000	0.67133	1.914	0.459	0.194	1.554	117.491	-13.808	0.060	1.000	1.000	2.000	0.64086	-1.005	0.112	0.281
28/06/2004	130000.000	2.462	54.074	18.773	0.321	1.000	1.000	3.000	0.67226	1.683	0.522	0.189	1.179	112.800	-13.928	0.139	1.000	1.000	2.000	0.63609	-1.290	0.027	0.319
28/06/2004	133000.000	3.135	145.318	37.926	0.310	1.000	1.000	2.000	0.66984	1.975	0.452	0.147	1.125	128.429	-13.627	0.265	1.000	1.000	3.000	0.63650	-1.258	0.113	0.346
28/06/2004	140000.000	+9999	-8.099	+9999	0.279	+9999	1.000	+9999	0.67186	1.785	0.606	0.281	1.783	174.232	-11.536	0.410	1.000	1.000	1.000	0.63332	-1.638	0.049	0.262
28/06/2004	143000.000	+9999	100.379	+9999	0.264	+9999	2.000	+9999	+9999	2.314	0.555	0.162	1.710	133.014	-7.506	0.306	1.000	1.000	1.000	0.63781	-1.389	0.057	0.273
28/06/2004	150000.000	+9999	113.223	+9999	0.241	+9999	1.000	+9999	+9999	2.042	0.402	0.188	1.485	122.867	3.148	0.208	2.000	2.000	7.000	0.63871	-1.130	0.025	0.298
28/06/2004	153000.000	+9999	46.159	+9999	0.301	+9999	2.000	+9999	+9999	1.626	0.550	0.215	2.840	212.867	2.475	0.413	1.000	1.000	7.000	0.63965	-1.609	-0.050	0.175
28/06/2004	160000.000	+9999	72.115	+9999	0.224	+9999	1.000	+9999	+9999	2.697	0.628	0.267	0.181	-4.703	-11.295	0.277	6.000	6.000	1.000	0.64648	-1.101	0.166	0.424
28/06/2004	163000.000	+9999	27.397	+9999	0.352	+9999	1.000	+9999	+9999	2.380	0.602	0.313	0.586	13.277	-8.359	0.087	1.000	1.000	1.000	0.63713	-1.419	0.186	0.433
28/06/2004	170000.000	+9999	62.738	+9999	0.223	+9999	1.000	+9999	+9999	2.586	0.646	0.275	0.646	26.336	-13.384	0.149	2.000	3.000	1.000	0.64339	-1.340	0.188	0.446
28/06/2004	173000.000	+9999	0.482	+9999	0.352	+9999	9.000	+9999	+9999	2.434	0.701	0.436	0.538	10.927	-4.050	0.116	1.000	2.000	3.000	0.63989	-1.857	0.218	0.545
28/06/2004	180000.000	+9999	-9.575	+9999	0.451	+9999	4.000	+9999	+9999	3.049	0.827	0.493	0.437	-2.017	-16.634	0.180	1.000	6.000	2.000	0.64053	-1.640	0.231	0.563
28/06/2004	183000.000	+9999	-0.477	+9999	0.447	+9999	6.000	+9999	+9999	3.153	0.762	0.397	0.329	-4.665	-18.359	0.221	1.000	3.000	1.000	0.64392	-1.536	0.244	0.558
28/06/2004	190000.000	+9999	0.278	+9999	0.387	+9999	5.000	+9999	+9999	2.992	0.714	0.387	0.153	-8.357	-5.913	0.206	3.000	5.000	2.000	0.64488	-1.381	0.175	0.509
28/06/2004	193000.000	+9999	4.915	+9999	0.403	+9999	1.000	+9999	+9999	2.771	0.707	0.354	0.350	1.191	-8.849	0.153	4.000	7.000	1.000	0.64635	-1.335	0.233	0.505
28/06/2004	200000.000	+9999	-0.645	+9999	0.395	+9999	7.000	+9999	+9999	2.785	0.753	0.313	0.154	2.323	-6.788	0.227	1.000	6.000	4.000	0.64382	-1.281	0.215	0.494
28/06/2004	203000.000	+9999	0.204	+9999	0.269	+9999	8.000	+9999	+9999	2.343	0.605	0.327	0.227	16.865	-4.750	0.120	1.000	1.000	3.000	0.64761	-1.265	0.160	0.438
28/06/2004	210000.000	+9999	-7.703	+9999	0.213	+9999	1.000	+9999	+9999	1.515	0.518	0.293	0.178	16.324	-4.725	0.245	1.000	1.000	1.000	0.65160	-1.466	0.184	0.349
28/06/2004	213000.000	+9999	-9.242	+9999	0.230	+9999	1.000	+9999	+9999	1.626	0.551	0.238	0.329	29.872	6.913	0.275	1.000	1.000	2.000	0.65408	-1.269	0.069	0.281
28/06/2004	220000.000	+9999	-22.859	+9999	0.225	+9999	1.000	+9999	+9999	1.058	0.470	0.182	0.333	51.166	3.753	0.361	1.000	1.000	3.000	0.65552	-1.294	-0.041	0.084
28/06/2004	223000.000	+9999	-2.714	+9999	0.125	+9999	3.000	+9999	+9999	0.355	0.289	0.182	0.636	67.299	2.551	0.412	1.000	1.000	4.000	0.65817	-1.090	-0.388	-0.012
28/06/2004	230000.000	+9999	-4.319	+9999	0.144	+9999	1.000	+9999	+9999	0.100	0.222	0.188	0.534	56.126	4.999	0.377	1.000	1.000	1.000	0.65913	-1.132	-0.451	-0.080
28/06/2004	233000.000	+9999	-3.415	+9999	0.101	+9999	1.000	+9999	+9999	-0.036	0.226	0.224	0.293	58.289	6.928	0.321	1.000	1.000	1.000	0.66007	-0.692	-0.387	0.025
28/06/2004	(J+1)000000.000	+9999	-4.225	+9999	0.066	+9999	1.000	+9999	+9999	0.022	0.193	0.195	0.227	67.283	4.472	0.383	1.000	1.000	2.000	0.65963	-0.940	-0.404	-0.036
