23/12/2004	003000.000	0.037	-9.559	0.535	0.178	3.000	2.000	3.000	0.75241	-0.942	0.389	0.345	0.573	40.923	5.036	0.365	3.000	2.000	2.000	0.72327	-0.187	-0.769	-0.027
23/12/2004	010000.000	-0.084	-5.418	-0.574	0.126	1.000	1.000	3.000	0.74227	-0.950	0.354	0.368	0.782	53.210	8.146	0.426	1.000	1.000	1.000	0.71442	-0.196	-0.921	-0.046
23/12/2004	013000.000	-0.086	-7.591	-0.302	0.183	1.000	1.000	1.000	0.73608	-0.973	0.438	0.412	0.665	44.188	7.321	0.443	1.000	1.000	1.000	0.70800	-0.287	-0.917	0.015
23/12/2004	020000.000	-0.044	-10.273	2.954	0.165	4.000	1.000	4.000	0.73589	-1.022	0.452	0.394	0.529	40.955	11.986	0.447	1.000	1.000	1.000	0.70768	-0.264	-1.035	-0.078
23/12/2004	023000.000	0.046	-5.764	1.054	0.085	1.000	1.000	6.000	0.73780	-0.960	0.426	0.337	0.496	28.930	13.323	0.387	1.000	1.000	1.000	0.70855	-0.249	-1.011	-0.116
23/12/2004	030000.000	-0.100	-5.554	1.264	0.122	4.000	1.000	5.000	0.73508	-0.992	0.452	0.363	0.611	21.770	13.471	0.373	1.000	1.000	1.000	0.70709	-0.182	-0.935	-0.103
23/12/2004	033000.000	0.015	-6.440	-10.051	0.121	7.000	1.000	6.000	0.74028	-0.841	0.380	0.325	0.367	32.908	14.024	0.363	1.000	1.000	1.000	0.70610	-0.222	-0.832	-0.017
23/12/2004	040000.000	+9999	-4.017	+9999	0.115	+9999	1.000	+9999	0.74735	-0.855	0.344	0.364	0.931	24.914	34.176	0.385	1.000	1.000	1.000	0.70743	-0.321	-0.912	-0.103
23/12/2004	043000.000	+9999	-4.689	+9999	0.156	+9999	1.000	+9999	+9999	-0.668	0.289	0.320	0.789	24.545	23.801	0.372	+9999	1.000	+9999	+9999	-0.358	-0.756	0.011
23/12/2004	050000.000	+9999	-15.954	+9999	0.217	+9999	1.000	+9999	0.76881	-1.043	0.509	0.431	0.647	24.175	13.425	0.538	+9999	1.000	+9999	0.70420	-0.503	-1.144	-0.095
23/12/2004	053000.000	-0.173	-8.809	5.938	0.154	1.000	1.000	1.000	0.74171	-0.968	0.467	0.404	0.644	15.126	16.166	0.493	1.000	1.000	1.000	0.69870	-0.372	-1.247	-0.165
23/12/2004	060000.000	-0.010	-10.873	0.824	0.199	6.000	1.000	7.000	0.72620	-1.149	0.507	0.478	0.704	23.669	11.940	0.577	1.000	1.000	1.000	0.69366	-0.390	-1.291	-0.062
23/12/2004	063000.000	-0.207	-12.673	1.118	0.194	3.000	1.000	1.000	0.73005	-0.715	0.377	0.348	0.842	30.225	8.374	0.490	1.000	1.000	1.000	0.69532	-0.467	-1.025	-0.081
23/12/2004	070000.000	-0.292	-13.270	17.993	0.147	1.000	1.000	1.000	0.73395	-0.795	0.295	0.331	0.551	30.858	15.378	0.459	1.000	1.000	1.000	0.69409	-0.544	-0.856	-0.011
23/12/2004	073000.000	+9999	-11.239	+9999	0.211	+9999	1.000	+9999	0.73279	-1.210	0.483	0.496	0.609	32.906	20.290	0.533	2.000	1.000	3.000	0.68718	-0.386	-1.185	-0.050
23/12/2004	080000.000	+9999	-22.020	+9999	0.202	+9999	1.000	+9999	+9999	-0.871	0.408	0.421	+9999	31.568	+9999	0.445	+9999	1.000	+9999	+9999	-0.495	-0.892	0.021
23/12/2004	083000.000	+9999	-22.969	+9999	0.469	+9999	2.000	+9999	+9999	-0.735	1.082	-0.136	+9999	46.989	+9999	0.482	+9999	1.000	+9999	+9999	-0.735	-0.702	0.067
23/12/2004	090000.000	+9999	-23.918	+9999	0.179	+9999	1.000	+9999	+9999	-0.269	0.291	0.276	+9999	48.088	+9999	0.523	+9999	1.000	+9999	+9999	-1.212	-0.613	-0.033
23/12/2004	093000.000	+9999	-37.839	+9999	0.202	+9999	1.000	+9999	+9999	0.245	0.388	0.287	+9999	57.227	+9999	0.640	+9999	1.000	+9999	+9999	-1.954	-0.678	-0.197
23/12/2004	100000.000	+9999	-42.900	+9999	0.269	+9999	1.000	+9999	+9999	0.542	0.396	0.234	+9999	69.598	+9999	0.581	+9999	1.000	+9999	+9999	-1.684	-0.650	-0.090
23/12/2004	103000.000	+9999	-54.247	+9999	0.337	+9999	3.000	+9999	+9999	0.727	0.539	0.182	+9999	79.348	+9999	0.596	+9999	1.000	+9999	+9999	-1.792	-0.539	-0.088
23/12/2004	110000.000	+9999	-47.599	+9999	0.375	+9999	3.000	+9999	+9999	0.241	0.557	0.150	+9999	86.801	+9999	0.615	+9999	1.000	+9999	+9999	-1.729	-0.639	-0.122
23/12/2004	113000.000	+9999	-81.803	+9999	0.301	+9999	1.000	+9999	+9999	1.237	0.519	0.275	+9999	77.438	+9999	0.503	+9999	1.000	+9999	+9999	-1.745	-0.380	-0.015
23/12/2004	120000.000	+9999	-53.245	+9999	0.223	+9999	1.000	+9999	+9999	1.265	0.457	0.364	1.770	88.527	0.423	0.474	1.000	1.000	8.000	0.70333	-1.632	-0.377	0.009
23/12/2004	123000.000	-0.585	-37.548	-37.455	0.200	6.000	1.000	5.000	0.75100	0.353	0.359	0.233	3.375	98.881	5.002	0.599	1.000	1.000	2.000	0.69390	-1.642	-0.598	-0.110
23/12/2004	130000.000	-0.758	-38.698	-2.387	0.186	1.000	1.000	1.000	0.74717	0.652	0.344	0.337	4.212	87.968	1.749	0.491	1.000	1.000	1.000	0.69887	-1.301	-0.496	0.002
23/12/2004	133000.000	0.081	-65.123	1.938	0.253	4.000	1.000	1.000	0.74035	1.120	0.480	0.319	5.114	107.459	2.813	0.556	1.000	1.000	2.000	0.70409	-1.630	-0.470	-0.024
23/12/2004	140000.000	0.615	-11.986	-2.924	0.116	+9999	4.000	+9999	0.75520	0.598	0.333	0.338	+9999	85.981	+9999	0.538	+9999	1.000	+9999	0.68912	-1.576	-0.484	-0.069
23/12/2004	143000.000	+9999	-7.192	+9999	0.139	+9999	6.000	+9999	+9999	0.712	0.344	0.259	+9999	80.349	+9999	0.437	+9999	1.000	+9999	+9999	-1.438	-0.333	-0.042
23/12/2004	150000.000	+9999	-20.716	+9999	0.167	+9999	2.000	+9999	+9999	0.822	0.357	0.301	+9999	92.389	+9999	0.395	+9999	1.000	+9999	+9999	-1.225	-0.255	-0.010
23/12/2004	153000.000	+9999	-4.655	+9999	0.103	+9999	4.000	+9999	+9999	-0.078	0.190	0.259	+9999	70.987	+9999	0.304	+9999	1.000	+9999	+9999	-0.729	-0.371	0.030
23/12/2004	160000.000	+9999	-13.588	+9999	0.115	+9999	1.000	+9999	+9999	0.206	0.236	0.242	+9999	68.345	+9999	0.370	+9999	1.000	+9999	+9999	-0.966	-0.420	0.006
23/12/2004	163000.000	+9999	-6.727	+9999	0.132	+9999	3.000	+9999	+9999	-0.369	0.236	0.264	+9999	55.808	+9999	0.317	+9999	1.000	+9999	+9999	-0.674	-0.430	0.066
23/12/2004	170000.000	+9999	-4.753	+9999	0.129	+9999	1.000	+9999	+9999	-0.356	0.224	0.266	+9999	41.235	+9999	0.277	+9999	1.000	+9999	+9999	-0.625	-0.346	0.054
23/12/2004	173000.000	+9999	-8.751	+9999	0.131	+9999	2.000	+9999	+9999	-0.175	0.207	0.197	+9999	64.384	+9999	0.297	+9999	1.000	+9999	+9999	-0.562	-0.313	0.079
23/12/2004	180000.000	+9999	-2.543	+9999	0.114	+9999	2.000	+9999	+9999	-0.184	0.148	0.194	+9999	54.788	+9999	0.289	+9999	1.000	+9999	+9999	-0.529	-0.305	0.096
23/12/2004	183000.000	+9999	-2.466	+9999	0.107	+9999	2.000	+9999	+9999	-0.042	0.214	0.228	+9999	78.814	+9999	0.333	+9999	1.000	+9999	+9999	-0.767	-0.369	0.048
23/12/2004	190000.000	+9999	-5.774	+9999	0.110	+9999	1.000	+9999	+9999	0.134	0.163	0.188	+9999	59.436	+9999	0.288	+9999	1.000	+9999	+9999	-0.650	-0.329	0.085
23/12/2004	193000.000	+9999	-12.211	+9999	0.106	+9999	1.000	+9999	+9999	-0.196	0.176	0.193	+9999	64.161	+9999	0.337	+9999	1.000	+9999	+9999	-0.739	-0.375	0.064
23/12/2004	200000.000	+9999	-14.888	+9999	0.092	+9999	1.000	+9999	+9999	-0.176	0.197	0.205	+9999	42.202	+9999	0.390	+9999	1.000	+9999	+9999	-0.956	-0.397	0.022
23/12/2004	203000.000	+9999	-17.211	+9999	0.125	+9999	1.000	+9999	+9999	0.019	0.202	0.196	+9999	50.342	+9999	0.451	+9999	1.000	+9999	+9999	-1.231	-0.501	-0.034
23/12/2004	210000.000	+9999	-14.384	+9999	0.074	+9999	1.000	+9999	+9999	0.269	0.180	0.232	+9999	74.068	+9999	0.389	+9999	1.000	+9999	+9999	-0.936	-0.422	0.025
23/12/2004	213000.000	+9999	-13.508	+9999	0.079	+9999	1.000	+9999	+9999	-0.047	0.196	0.167	+9999	41.396	+9999	0.316	+9999	1.000	+9999	+9999	-0.572	-0.269	0.112
23/12/2004	220000.000	+9999	-21.904	+9999	0.115	+9999	1.000	+9999	+9999	0.302	0.277	0.176	+9999	54.652	+9999	0.396	+9999	1.000	+9999	+9999	-0.906	-0.322	0.070
23/12/2004	223000.000	+9999	-24.643	+9999	0.145	+9999	1.000	+9999	+9999	0.817	0.320	0.257	+9999	58.233	+9999	0.378	+9999	1.000	+9999	+9999	-1.006	-0.347	0.026
23/12/2004	230000.000	+9999	-37.111	+9999	0.132	+9999	1.000	+9999	+9999	0.708	0.326	0.187	+9999	49.855	+9999	0.339	+9999	1.000	+9999	+9999	-0.992	-0.269	0.035
23/12/2004	233000.000	+9999	-29.574	+9999	0.138	+9999	1.000	+9999	+9999	0.594	0.303	0.222	+9999	43.497	+9999	0.379	+9999	1.000	+9999	+9999	-1.023	-0.340	0.023
23/12/2004	(J+1)000000.000	+9999	-30.670	+9999	0.173	+9999	1.000	+9999	+9999	0.535	0.324	0.211	+9999	47.864	+9999	0.420	+9999	1.000	+9999	+9999	-1.363	-0.403	-0.043
