22/11/2004	003000.000	0.789	6.234	1.770	0.220	+9999	+9999	+9999	0.80415	-1.443	-0.089	-0.081	0.404	24.994	-1.725	0.210	1.000	2.000	2.000	0.78916	0.376	-0.665	-0.060
22/11/2004	010000.000	0.147	8.969	0.034	0.156	2.000	3.000	9.000	0.80983	-0.804	0.322	0.019	0.692	34.836	-0.552	0.269	2.000	2.000	6.000	0.78984	0.071	-0.671	-0.102
22/11/2004	013000.000	0.447	13.074	1.117	0.222	1.000	3.000	3.000	0.81821	-0.711	0.287	-0.028	0.369	37.002	-1.124	0.211	1.000	2.000	3.000	0.79795	0.036	-0.512	-0.054
22/11/2004	020000.000	0.236	9.180	-1.267	0.144	1.000	1.000	2.000	0.81129	-1.412	0.008	-0.152	0.695	26.503	-1.168	0.240	1.000	1.000	1.000	0.79413	0.372	-0.662	-0.104
22/11/2004	023000.000	0.040	4.170	-0.494	0.111	7.000	2.000	4.000	0.83320	-0.693	-0.010	-0.033	-0.070	30.056	-1.293	0.128	2.000	1.000	1.000	0.81876	0.003	-0.201	0.076
22/11/2004	030000.000	0.381	6.207	-2.546	0.107	1.000	3.000	2.000	0.86560	-0.630	-0.078	0.057	0.163	23.830	-2.509	0.064	3.000	1.000	1.000	0.84364	0.378	-0.115	-0.026
22/11/2004	033000.000	-0.261	-0.708	-3.004	0.125	2.000	6.000	3.000	0.87644	-0.771	-0.083	0.114	0.325	19.387	-2.550	0.096	1.000	1.000	1.000	0.85213	0.665	-0.113	-0.091
22/11/2004	040000.000	0.766	21.549	-0.328	0.143	3.000	2.000	6.000	0.86421	-0.781	-0.179	0.088	0.687	17.615	-2.406	0.129	1.000	1.000	1.000	0.84431	0.783	-0.117	-0.110
22/11/2004	043000.000	0.672	30.375	1.553	0.217	2.000	2.000	6.000	0.86035	-1.262	-0.083	0.011	0.207	33.323	-0.474	0.177	3.000	1.000	4.000	0.83978	0.685	-0.276	-0.065
22/11/2004	050000.000	-0.233	8.711	-0.071	0.107	6.000	1.000	9.000	0.88902	-0.756	0.170	0.065	0.256	61.950	1.240	0.190	6.000	1.000	1.000	0.87049	0.128	-0.300	0.061
22/11/2004	053000.000	0.538	-1.627	1.075	0.118	4.000	1.000	4.000	0.85311	-0.467	0.193	0.088	0.371	61.064	1.499	0.143	3.000	1.000	3.000	0.82963	-0.104	-0.256	0.104
22/11/2004	060000.000	-0.281	-17.021	1.054	0.114	3.000	1.000	1.000	0.88469	0.824	0.267	0.019	-0.080	35.685	-2.310	0.125	2.000	1.000	2.000	0.85998	-0.479	0.011	0.172
22/11/2004	063000.000	1.054	6.580	1.203	0.096	1.000	3.000	1.000	0.90923	-0.084	0.156	0.146	1.042	62.504	-1.093	0.136	2.000	1.000	1.000	0.87400	-0.163	-0.241	0.081
22/11/2004	070000.000	2.247	24.857	6.835	0.165	2.000	1.000	2.000	0.86948	-0.906	0.038	0.026	1.182	55.573	2.904	0.223	2.000	1.000	1.000	0.83444	0.134	-0.560	-0.033
22/11/2004	073000.000	1.216	18.033	3.088	0.161	1.000	2.000	3.000	0.85042	-0.752	0.256	0.013	1.395	69.224	2.762	0.192	1.000	1.000	1.000	0.82386	0.092	-0.477	-0.018
22/11/2004	080000.000	2.131	37.540	1.210	0.164	1.000	1.000	3.000	0.85014	-1.024	-0.007	-0.047	1.447	53.516	0.269	0.176	1.000	1.000	3.000	0.82764	0.439	-0.283	-0.043
22/11/2004	083000.000	2.120	50.597	-1.489	0.268	1.000	1.000	5.000	0.86731	-1.310	-0.088	0.017	1.607	78.088	-4.192	0.260	2.000	1.000	2.000	0.84923	0.465	-0.331	-0.014
22/11/2004	090000.000	0.176	16.594	3.333	0.105	3.000	4.000	3.000	0.86466	-0.612	0.229	0.162	2.418	89.746	4.509	0.195	1.000	1.000	1.000	0.84078	-0.309	-0.390	0.057
22/11/2004	093000.000	1.412	29.942	2.141	0.232	1.000	1.000	1.000	0.82877	-0.958	0.300	-0.001	1.431	78.406	5.910	0.231	1.000	1.000	1.000	0.80037	0.040	-0.588	-0.027
22/11/2004	100000.000	1.306	23.901	3.031	0.148	1.000	1.000	1.000	0.82495	-0.702	0.403	0.134	2.479	100.841	9.806	0.303	2.000	2.000	1.000	0.79540	-0.126	-0.717	-0.031
22/11/2004	103000.000	1.935	31.886	1.074	0.201	1.000	1.000	2.000	0.79514	-1.076	0.157	-0.022	1.522	80.435	3.084	0.258	1.000	1.000	1.000	0.77308	0.100	-0.640	-0.030
22/11/2004	110000.000	1.906	26.948	1.065	0.201	1.000	1.000	2.000	0.78475	-0.650	0.236	0.020	1.911	69.902	4.961	0.202	2.000	2.000	1.000	0.75715	0.111	-0.467	-0.042
22/11/2004	113000.000	2.365	38.951	4.549	0.200	1.000	2.000	2.000	0.78485	-0.732	0.167	0.045	1.891	81.162	3.200	0.189	2.000	2.000	3.000	0.75659	0.022	-0.411	0.004
22/11/2004	120000.000	1.677	38.854	1.391	0.192	2.000	2.000	3.000	0.78787	0.087	0.060	0.239	2.424	136.562	1.998	0.173	1.000	1.000	1.000	0.74909	-0.407	-0.175	0.023
22/11/2004	123000.000	1.497	29.407	1.148	0.139	1.000	1.000	4.000	0.76749	0.557	0.095	0.125	1.912	81.276	0.883	0.099	1.000	1.000	5.000	0.73722	-0.403	-0.092	0.097
22/11/2004	130000.000	1.930	28.831	0.509	0.116	1.000	1.000	6.000	0.76259	0.619	0.145	0.192	2.683	117.623	1.066	0.208	1.000	1.000	6.000	0.72837	-0.392	-0.174	0.129
22/11/2004	133000.000	1.803	21.823	1.913	0.200	1.000	1.000	6.000	0.75598	0.835	0.185	0.087	0.864	42.183	0.352	0.099	1.000	2.000	6.000	0.72493	-0.514	-0.101	0.109
22/11/2004	140000.000	1.675	25.489	0.876	0.129	2.000	2.000	3.000	0.75981	1.077	0.248	0.144	1.441	61.581	0.949	0.161	1.000	1.000	2.000	0.73060	-0.709	-0.052	0.172
22/11/2004	143000.000	1.605	22.170	3.704	0.082	1.000	1.000	2.000	0.75145	1.543	0.307	0.130	0.228	10.832	0.780	0.061	4.000	3.000	1.000	0.73879	-0.515	0.044	0.220
22/11/2004	150000.000	1.656	19.719	3.338	0.139	1.000	1.000	1.000	0.74853	1.631	0.357	0.112	0.422	13.348	0.521	0.069	1.000	1.000	3.000	0.73174	-0.737	0.009	0.230
22/11/2004	153000.000	0.475	4.113	-0.624	0.176	1.000	1.000	6.000	0.74865	1.466	0.381	0.309	0.534	12.950	1.650	0.043	1.000	1.000	4.000	0.72574	-1.181	0.063	0.373
22/11/2004	160000.000	0.857	6.950	1.650	0.224	1.000	1.000	4.000	0.74871	1.678	0.440	0.184	-0.033	4.053	-0.983	0.166	1.000	1.000	3.000	0.74326	-0.709	0.078	0.284
22/11/2004	163000.000	1.230	15.409	1.962	0.131	1.000	1.000	1.000	0.75916	1.615	0.402	0.137	0.232	15.030	1.324	0.084	2.000	1.000	1.000	0.76030	-0.349	0.069	0.175
22/11/2004	170000.000	2.255	24.722	3.436	0.124	1.000	1.000	1.000	0.80289	0.905	0.273	0.076	0.549	15.866	0.439	0.065	1.000	1.000	3.000	0.77529	-0.516	-0.005	0.226
22/11/2004	173000.000	1.357	8.993	1.972	0.096	1.000	1.000	3.000	0.83475	0.093	0.169	0.245	1.454	33.711	0.789	0.130	1.000	1.000	1.000	0.79140	-0.397	-0.132	0.170
22/11/2004	180000.000	0.064	0.785	-0.906	0.102	6.000	6.000	1.000	0.84828	-0.720	0.410	0.145	1.046	18.876	0.504	0.144	2.000	2.000	1.000	0.82550	-0.129	-0.385	-0.025
22/11/2004	183000.000	1.938	14.382	1.154	0.153	2.000	2.000	3.000	0.86013	-0.687	0.410	-0.000	1.602	27.539	0.316	0.172	1.000	1.000	2.000	0.82501	-0.024	-0.445	-0.049
22/11/2004	190000.000	0.325	1.392	-0.370	0.143	2.000	3.000	4.000	0.89419	-0.677	0.276	0.004	0.881	29.308	-1.223	0.120	2.000	2.000	4.000	0.87986	-0.119	-0.287	0.089
22/11/2004	193000.000	0.710	2.406	0.482	0.077	3.000	4.000	4.000	0.92436	-0.603	0.171	0.206	1.662	47.237	-1.366	0.116	1.000	1.000	1.000	0.90421	-0.141	-0.263	0.111
22/11/2004	200000.000	1.523	23.009	1.374	0.186	1.000	2.000	4.000	0.89662	-0.915	0.212	-0.243	0.646	20.719	0.060	0.149	1.000	2.000	3.000	0.88385	0.154	-0.365	-0.006
22/11/2004	203000.000	1.097	13.168	1.908	0.134	3.000	3.000	2.000	0.87612	-0.299	0.118	0.067	1.107	31.290	0.054	0.121	2.000	2.000	5.000	0.85437	-0.096	-0.247	0.014
22/11/2004	210000.000	0.174	0.292	0.046	0.065	2.000	7.000	5.000	0.85716	0.151	0.055	0.124	0.612	33.764	-1.487	0.072	1.000	3.000	6.000	0.83489	-0.292	-0.083	0.119
22/11/2004	213000.000	0.784	3.624	2.361	0.095	1.000	4.000	1.000	0.90523	1.125	0.233	-0.033	-0.283	24.393	-1.714	0.061	6.000	1.000	2.000	0.88189	-0.470	0.030	0.182
22/11/2004	220000.000	0.331	9.149	0.991	0.107	1.000	1.000	2.000	0.85051	1.103	0.212	-0.067	0.131	15.404	-0.394	0.079	4.000	1.000	6.000	0.82860	-0.357	0.005	0.131
22/11/2004	223000.000	-0.130	-3.046	-0.695	0.071	2.000	3.000	2.000	0.81225	0.799	0.190	-0.012	0.232	22.741	-1.524	0.110	2.000	1.000	1.000	0.79648	-0.560	-0.033	0.119
22/11/2004	230000.000	0.316	3.484	0.514	0.074	1.000	1.000	3.000	0.80862	1.015	0.135	-0.053	-0.069	12.523	-1.245	0.070	1.000	2.000	2.000	0.79406	-0.244	0.028	0.152
22/11/2004	233000.000	0.747	14.938	3.139	0.117	1.000	2.000	2.000	0.78034	1.107	0.211	-0.110	0.299	13.373	0.269	0.057	1.000	1.000	6.000	0.76688	-0.236	0.033	0.137
22/11/2004	(J+1)000000.000	0.202	1.073	0.166	0.083	1.000	2.000	4.000	0.77287	1.099	0.213	-0.117	0.036	8.625	-0.690	0.051	1.000	1.000	2.000	0.75795	-0.227	0.021	0.086
