09/12/2004	003000.000	+9999	15.145	+9999	0.098	+9999	1.000	+9999	0.78575	0.877	0.103	-0.044	+9999	14.559	+9999	0.082	+9999	1.000	+9999	0.76055	-0.086	0.038	0.096
09/12/2004	010000.000	+9999	10.658	+9999	0.100	+9999	3.000	+9999	+9999	0.287	-0.120	0.277	+9999	3.936	+9999	0.093	+9999	3.000	+9999	+9999	0.147	0.019	0.194
09/12/2004	013000.000	+9999	14.723	+9999	0.141	+9999	1.000	+9999	+9999	0.280	-0.136	0.263	+9999	4.509	+9999	0.046	+9999	2.000	+9999	+9999	0.308	0.012	0.145
09/12/2004	020000.000	+9999	2.086	+9999	0.150	+9999	1.000	+9999	+9999	0.534	-0.091	0.307	+9999	6.347	+9999	0.068	+9999	2.000	+9999	+9999	0.293	-0.054	0.160
09/12/2004	023000.000	+9999	8.946	+9999	0.063	+9999	2.000	+9999	0.77499	0.664	-0.038	0.118	+9999	10.082	+9999	0.037	+9999	1.000	+9999	+9999	-0.042	0.035	0.177
09/12/2004	030000.000	+9999	-0.751	+9999	0.042	+9999	4.000	+9999	0.79922	0.109	0.040	0.104	+9999	35.045	+9999	0.126	+9999	1.000	+9999	+9999	-0.120	-0.189	0.126
09/12/2004	033000.000	0.008	0.291	2.031	0.075	8.000	5.000	6.000	0.80888	0.195	0.062	0.161	+9999	47.423	+9999	0.184	+9999	1.000	+9999	+9999	-0.177	-0.257	0.097
09/12/2004	040000.000	-0.465	-4.967	-7.850	0.097	3.000	3.000	6.000	0.81495	0.747	0.223	0.032	+9999	41.047	+9999	0.150	+9999	1.000	+9999	+9999	-0.577	-0.021	0.113
09/12/2004	043000.000	-0.225	1.576	2.376	0.101	1.000	4.000	2.000	0.81049	0.953	0.198	-0.033	+9999	17.775	+9999	0.052	+9999	1.000	+9999	+9999	-0.478	-0.011	0.127
09/12/2004	050000.000	0.239	4.110	3.861	0.097	3.000	1.000	2.000	0.81954	0.884	0.215	-0.088	+9999	27.760	+9999	0.067	+9999	1.000	+9999	+9999	-0.469	-0.024	0.117
09/12/2004	053000.000	0.888	26.941	5.315	0.097	1.000	1.000	1.000	0.82169	1.080	0.006	0.007	+9999	10.279	+9999	0.054	+9999	1.000	+9999	0.80138	-0.415	0.050	0.144
09/12/2004	060000.000	0.361	-3.349	0.565	0.100	2.000	1.000	5.000	0.81750	0.764	0.209	-0.058	0.130	25.005	0.258	0.110	5.000	1.000	9.000	0.79498	-0.572	-0.037	0.113
09/12/2004	063000.000	0.882	-0.682	3.217	0.076	3.000	7.000	3.000	0.84771	0.407	0.159	0.157	0.495	72.378	4.328	0.102	6.000	1.000	1.000	0.81009	-0.372	-0.107	0.099
09/12/2004	070000.000	1.211	4.509	2.988	0.113	1.000	3.000	3.000	0.85200	-0.389	0.139	0.243	1.905	66.601	11.834	0.122	1.000	2.000	1.000	0.81498	-0.137	-0.286	0.115
09/12/2004	073000.000	1.578	37.617	3.806	0.101	1.000	1.000	1.000	0.88414	0.908	0.077	-0.046	0.333	17.341	0.442	0.036	1.000	1.000	4.000	0.86005	-0.427	-0.007	0.172
09/12/2004	080000.000	1.298	24.548	2.088	0.081	1.000	1.000	3.000	0.89282	0.871	0.038	-0.109	0.054	23.289	-1.179	0.036	9.000	1.000	3.000	0.86827	-0.559	-0.002	0.172
09/12/2004	083000.000	1.522	44.499	4.847	0.148	1.000	1.000	3.000	0.89739	0.518	-0.119	0.104	0.510	14.583	1.013	0.096	1.000	1.000	3.000	0.88581	-0.134	0.032	0.209
09/12/2004	090000.000	0.988	26.124	3.253	0.118	1.000	1.000	1.000	0.88062	0.055	-0.128	0.146	1.085	41.628	0.308	0.055	1.000	2.000	3.000	0.87812	-0.171	-0.065	0.194
09/12/2004	093000.000	1.437	28.575	4.227	0.095	2.000	1.000	2.000	0.91896	0.565	0.016	0.162	0.896	57.266	1.080	0.153	1.000	1.000	3.000	0.89366	-0.553	-0.054	0.209
09/12/2004	100000.000	3.396	82.128	7.074	0.189	1.000	1.000	1.000	0.91281	1.165	-0.017	0.151	0.549	20.467	-0.904	0.055	1.000	1.000	1.000	0.89255	-0.392	0.074	0.182
09/12/2004	103000.000	5.235	94.792	15.053	0.159	1.000	1.000	1.000	0.88215	0.685	-0.049	0.049	0.966	23.647	-1.708	0.067	1.000	1.000	4.000	0.87098	-0.295	0.084	0.135
09/12/2004	110000.000	2.922	70.079	54.466	0.101	2.000	2.000	4.000	0.85769	0.812	-0.011	0.146	0.892	27.736	4.276	0.102	1.000	2.000	4.000	0.84486	-0.181	0.040	0.192
09/12/2004	113000.000	2.033	45.812	0.470	0.095	1.000	1.000	9.000	0.83344	1.266	0.158	-0.000	0.414	11.492	-2.301	0.138	5.000	5.000	4.000	0.82012	-0.499	0.074	0.249
09/12/2004	120000.000	2.393	77.862	7.958	0.136	1.000	1.000	1.000	0.81981	1.015	0.009	-0.001	1.062	20.064	1.885	0.129	1.000	1.000	3.000	0.81744	-0.324	0.040	0.223
09/12/2004	123000.000	2.229	64.756	7.668	0.144	1.000	1.000	1.000	0.81947	0.918	0.080	0.023	1.084	53.548	5.512	0.101	1.000	1.000	2.000	0.80109	-0.426	0.054	0.177
09/12/2004	130000.000	2.372	74.929	19.535	0.248	2.000	2.000	2.000	0.80081	0.260	-0.229	-0.045	0.740	16.902	1.912	0.145	1.000	1.000	3.000	0.79027	-0.032	0.030	0.176
09/12/2004	133000.000	2.768	71.987	4.079	0.125	1.000	2.000	6.000	0.78261	-0.041	-0.043	-0.039	1.540	68.811	6.780	0.127	1.000	1.000	4.000	0.75549	0.069	-0.059	0.040
09/12/2004	140000.000	2.157	62.204	4.323	0.164	1.000	1.000	4.000	0.79095	1.323	0.010	-0.046	0.398	20.012	1.273	0.116	1.000	1.000	6.000	0.77592	-0.528	0.041	0.226
09/12/2004	143000.000	1.560	32.139	2.666	0.169	1.000	1.000	1.000	0.78983	1.187	0.257	0.060	0.302	16.186	0.394	0.162	2.000	3.000	8.000	0.77264	-0.581	0.041	0.236
09/12/2004	150000.000	0.085	-7.356	-4.654	0.191	6.000	3.000	1.000	0.79452	1.500	0.374	0.176	1.713	55.875	6.303	0.127	1.000	1.000	1.000	0.76310	-0.913	0.053	0.247
09/12/2004	153000.000	1.756	32.373	2.332	0.111	1.000	1.000	4.000	0.78616	1.503	0.392	0.082	-0.029	17.347	-0.389	0.156	7.000	2.000	3.000	0.77511	-0.563	0.065	0.210
09/12/2004	160000.000	3.654	66.924	4.818	0.137	1.000	1.000	1.000	0.78822	1.315	0.172	0.109	-0.114	6.277	-2.450	0.178	6.000	6.000	3.000	0.77318	-0.622	0.042	0.270
09/12/2004	163000.000	2.333	36.251	2.951	0.082	1.000	1.000	1.000	0.80263	1.167	0.184	0.069	-0.251	27.168	0.370	0.067	3.000	1.000	2.000	0.77823	-0.727	0.042	0.264
09/12/2004	170000.000	1.237	9.400	1.421	0.169	1.000	1.000	1.000	0.80030	1.385	0.399	0.091	0.396	28.122	0.051	0.072	4.000	1.000	9.000	0.77815	-0.636	0.060	0.283
09/12/2004	173000.000	1.396	16.982	-0.392	0.170	1.000	1.000	4.000	0.81342	1.432	0.372	0.117	0.552	24.473	0.409	0.088	1.000	1.000	1.000	0.78833	-0.633	0.083	0.265
09/12/2004	180000.000	0.964	20.435	0.382	0.162	2.000	1.000	7.000	0.80218	1.519	0.361	0.071	0.401	25.902	0.304	0.110	1.000	1.000	6.000	0.78925	-0.662	0.015	0.264
09/12/2004	183000.000	0.177	6.404	-0.234	0.186	3.000	2.000	3.000	0.80924	1.504	0.337	0.087	0.196	22.258	-1.460	0.096	4.000	1.000	1.000	0.78791	-0.817	0.063	0.338
09/12/2004	190000.000	-0.073	5.483	-1.366	0.192	3.000	1.000	2.000	0.79300	1.571	0.404	0.077	0.361	22.979	-0.473	0.073	1.000	1.000	4.000	0.77491	-0.779	0.050	0.338
09/12/2004	193000.000	0.520	12.033	-0.736	0.145	1.000	2.000	6.000	0.77539	1.880	0.406	0.105	0.205	29.347	-0.428	0.110	5.000	1.000	4.000	0.76630	-0.489	0.061	0.217
09/12/2004	200000.000	0.139	-2.640	-2.828	0.182	2.000	2.000	4.000	0.77332	1.502	0.433	0.073	-0.171	38.802	-0.875	0.051	1.000	1.000	2.000	0.76144	-0.346	0.086	0.193
09/12/2004	203000.000	0.317	5.453	-0.631	0.114	1.000	1.000	1.000	0.76840	1.227	0.331	0.007	0.187	23.536	-0.357	0.126	6.000	2.000	3.000	0.75079	-0.589	0.006	0.239
09/12/2004	210000.000	1.262	13.569	4.411	0.083	2.000	3.000	4.000	0.77353	0.552	0.152	0.166	0.449	67.186	-0.112	0.190	3.000	1.000	8.000	0.74126	-0.528	-0.155	0.112
09/12/2004	213000.000	1.071	24.715	0.311	0.143	1.000	1.000	5.000	0.76932	1.194	0.191	-0.066	0.990	47.407	-0.685	0.118	1.000	1.000	4.000	0.75243	-0.126	0.044	0.159
09/12/2004	220000.000	0.974	38.059	-0.443	0.132	1.000	1.000	3.000	0.76435	1.274	0.251	-0.156	0.359	27.324	-0.859	0.045	1.000	1.000	1.000	0.75602	-0.105	0.089	0.136
09/12/2004	223000.000	0.505	22.440	2.652	0.074	2.000	1.000	5.000	0.75934	1.090	0.083	-0.091	0.152	22.818	-0.871	0.053	4.000	1.000	3.000	0.74199	-0.184	0.039	0.134
09/12/2004	230000.000	0.884	31.852	-2.073	0.034	1.000	1.000	1.000	0.76116	1.054	-0.005	0.020	0.237	16.059	-0.707	0.113	1.000	1.000	2.000	0.74515	-0.395	0.058	0.175
09/12/2004	233000.000	0.713	29.061	2.883	0.096	2.000	2.000	5.000	0.76145	1.147	0.020	-0.019	0.058	10.902	-0.856	0.035	1.000	1.000	2.000	0.74313	-0.408	0.048	0.116
09/12/2004	(J+1)000000.000	0.932	38.803	-0.043	0.143	1.000	1.000	6.000	0.75694	1.389	0.085	-0.041	0.207	13.287	-0.420	0.063	1.000	1.000	1.000	0.73651	-0.184	0.049	0.133
