04/11/2004	003000.000	0.702	19.375	16.155	0.173	3.000	3.000	1.000	0.84397	-0.903	0.243	0.068	0.484	34.671	12.086	0.249	2.000	1.000	2.000	0.82057	0.115	-0.650	-0.085
04/11/2004	010000.000	-0.039	4.027	41.994	0.175	5.000	3.000	2.000	0.83421	-0.724	0.457	0.106	0.372	36.686	9.306	0.258	3.000	1.000	1.000	0.80176	0.010	-0.603	-0.047
04/11/2004	013000.000	0.199	1.491	3.809	0.045	1.000	4.000	1.000	0.82224	-0.623	0.218	0.136	0.333	31.050	4.600	0.204	1.000	1.000	3.000	0.78758	-0.040	-0.485	-0.064
04/11/2004	020000.000	0.212	12.663	1.801	0.106	3.000	3.000	6.000	0.79851	-0.823	0.117	0.039	0.202	23.333	0.989	0.149	2.000	1.000	6.000	0.77786	0.150	-0.465	-0.102
04/11/2004	023000.000	0.108	7.976	-2.144	0.089	2.000	2.000	1.000	0.81571	-0.208	0.132	0.073	0.089	45.861	0.551	0.098	3.000	2.000	6.000	0.79813	-0.185	-0.281	0.051
04/11/2004	030000.000	0.180	10.262	6.733	0.139	1.000	2.000	2.000	0.83899	-0.829	0.431	0.085	0.253	46.945	4.794	0.232	3.000	1.000	2.000	0.81854	0.016	-0.684	-0.063
04/11/2004	033000.000	0.283	25.667	13.224	0.211	3.000	2.000	3.000	0.82990	-0.966	0.248	-0.001	0.394	34.917	8.057	0.242	2.000	1.000	2.000	0.80909	0.139	-0.708	-0.124
04/11/2004	040000.000	0.010	6.051	-1.624	0.083	9.000	1.000	4.000	0.82469	0.141	0.122	0.115	0.038	49.563	-3.926	0.121	4.000	1.000	2.000	0.80389	-0.245	-0.143	0.097
04/11/2004	043000.000	0.029	-9.383	0.666	0.054	1.000	2.000	2.000	0.84544	0.131	0.202	0.185	0.193	46.654	-2.722	0.169	3.000	1.000	1.000	0.81902	-0.412	-0.192	0.044
04/11/2004	050000.000	0.487	21.472	7.102	0.142	1.000	1.000	2.000	0.82655	-0.907	0.363	0.097	0.550	60.277	6.223	0.263	1.000	1.000	1.000	0.80411	0.025	-0.766	-0.105
04/11/2004	053000.000	0.206	10.302	3.120	0.132	2.000	2.000	5.000	0.80560	-0.660	0.401	0.196	0.552	84.486	10.031	0.293	2.000	1.000	2.000	0.78238	-0.112	-0.627	0.019
04/11/2004	060000.000	1.150	30.845	15.091	0.216	2.000	1.000	1.000	0.80468	-0.824	0.315	-0.052	0.464	43.651	15.515	0.230	2.000	1.000	1.000	0.78186	0.248	-0.685	-0.085
04/11/2004	063000.000	0.964	11.157	3.009	0.149	1.000	1.000	5.000	0.82118	-0.783	0.275	0.089	0.697	37.919	9.675	0.219	1.000	1.000	1.000	0.79103	0.013	-0.555	-0.065
04/11/2004	070000.000	1.975	19.328	12.948	0.062	1.000	1.000	2.000	0.84046	-0.682	0.020	0.108	0.658	46.157	5.703	0.148	2.000	3.000	2.000	0.81092	0.284	-0.206	0.029
04/11/2004	073000.000	1.659	29.288	-0.428	0.139	1.000	1.000	7.000	0.86304	-0.712	-0.232	0.104	1.631	42.484	-9.178	0.141	2.000	2.000	1.000	0.83541	0.635	-0.057	0.014
04/11/2004	080000.000	2.319	40.106	0.475	0.151	1.000	1.000	1.000	0.88294	-0.996	0.031	-0.019	1.255	43.639	-0.297	0.166	1.000	1.000	7.000	0.85156	0.367	-0.378	-0.074
04/11/2004	083000.000	1.194	7.731	-1.427	0.181	3.000	2.000	8.000	0.86746	-0.922	0.426	0.077	1.213	79.711	11.329	0.267	3.000	2.000	2.000	0.84329	0.114	-0.747	-0.040
04/11/2004	090000.000	1.962	40.989	23.083	0.159	1.000	1.000	2.000	0.83818	-0.820	0.037	0.078	1.036	66.978	14.073	0.169	2.000	2.000	3.000	0.80904	0.077	-0.394	0.002
04/11/2004	093000.000	1.636	34.056	-11.098	0.114	1.000	1.000	6.000	0.81982	-0.661	0.173	0.103	1.454	77.112	-1.129	0.155	2.000	2.000	6.000	0.79030	0.064	-0.347	0.015
04/11/2004	100000.000	0.807	18.072	-5.679	0.067	3.000	2.000	6.000	0.82773	-0.584	0.135	0.185	2.228	96.744	7.748	0.186	1.000	1.000	1.000	0.80035	-0.334	-0.299	0.108
04/11/2004	103000.000	0.384	-0.140	2.336	0.152	4.000	9.000	6.000	0.80695	-0.288	0.230	0.238	2.438	123.315	40.674	0.243	1.000	1.000	1.000	0.77356	-0.387	-0.343	-0.021
04/11/2004	110000.000	2.239	74.733	-0.020	0.147	1.000	2.000	9.000	0.77232	-0.680	0.083	0.126	1.664	129.814	20.269	0.167	1.000	1.000	1.000	0.74316	-0.032	-0.320	0.024
04/11/2004	113000.000	1.959	62.721	6.902	0.104	3.000	3.000	6.000	0.76752	-0.393	0.074	0.157	1.544	103.160	8.080	0.104	1.000	1.000	1.000	0.73465	-0.018	-0.242	0.024
04/11/2004	120000.000	0.813	21.779	8.126	0.136	1.000	1.000	2.000	0.75354	-0.548	0.152	0.285	1.986	150.618	19.078	0.214	2.000	2.000	1.000	0.72739	-0.253	-0.336	0.145
04/11/2004	123000.000	1.139	32.199	-0.018	0.184	1.000	2.000	6.000	0.75030	0.220	0.148	0.258	2.392	142.740	20.390	0.242	1.000	1.000	1.000	0.72107	-0.522	-0.251	0.101
04/11/2004	130000.000	1.144	10.562	-5.315	0.144	1.000	3.000	1.000	0.74000	0.984	0.320	0.190	1.227	50.630	7.984	0.167	1.000	1.000	3.000	0.71446	-0.815	0.001	0.185
04/11/2004	133000.000	0.825	13.692	-3.334	0.110	1.000	1.000	2.000	0.73526	1.301	0.307	0.100	0.765	52.934	11.790	0.077	1.000	1.000	1.000	0.71736	-0.807	-0.022	0.201
04/11/2004	140000.000	1.639	13.409	-1.230	0.170	1.000	2.000	2.000	0.73194	1.809	0.407	0.164	0.780	11.615	2.609	0.163	1.000	2.000	3.000	0.71484	-0.891	0.009	0.316
04/11/2004	143000.000	1.784	20.834	-0.496	0.210	1.000	1.000	3.000	0.73321	2.050	0.438	0.208	0.035	-1.598	-1.864	0.215	8.000	6.000	1.000	0.71473	-0.987	0.065	0.342
04/11/2004	150000.000	2.519	39.800	2.979	0.169	1.000	1.000	3.000	0.72733	2.228	0.481	0.220	0.215	11.080	-0.536	0.157	4.000	1.000	6.000	0.71684	-0.645	0.061	0.264
04/11/2004	153000.000	0.639	-3.873	-1.643	0.195	1.000	2.000	2.000	0.73510	1.563	0.386	0.241	0.625	11.428	0.183	0.141	1.000	2.000	6.000	0.70774	-1.225	0.024	0.266
04/11/2004	160000.000	1.937	16.817	-0.957	0.184	1.000	1.000	7.000	0.75018	1.384	0.405	0.288	0.524	17.666	3.450	0.198	3.000	2.000	4.000	0.71083	-1.419	0.011	0.287
04/11/2004	163000.000	0.386	-3.588	-2.904	0.251	4.000	5.000	3.000	0.74459	1.534	0.461	0.232	0.524	10.555	-0.833	0.150	1.000	1.000	1.000	0.71826	-1.000	0.067	0.339
04/11/2004	170000.000	0.617	-0.368	3.667	0.171	1.000	5.000	2.000	0.76172	1.121	0.341	0.113	1.005	16.229	0.388	0.134	1.000	1.000	4.000	0.73850	-0.855	-0.012	0.222
04/11/2004	173000.000	2.219	16.346	2.996	0.129	1.000	2.000	1.000	0.77632	0.991	0.291	0.145	1.638	27.876	-0.049	0.195	1.000	1.000	8.000	0.74401	-0.881	-0.027	0.143
04/11/2004	180000.000	0.556	14.723	-0.128	0.132	2.000	1.000	7.000	0.76834	1.086	0.308	0.119	0.566	12.787	-1.690	0.064	2.000	1.000	1.000	0.75565	-0.585	0.012	0.213
04/11/2004	183000.000	2.674	17.470	2.679	0.115	2.000	2.000	2.000	0.80753	0.560	0.181	0.112	1.488	22.615	-2.184	0.146	1.000	1.000	1.000	0.76182	-0.591	-0.040	0.133
04/11/2004	190000.000	0.862	3.902	2.038	0.066	2.000	3.000	1.000	0.80417	0.511	0.174	0.151	1.086	15.226	-1.917	0.151	2.000	2.000	1.000	0.77361	-0.468	-0.091	0.136
04/11/2004	193000.000	0.323	1.154	0.099	0.093	1.000	2.000	8.000	0.83845	-0.328	0.018	0.246	1.477	29.724	-1.711	0.099	2.000	3.000	2.000	0.82583	-0.086	-0.275	0.135
04/11/2004	200000.000	0.158	-0.147	-0.312	0.117	4.000	7.000	6.000	0.82851	-0.334	0.010	0.251	1.029	29.636	-2.116	0.083	3.000	3.000	3.000	0.81126	-0.090	-0.195	0.094
04/11/2004	203000.000	0.760	8.802	0.072	0.084	3.000	3.000	3.000	0.86093	-0.666	0.116	0.180	0.915	34.632	-3.711	0.096	3.000	2.000	2.000	0.83977	-0.047	-0.307	0.029
04/11/2004	210000.000	1.463	3.732	-2.064	0.115	1.000	4.000	2.000	0.86422	-0.582	-0.033	0.051	0.765	11.988	-1.811	0.079	3.000	3.000	2.000	0.83845	0.074	-0.204	0.056
04/11/2004	213000.000	0.681	2.916	-1.468	0.108	1.000	4.000	6.000	0.85348	-0.793	0.180	-0.082	0.759	30.757	-3.538	0.181	1.000	2.000	1.000	0.83854	0.020	-0.426	0.028
04/11/2004	220000.000	0.665	11.315	-0.609	0.201	1.000	1.000	6.000	0.82053	-0.819	0.343	-0.108	0.464	13.335	-1.659	0.215	1.000	1.000	2.000	0.80301	0.159	-0.522	-0.066
04/11/2004	223000.000	1.057	13.229	3.353	0.219	1.000	1.000	1.000	0.81993	-0.903	0.300	-0.099	0.280	10.800	-0.575	0.216	1.000	1.000	1.000	0.79596	0.154	-0.601	-0.087
04/11/2004	230000.000	0.647	3.251	1.770	0.177	1.000	3.000	3.000	0.80012	-0.952	0.531	0.111	0.629	17.170	-0.133	0.308	2.000	2.000	7.000	0.77762	0.025	-0.856	-0.131
04/11/2004	233000.000	0.148	-0.336	-0.245	0.103	3.000	7.000	6.000	0.81734	-0.627	0.304	0.172	0.374	36.758	-3.664	0.204	2.000	1.000	2.000	0.79271	-0.060	-0.463	0.034
04/11/2004	(J+1)000000.000	0.582	22.534	-3.065	0.298	2.000	1.000	6.000	0.82490	-1.078	0.361	-0.219	0.264	16.832	-2.044	0.254	2.000	2.000	4.000	0.79951	0.354	-0.852	-0.176
