05/02/2005	003000.000	0.313	2.586	0.529	0.234	3.000	5.000	3.000	0.79623	-0.776	0.287	0.082	0.535	43.590	2.436	0.248	3.000	1.000	2.000	0.76997	-0.021	-0.715	-0.067
05/02/2005	010000.000	0.009	28.410	1.481	0.208	2.000	1.000	2.000	0.83452	-1.395	-0.132	-0.049	0.102	28.594	0.934	0.222	7.000	1.000	1.000	0.80781	0.685	-0.324	-0.086
05/02/2005	013000.000	0.840	23.019	0.075	0.124	4.000	2.000	7.000	0.88056	-1.132	-0.252	0.071	0.088	34.222	0.453	0.183	7.000	1.000	4.000	0.85241	0.805	-0.213	-0.006
05/02/2005	020000.000	0.224	16.990	0.335	0.165	3.000	2.000	5.000	0.82848	-0.891	-0.337	0.138	0.911	37.982	2.194	0.212	2.000	1.000	3.000	0.80205	0.931	-0.012	-0.065
05/02/2005	023000.000	0.325	29.753	0.819	0.209	5.000	2.000	4.000	0.82173	-0.993	-0.404	0.222	0.331	32.341	0.746	0.225	1.000	1.000	1.000	0.79658	0.866	-0.074	0.048
05/02/2005	030000.000	0.253	13.245	0.063	0.128	1.000	1.000	7.000	0.81772	-0.915	-0.094	0.056	0.456	40.276	0.470	0.156	1.000	1.000	1.000	0.79023	0.510	-0.205	-0.019
05/02/2005	033000.000	0.645	21.185	1.608	0.041	3.000	3.000	4.000	0.80707	-0.735	-0.195	-0.059	0.436	31.286	0.866	0.114	1.000	1.000	1.000	0.78255	0.493	-0.129	-0.015
05/02/2005	040000.000	0.250	4.294	-0.333	0.157	6.000	2.000	1.000	0.80520	-1.011	-0.165	0.026	0.592	48.731	0.701	0.153	1.000	1.000	1.000	0.77493	0.815	-0.056	-0.103
05/02/2005	043000.000	0.392	22.917	0.919	0.134	2.000	2.000	4.000	0.81166	-0.893	-0.199	0.148	0.298	34.621	0.385	0.181	2.000	1.000	4.000	0.78662	0.858	-0.048	-0.107
05/02/2005	050000.000	0.527	18.323	0.256	0.080	2.000	1.000	5.000	0.83632	-1.059	-0.084	0.067	0.560	50.242	0.526	0.178	2.000	1.000	4.000	0.80557	0.742	-0.174	-0.091
05/02/2005	053000.000	0.204	13.115	0.435	0.085	1.000	1.000	1.000	0.84970	-0.928	-0.137	0.044	1.020	78.646	1.176	0.134	1.000	1.000	1.000	0.81359	0.758	0.002	-0.105
05/02/2005	060000.000	0.250	11.515	0.035	0.098	2.000	1.000	5.000	0.84921	-0.995	-0.112	0.030	0.482	58.108	0.082	0.113	1.000	1.000	6.000	0.81946	0.574	-0.157	-0.010
05/02/2005	063000.000	0.664	8.107	0.275	0.137	1.000	1.000	2.000	0.84751	-0.928	-0.163	-0.001	1.271	111.547	0.822	0.111	1.000	1.000	2.000	0.81378	0.582	-0.118	-0.031
05/02/2005	070000.000	0.838	15.010	-0.525	0.112	1.000	1.000	2.000	0.87908	-0.279	-0.118	0.173	0.552	64.531	-1.100	0.074	3.000	1.000	3.000	0.84357	-0.019	-0.094	0.087
05/02/2005	073000.000	0.317	1.789	0.468	0.072	6.000	6.000	6.000	0.94481	0.226	-0.013	0.117	1.039	76.688	-1.545	0.120	3.000	1.000	1.000	0.89670	-0.228	-0.172	0.204
05/02/2005	080000.000	1.463	25.985	-0.534	0.095	3.000	2.000	5.000	0.91952	-0.444	-0.096	0.152	1.002	88.896	2.511	0.134	4.000	2.000	5.000	0.87558	0.187	-0.243	0.035
05/02/2005	083000.000	1.709	32.100	4.189	0.107	1.000	1.000	1.000	0.86320	-0.953	-0.204	0.171	1.186	83.783	3.675	0.150	1.000	1.000	1.000	0.83092	0.851	-0.053	-0.022
05/02/2005	090000.000	0.325	6.409	-0.283	0.154	5.000	1.000	6.000	0.85759	-1.133	-0.211	0.207	1.266	88.392	5.439	0.206	2.000	1.000	2.000	0.81863	1.361	0.044	-0.227
05/02/2005	093000.000	1.745	78.211	5.687	0.204	2.000	2.000	3.000	0.80758	-0.595	-0.354	0.072	1.413	84.014	4.286	0.167	3.000	2.000	3.000	0.78922	0.765	-0.024	0.072
05/02/2005	100000.000	1.577	57.782	5.721	0.122	2.000	2.000	3.000	0.78412	-0.858	-0.239	0.140	1.274	113.048	6.996	0.215	1.000	1.000	1.000	0.75500	0.705	-0.129	-0.021
05/02/2005	103000.000	0.675	44.798	1.392	0.117	1.000	1.000	1.000	0.76332	-0.625	-0.339	0.220	0.962	81.549	4.413	0.162	1.000	1.000	1.000	0.73927	0.943	-0.032	0.005
05/02/2005	110000.000	2.683	128.798	7.548	0.314	2.000	1.000	2.000	0.75083	-0.893	-0.562	-0.145	2.670	142.404	9.086	0.183	2.000	3.000	4.000	0.72969	0.847	-0.008	0.006
05/02/2005	113000.000	3.627	174.629	7.529	0.457	1.000	1.000	1.000	0.74300	-0.985	-0.773	-0.127	2.109	140.626	5.309	0.285	1.000	1.000	1.000	0.72309	1.137	0.038	0.118
05/02/2005	120000.000	3.027	178.792	6.597	0.436	1.000	1.000	1.000	0.73489	-0.930	-0.763	-0.026	1.704	131.975	4.245	0.193	1.000	1.000	1.000	0.71169	1.019	-0.032	0.127
05/02/2005	123000.000	1.517	132.689	7.079	0.376	1.000	1.000	1.000	0.72816	-1.165	-0.683	0.159	1.454	145.506	3.638	0.369	2.000	1.000	1.000	0.70199	1.488	-0.027	-0.041
05/02/2005	130000.000	3.451	173.289	16.326	0.401	2.000	2.000	1.000	0.72319	-0.926	-0.773	-0.052	1.130	88.310	5.409	0.268	1.000	1.000	3.000	0.69987	0.671	0.044	0.131
05/02/2005	133000.000	1.782	105.365	2.462	0.422	1.000	1.000	7.000	0.72330	-0.912	-0.678	0.152	1.311	111.270	5.786	0.318	1.000	1.000	2.000	0.69600	1.338	0.014	0.099
05/02/2005	140000.000	4.069	181.530	12.524	0.526	2.000	2.000	4.000	0.72176	-0.923	-1.145	-0.105	1.432	78.347	-1.582	0.213	1.000	1.000	6.000	0.70110	0.763	0.053	0.199
05/02/2005	143000.000	3.433	126.415	19.301	0.483	1.000	1.000	3.000	0.72231	-0.973	-0.917	0.024	1.950	98.910	6.813	0.298	1.000	1.000	1.000	0.69839	1.198	-0.059	0.140
05/02/2005	150000.000	2.851	82.478	11.127	0.465	1.000	1.000	1.000	0.71778	-1.269	-1.026	0.014	2.117	93.409	6.917	0.383	1.000	1.000	1.000	0.69249	1.672	-0.006	0.101
05/02/2005	153000.000	4.383	102.129	28.239	0.579	2.000	2.000	3.000	0.72145	-0.814	-0.993	0.007	1.822	49.543	7.301	0.249	1.000	1.000	2.000	0.70356	0.806	0.027	0.242
05/02/2005	160000.000	3.534	64.463	23.561	0.538	1.000	1.000	2.000	0.71512	-1.478	-1.343	-0.039	2.183	63.458	10.467	0.393	1.000	1.000	1.000	0.69629	1.690	0.021	0.056
05/02/2005	163000.000	3.164	45.722	9.995	0.510	1.000	1.000	1.000	0.72136	-1.601	-0.933	0.128	2.327	58.097	5.409	0.425	1.000	1.000	2.000	0.69644	2.063	-0.085	-0.026
05/02/2005	170000.000	3.301	46.689	8.144	0.471	1.000	1.000	1.000	0.72952	-1.640	-0.731	0.242	2.407	50.713	5.178	0.455	1.000	1.000	2.000	0.70083	2.023	-0.077	-0.027
05/02/2005	173000.000	3.223	36.063	7.227	0.493	1.000	1.000	1.000	0.73322	-1.414	-0.773	0.193	3.084	51.248	7.066	0.454	1.000	1.000	1.000	0.70785	2.059	0.038	-0.076
05/02/2005	180000.000	2.798	28.809	8.643	0.476	1.000	1.000	1.000	0.73850	-1.382	-0.803	0.220	2.380	34.653	7.340	0.444	1.000	1.000	1.000	0.71283	2.337	0.060	-0.083
05/02/2005	183000.000	3.519	31.294	5.793	0.563	1.000	1.000	1.000	0.74054	-1.487	-1.040	0.203	1.953	29.338	2.955	0.400	1.000	1.000	2.000	0.71481	2.408	0.080	-0.050
05/02/2005	190000.000	1.929	17.225	1.042	0.446	1.000	1.000	1.000	0.74073	-1.261	-0.866	0.228	1.646	23.719	1.340	0.409	1.000	1.000	1.000	0.71650	2.248	0.074	-0.064
05/02/2005	193000.000	2.338	18.892	-3.038	0.540	1.000	1.000	1.000	0.73751	-1.374	-1.031	0.110	1.919	21.048	-1.095	0.471	1.000	1.000	1.000	0.71494	2.251	0.094	-0.036
05/02/2005	200000.000	2.200	19.537	-1.246	0.501	1.000	1.000	1.000	0.73825	-1.392	-0.853	0.229	1.226	14.334	-1.273	0.438	1.000	1.000	1.000	0.71105	2.424	0.055	-0.115
05/02/2005	203000.000	1.898	14.033	-1.432	0.404	1.000	1.000	1.000	0.73862	-1.364	-0.587	0.290	1.325	13.160	-1.015	0.343	1.000	1.000	1.000	0.71230	2.156	0.041	-0.147
05/02/2005	210000.000	1.107	8.664	-1.054	0.309	1.000	1.000	1.000	0.74288	-1.217	-0.456	0.210	1.240	14.400	-1.119	0.313	1.000	1.000	1.000	0.71480	1.781	0.028	-0.141
05/02/2005	213000.000	1.510	5.922	-1.037	0.294	3.000	2.000	3.000	0.75632	-0.085	-0.375	0.151	0.400	8.591	0.177	0.104	1.000	2.000	8.000	0.73511	0.370	-0.004	0.147
05/02/2005	220000.000	0.529	3.190	4.247	0.111	3.000	4.000	3.000	0.76350	-0.256	-0.209	0.180	0.256	7.455	-0.522	0.090	2.000	1.000	5.000	0.74254	0.382	-0.018	0.108
05/02/2005	223000.000	1.052	1.763	6.314	0.104	1.000	1.000	2.000	0.77812	-0.412	-0.150	0.195	0.531	13.763	2.904	0.093	2.000	1.000	4.000	0.75240	0.607	-0.067	0.002
05/02/2005	230000.000	0.411	2.733	-0.926	0.194	1.000	1.000	6.000	0.76453	0.059	-0.191	0.250	0.408	6.713	0.256	0.083	1.000	3.000	6.000	0.75554	0.190	0.003	0.148
05/02/2005	233000.000	1.764	9.911	3.772	0.155	3.000	4.000	4.000	0.76415	-0.411	-0.426	0.026	0.253	-2.480	0.275	0.064	1.000	3.000	3.000	0.74794	0.345	0.017	0.094
05/02/2005	(J+1)000000.000	1.039	2.153	-10.203	0.362	2.000	2.000	2.000	0.74792	-0.682	-0.950	0.129	0.316	-8.990	-1.230	0.086	1.000	1.000	2.000	0.72840	0.640	0.092	0.237
