01/01/2005	003000.000	-0.050	-5.909	-0.573	0.151	6.000	1.000	4.000	0.73645	-0.739	0.288	0.313	1.042	53.386	1.181	0.306	1.000	1.000	1.000	0.70806	-0.294	-0.580	0.035
01/01/2005	010000.000	0.094	1.076	0.124	0.069	2.000	3.000	7.000	0.74467	0.316	0.183	0.185	0.852	44.975	1.472	0.189	2.000	2.000	3.000	0.71047	-0.436	-0.202	0.068
01/01/2005	013000.000	-0.207	-0.972	-1.012	0.086	4.000	4.000	3.000	0.74245	0.892	0.243	0.020	0.308	32.185	0.090	0.153	3.000	1.000	7.000	0.71191	-0.668	-0.004	0.175
01/01/2005	020000.000	0.317	-23.190	4.732	0.117	2.000	1.000	1.000	0.74742	0.618	0.257	0.091	0.433	50.544	-1.117	0.188	1.000	1.000	2.000	0.71226	-0.613	-0.070	0.131
01/01/2005	023000.000	0.420	-12.195	2.638	0.140	1.000	1.000	1.000	0.75162	0.523	0.240	0.217	1.047	56.798	2.111	0.274	2.000	2.000	3.000	0.71655	-0.599	-0.164	0.076
01/01/2005	030000.000	-0.084	-9.557	-0.237	0.043	2.000	1.000	4.000	0.75045	0.322	0.247	0.185	0.690	49.270	-0.433	0.216	1.000	1.000	1.000	0.71587	-0.545	-0.114	0.180
01/01/2005	033000.000	-0.145	-11.787	0.814	0.062	3.000	1.000	3.000	0.73522	0.917	0.284	0.181	0.419	45.020	-1.614	0.225	1.000	1.000	1.000	0.70497	-0.681	-0.071	0.135
01/01/2005	040000.000	0.186	-13.946	2.079	0.121	3.000	1.000	2.000	0.73936	0.766	0.250	0.186	0.780	61.312	-1.321	0.249	1.000	1.000	2.000	0.70958	-0.642	-0.174	0.069
01/01/2005	043000.000	-0.216	-21.868	1.323	0.077	1.000	1.000	1.000	0.73328	1.100	0.410	0.177	0.293	42.093	-2.446	0.260	4.000	1.000	1.000	0.70018	-0.995	-0.011	0.189
01/01/2005	050000.000	-0.250	-12.288	0.580	0.112	1.000	1.000	1.000	0.73379	0.729	0.265	0.156	0.021	28.924	-1.406	0.219	1.000	1.000	1.000	0.69944	-0.817	-0.010	0.106
01/01/2005	053000.000	0.264	-7.575	1.808	0.141	4.000	4.000	2.000	0.74399	0.001	0.213	0.041	0.117	36.024	-0.383	0.168	6.000	2.000	6.000	0.71778	-0.271	-0.266	0.052
01/01/2005	060000.000	-0.095	-2.815	0.068	0.049	3.000	2.000	5.000	0.75844	-0.288	0.157	0.230	0.696	56.181	-1.845	0.159	1.000	2.000	3.000	0.72830	-0.230	-0.244	0.158
01/01/2005	063000.000	-0.408	7.062	-5.906	0.185	5.000	5.000	6.000	0.75176	-0.634	0.227	0.146	0.121	55.610	-0.023	0.226	9.000	1.000	9.000	0.72198	-0.010	-0.413	0.051
01/01/2005	070000.000	0.358	4.041	1.274	0.092	1.000	3.000	3.000	0.75877	-0.674	0.295	0.178	0.669	47.225	-2.295	0.209	1.000	1.000	2.000	0.72338	-0.163	-0.465	0.014
01/01/2005	073000.000	0.031	-6.555	0.158	0.110	2.000	1.000	2.000	0.74467	-0.702	0.281	0.245	0.748	51.583	-2.570	0.264	1.000	1.000	1.000	0.71252	-0.223	-0.578	0.040
01/01/2005	080000.000	-0.290	-9.486	0.159	0.155	1.000	1.000	6.000	0.74146	-0.525	0.287	0.271	0.778	49.991	-1.068	0.282	1.000	1.000	4.000	0.70720	-0.396	-0.502	0.034
01/01/2005	083000.000	-0.478	-12.650	-0.135	0.100	1.000	1.000	4.000	0.74463	0.291	0.213	0.210	1.117	65.131	-0.237	0.362	1.000	1.000	6.000	0.70695	-0.802	-0.452	0.076
01/01/2005	090000.000	-0.426	-28.924	2.236	0.192	3.000	1.000	1.000	0.73808	0.499	0.271	0.236	1.224	73.241	3.209	0.488	1.000	1.000	2.000	0.70502	-1.310	-0.464	-0.065
01/01/2005	093000.000	-1.279	-27.285	0.214	0.102	1.000	1.000	3.000	0.73913	0.111	0.289	0.238	0.998	59.247	3.839	0.460	1.000	1.000	1.000	0.70095	-1.252	-0.535	-0.038
01/01/2005	100000.000	-0.179	-41.613	7.532	0.198	2.000	1.000	4.000	0.73370	0.579	0.318	0.256	0.828	96.094	7.832	0.423	1.000	1.000	1.000	0.69990	-1.039	-0.350	0.010
01/01/2005	103000.000	0.111	-5.161	0.677	0.122	2.000	1.000	1.000	0.72913	0.268	0.210	0.270	0.536	89.286	2.040	0.312	1.000	1.000	1.000	0.69642	-0.533	-0.230	0.110
01/01/2005	110000.000	0.019	-52.157	2.179	0.203	1.000	1.000	4.000	0.71535	1.238	0.413	0.170	0.274	84.041	3.339	0.327	4.000	1.000	2.000	0.68682	-1.068	-0.074	0.096
01/01/2005	113000.000	-0.178	-35.709	-0.103	0.147	3.000	1.000	6.000	0.72122	0.459	0.337	0.216	-0.833	63.717	1.774	0.356	2.000	1.000	3.000	0.69161	-1.102	-0.248	0.060
01/01/2005	120000.000	-0.307	-22.766	-0.252	0.150	1.000	1.000	7.000	0.72031	0.500	0.284	0.248	1.346	85.795	10.340	0.414	1.000	1.000	1.000	0.68734	-1.139	-0.394	0.000
01/01/2005	123000.000	-0.215	-27.660	-1.425	0.149	1.000	1.000	2.000	0.71422	1.139	0.371	0.172	-0.982	53.947	-2.367	0.330	1.000	1.000	1.000	0.68675	-1.161	-0.082	0.102
01/01/2005	130000.000	-0.174	-49.344	7.753	0.286	3.000	1.000	4.000	0.70737	1.592	0.562	0.269	-0.374	38.679	1.171	0.399	1.000	2.000	7.000	0.68086	-1.542	0.077	0.235
01/01/2005	133000.000	0.361	-15.396	1.960	0.161	1.000	1.000	1.000	0.71101	0.813	0.345	0.171	0.233	90.494	2.127	0.316	6.000	1.000	3.000	0.67799	-1.059	-0.144	0.099
01/01/2005	140000.000	0.056	-6.788	-1.472	0.220	3.000	2.000	1.000	0.70138	1.857	0.431	0.151	-0.044	12.265	-3.430	0.123	4.000	1.000	2.000	0.67486	-0.839	0.036	0.301
01/01/2005	143000.000	-0.027	-7.574	-1.730	0.194	6.000	1.000	1.000	0.70349	1.613	0.361	0.133	-0.204	38.621	-0.137	0.178	1.000	1.000	1.000	0.67553	-0.923	-0.025	0.261
01/01/2005	150000.000	0.456	-1.215	-0.035	0.154	1.000	4.000	7.000	0.70638	1.733	0.375	0.177	-0.246	16.295	-2.690	0.097	1.000	1.000	1.000	0.67512	-1.061	0.049	0.323
01/01/2005	153000.000	0.108	-5.005	-1.009	0.223	5.000	2.000	5.000	0.70737	1.989	0.464	0.165	-0.126	9.993	-2.992	0.167	1.000	1.000	1.000	0.68380	-0.634	0.045	0.264
01/01/2005	160000.000	0.342	1.105	0.689	0.165	2.000	4.000	3.000	0.71204	1.780	0.411	0.133	-0.109	12.632	-0.782	0.103	1.000	1.000	2.000	0.69079	-0.568	0.062	0.236
01/01/2005	163000.000	0.455	5.431	-0.118	0.149	1.000	1.000	5.000	0.71989	1.671	0.346	0.151	0.156	16.957	-2.316	0.079	2.000	1.000	2.000	0.70084	-0.671	0.034	0.274
01/01/2005	170000.000	-0.270	-18.403	0.419	0.244	1.000	1.000	4.000	0.71829	1.699	0.474	0.198	-0.914	22.428	-1.488	0.112	2.000	1.000	4.000	0.69152	-1.054	0.047	0.297
01/01/2005	173000.000	-0.255	-17.308	-0.426	0.181	2.000	1.000	3.000	0.72567	1.279	0.323	0.154	0.030	16.433	-2.454	0.138	6.000	1.000	1.000	0.69618	-0.900	0.006	0.245
01/01/2005	180000.000	-0.356	-24.151	0.134	0.194	1.000	1.000	4.000	0.72688	1.404	0.447	0.118	-0.315	29.259	-3.762	0.164	2.000	1.000	1.000	0.69943	-0.917	0.028	0.252
01/01/2005	183000.000	0.357	-12.846	0.788	0.143	1.000	1.000	4.000	0.73200	1.029	0.339	0.178	0.636	39.696	0.976	0.288	1.000	1.000	6.000	0.69160	-1.058	0.005	0.163
01/01/2005	190000.000	0.476	-7.973	1.394	0.140	1.000	2.000	2.000	0.73674	0.381	0.260	0.220	0.415	49.318	-2.881	0.202	1.000	1.000	1.000	0.69933	-0.581	-0.186	0.105
01/01/2005	193000.000	0.259	-5.503	2.784	0.077	1.000	1.000	2.000	0.73510	-0.001	0.206	0.220	1.057	52.825	3.311	0.297	1.000	1.000	3.000	0.69654	-0.613	-0.260	0.075
01/01/2005	200000.000	0.308	-31.855	3.926	0.144	1.000	1.000	1.000	0.73053	0.785	0.337	0.239	1.571	73.539	3.421	0.420	1.000	1.000	1.000	0.69642	-1.034	-0.243	0.045
01/01/2005	203000.000	0.442	-6.897	2.596	0.096	3.000	1.000	3.000	0.73092	0.246	0.189	0.201	1.115	59.611	5.289	0.378	1.000	1.000	1.000	0.69287	-0.871	-0.306	0.060
01/01/2005	210000.000	0.280	-28.209	1.871	0.133	2.000	1.000	4.000	0.72468	0.937	0.390	0.222	0.385	35.641	-1.125	0.363	1.000	1.000	5.000	0.68923	-1.243	-0.181	0.105
01/01/2005	213000.000	-0.594	-28.178	1.567	0.164	1.000	1.000	2.000	0.71837	1.344	0.458	0.157	-0.007	23.766	-0.355	0.285	2.000	1.000	2.000	0.68580	-1.259	-0.005	0.166
01/01/2005	220000.000	0.120	-35.123	5.486	0.156	1.000	1.000	1.000	0.72190	1.019	0.435	0.230	0.140	36.031	-0.994	0.347	2.000	1.000	1.000	0.69089	-1.247	-0.088	0.113
01/01/2005	223000.000	0.259	-46.012	6.246	0.181	2.000	1.000	1.000	0.71737	0.908	0.419	0.232	0.792	47.579	1.039	0.425	1.000	1.000	2.000	0.68614	-1.507	-0.319	-0.015
01/01/2005	230000.000	-0.103	-38.385	3.532	0.162	4.000	1.000	1.000	0.72054	0.493	0.322	0.199	0.937	55.239	-2.376	0.455	1.000	1.000	2.000	0.68893	-1.306	-0.451	-0.080
01/01/2005	233000.000	-0.203	-59.969	6.908	0.225	4.000	1.000	1.000	0.71837	0.785	0.424	0.242	1.062	68.288	7.847	0.546	1.000	1.000	2.000	0.68618	-1.563	-0.516	-0.064
01/01/2005	(J+1)000000.000	-0.366	-45.721	3.129	0.167	1.000	1.000	2.000	0.71715	0.319	0.404	0.217	0.894	51.162	5.817	0.475	1.000	1.000	1.000	0.68697	-1.508	-0.555	-0.075
