Fichier CAPITOUL-FLX-30MN
MOIS : 2005/02 
PLATFORME = saint-sardos
LATITUDE = 43°53'
LONGITUDE =01°06'
ALTITUDE = 187 m
TYPE = ASCII
DATE_creation_fichier = 07/12/2006
#LISTE DES PARAMETRES#
'DATE'	'HEURE'		'HS_TAIR-flx'	'HS_TSON-flx'	'LE_TAIR-flx'	'USTAR-vit'	'RN-ray'	
#UNITES#
'JJ/MM/AAAA'	'HHMMSS.SSS'	'W/m2'	'W/m2'	'W/m2'	'm/s'	'W/m2'	
#FIN ENTETE#
01/02/2005	002959.000	6.058	-1.015	-134.052	0.246	-4.08
01/02/2005	005959.000	-19.789	-19.833	-0.899	0.232	-5.14
01/02/2005	012959.000	-16.293	-16.301	-0.001	0.220	-7.24
01/02/2005	015959.000	-9.024	-9.066	-0.531	0.163	-7.21
01/02/2005	022959.000	-6.111	-6.057	0.552	0.158	-3.66
01/02/2005	025959.000	-5.095	-5.145	-1.120	0.142	-5.69
01/02/2005	032959.000	-10.232	-10.352	-1.143	0.190	-4.87
01/02/2005	035959.000	-8.214	-8.333	-1.549	0.187	-9.27
01/02/2005	042959.000	55.437	113.996	+9999	0.569	-9.22
01/02/2005	045959.000	-47.193	33.700	+9999	0.630	-7.43
01/02/2005	052959.000	-14.882	23.516	734.312	0.315	-6.88
01/02/2005	055959.000	7.253	24.427	328.085	0.184	-8.23
01/02/2005	062959.000	-18.301	-6.455	231.575	0.235	-7.88
01/02/2005	065959.000	13.678	26.963	253.292	0.209	-7.27
01/02/2005	072959.000	31.529	48.639	330.469	0.327	-5.73
01/02/2005	075959.000	2.593	18.877	307.241	0.257	2.77
01/02/2005	082959.000	0.358	34.123	646.691	0.397	9.21
01/02/2005	085959.000	35.988	105.556	+9999	0.727	15.71
01/02/2005	092959.000	29.529	80.620	+9999	0.641	25.90
01/02/2005	095959.000	13.406	52.284	739.912	0.608	56.04
01/02/2005	102959.000	17.921	26.957	178.575	0.595	68.86
01/02/2005	105959.000	-88.406	47.685	+9999	0.826	55.16
01/02/2005	112959.000	-31.192	72.682	+9999	1.011	67.14
01/02/2005	115959.000	289.724	181.317	+9999	0.985	67.86
01/02/2005	122959.000	122.950	95.320	+9999	1.038	74.64
01/02/2005	125959.000	173.463	80.773	+9999	1.017	66.21
01/02/2005	132959.000	-41.460	100.241	+9999	1.073	62.41
01/02/2005	135959.000	-67.521	102.647	+9999	1.012	38.82
01/02/2005	142959.000	-61.476	76.022	+9999	0.871	26.53
01/02/2005	145959.000	-107.211	25.864	+9999	0.851	24.91
01/02/2005	152959.000	-68.256	82.120	+9999	1.017	32.40
01/02/2005	155959.000	-14.911	136.439	+9999	1.022	21.47
01/02/2005	162959.000	-89.070	70.259	+9999	1.142	7.19
01/02/2005	165959.000	-44.339	79.263	+9999	1.046	2.36
01/02/2005	172959.000	-125.276	65.296	+9999	1.081	1.01
01/02/2005	175959.000	-138.147	27.443	+9999	0.979	0.24
01/02/2005	182959.000	-49.653	39.206	+9999	0.662	-0.89
01/02/2005	185959.000	-14.180	9.673	438.023	0.520	0.62
01/02/2005	192959.000	-4.562	145.953	+9999	1.062	-0.36
01/02/2005	195959.000	+9999	120.565	+9999	1.997	-16.18
01/02/2005	202959.000	-160.727	169.414	+9999	1.813	-38.78
01/02/2005	205959.000	-28.616	174.009	+9999	1.329	-83.41
01/02/2005	212959.000	-45.878	194.106	+9999	1.176	-85.13
01/02/2005	215959.000	-138.730	150.918	+9999	1.476	-87.44
01/02/2005	222959.000	8.086	206.131	+9999	1.116	-87.06
01/02/2005	225959.000	-34.639	184.069	+9999	1.136	-85.81
01/02/2005	232959.000	10.800	227.376	+9999	1.227	-86.91
01/02/2005	235959.000	-34.239	212.097	+9999	1.169	-86.66
02/02/2005	002959.000	70.266	258.618	+9999	1.275	-86.83
02/02/2005	005959.000	-124.128	125.063	+9999	1.155	-85.94
02/02/2005	012959.000	-17.300	199.113	+9999	1.359	-86.23
02/02/2005	015959.000	15.536	201.719	+9999	0.980	-84.69
02/02/2005	022959.000	-47.419	118.502	+9999	0.977	-84.07
02/02/2005	025959.000	0.065	138.659	+9999	0.957	-83.68
02/02/2005	032959.000	36.752	182.998	+9999	1.076	-84.42
02/02/2005	035959.000	-3.152	149.542	+9999	1.240	-84.83
02/02/2005	042959.000	-11.760	-2.460	180.361	0.380	-84.33
02/02/2005	045959.000	-18.869	-19.055	-3.061	0.188	-83.77
02/02/2005	052959.000	-12.662	-12.788	-2.210	0.160	-82.86
02/02/2005	055959.000	-16.908	-17.149	-4.106	0.188	-82.57
02/02/2005	062959.000	-14.549	-14.691	-2.152	0.152	-82.76
02/02/2005	065959.000	-14.455	-14.578	-2.066	0.161	-81.63
02/02/2005	072959.000	-7.399	-7.504	-1.680	0.150	-72.22
02/02/2005	075959.000	-7.999	-7.989	0.062	0.232	-35.61
02/02/2005	082959.000	-0.686	-0.160	9.360	0.246	23.67
02/02/2005	085959.000	10.888	11.931	19.336	0.215	92.17
02/02/2005	092959.000	26.194	28.133	35.518	0.243	153.15
02/02/2005	095959.000	35.761	39.152	61.802	0.259	205.64
02/02/2005	102959.000	60.713	65.822	92.108	0.317	253.65
02/02/2005	105959.000	64.465	69.273	85.766	0.263	287.12
02/02/2005	112959.000	80.248	86.201	106.810	0.330	317.67
02/02/2005	115959.000	96.329	103.329	125.071	0.323	327.47
02/02/2005	122959.000	68.746	75.369	118.207	0.254	319.80
02/02/2005	125959.000	27.337	31.366	72.259	0.236	125.93
02/02/2005	132959.000	28.896	32.840	71.642	0.278	143.27
02/02/2005	135959.000	25.854	29.826	71.584	0.290	148.61
02/02/2005	142959.000	-0.791	1.937	49.071	0.304	83.46
02/02/2005	145959.000	10.840	14.282	61.824	0.346	154.79
02/02/2005	152959.000	-2.663	0.481	56.335	0.332	104.51
02/02/2005	155959.000	-15.422	-13.441	37.959	0.316	27.76
02/02/2005	162959.000	-22.417	-21.513	16.007	0.263	-23.42
02/02/2005	165959.000	-19.416	-19.273	3.461	0.195	-49.80
02/02/2005	172959.000	-16.940	-17.122	-2.823	0.141	-81.10
02/02/2005	175959.000	-18.838	-19.089	-3.765	0.165	-73.37
02/02/2005	182959.000	-17.324	-17.272	1.090	0.258	-17.04
02/02/2005	185959.000	-11.554	-11.037	9.620	0.249	-8.17
02/02/2005	192959.000	-10.275	-9.834	8.541	0.199	-5.28
02/02/2005	195959.000	-14.092	-14.090	0.796	0.251	-11.45
02/02/2005	202959.000	-12.608	-12.440	3.764	0.236	-14.62
02/02/2005	205959.000	-12.478	-12.511	-0.516	0.230	-17.24
02/02/2005	212959.000	-13.818	-13.866	-0.435	0.214	-18.65
02/02/2005	215959.000	-10.108	-10.199	-1.371	0.178	-16.17
02/02/2005	222959.000	-19.125	-19.045	2.654	0.131	-20.00
02/02/2005	225959.000	-17.301	-17.491	-3.098	0.183	-19.23
02/02/2005	232959.000	-22.436	-22.350	3.358	0.268	-17.49
02/02/2005	235959.000	-19.582	-19.593	0.409	0.246	-17.75
03/02/2005	002959.000	-35.631	-34.646	18.971	0.406	-18.07
03/02/2005	005959.000	-36.081	-36.223	-1.534	0.371	-17.44
03/02/2005	012959.000	-13.439	-13.469	0.977	0.260	-17.41
03/02/2005	015959.000	-5.904	-6.026	-1.709	0.129	-17.46
03/02/2005	022959.000	-5.087	-5.087	0.556	0.102	-16.41
03/02/2005	025959.000	-8.992	-9.074	-0.547	0.112	-13.32
03/02/2005	032959.000	-14.450	-14.657	-2.834	0.147	-12.33
03/02/2005	035959.000	-16.355	-16.673	-5.001	0.171	-15.81
03/02/2005	042959.000	-18.890	-18.738	3.807	0.158	-16.71
03/02/2005	045959.000	-15.962	-15.760	4.274	0.165	-13.56
03/02/2005	052959.000	-14.478	-14.568	-1.800	0.144	-17.06
03/02/2005	055959.000	-13.931	-14.073	-1.874	0.218	-16.61
03/02/2005	062959.000	-18.217	-18.273	-0.800	0.229	-14.82
03/02/2005	065959.000	-18.264	-18.197	2.266	0.220	-17.07
03/02/2005	072959.000	-8.527	-8.092	7.997	0.174	-11.10
03/02/2005	075959.000	-22.050	-21.835	4.117	0.228	-6.52
03/02/2005	082959.000	-24.276	-23.561	14.157	0.245	2.24
03/02/2005	085959.000	-19.982	-19.088	17.446	0.230	19.53
03/02/2005	092959.000	-10.835	-9.510	23.626	0.230	50.55
03/02/2005	095959.000	-1.044	0.721	32.464	0.265	87.06
03/02/2005	102959.000	20.067	23.212	56.561	0.289	133.64
03/02/2005	105959.000	24.868	27.363	44.693	0.267	152.82
03/02/2005	112959.000	26.934	29.791	51.352	0.273	143.18
03/02/2005	115959.000	16.109	18.317	38.964	0.266	90.90
03/02/2005	122959.000	27.293	30.246	52.414	0.295	134.02
03/02/2005	125959.000	15.069	17.155	37.441	0.288	107.27
03/02/2005	132959.000	14.302	16.103	32.239	0.236	97.92
03/02/2005	135959.000	-0.365	0.574	18.175	0.213	38.08
03/02/2005	142959.000	88.203	92.468	73.527	0.252	271.20
03/02/2005	145959.000	18.846	20.466	28.329	0.249	32.22
03/02/2005	152959.000	6.418	7.403	17.569	0.198	17.77
03/02/2005	155959.000	0.735	1.944	22.289	0.172	-0.06
03/02/2005	162959.000	-2.604	-1.955	12.535	0.174	-6.45
03/02/2005	165959.000	-4.229	-4.039	2.891	0.166	-15.95
03/02/2005	172959.000	-7.239	-6.989	5.010	0.163	-19.60
03/02/2005	175959.000	-10.110	-9.355	14.675	0.130	-19.33
03/02/2005	182959.000	-9.418	-8.117	23.704	0.145	-40.51
03/02/2005	185959.000	-11.909	-11.397	9.780	0.130	-36.61
03/02/2005	192959.000	-2.354	-2.261	1.706	0.017	-22.68
03/02/2005	195959.000	-1.961	-1.872	1.613	0.046	-32.96
03/02/2005	202959.000	-4.738	-4.453	5.181	0.064	-34.30
03/02/2005	205959.000	-5.146	-4.844	5.256	0.091	-34.22
03/02/2005	212959.000	-3.938	-3.724	3.876	0.074	-48.62
03/02/2005	215959.000	-5.378	-5.198	3.389	0.083	-48.74
03/02/2005	222959.000	-6.192	-6.040	2.886	0.077	-28.81
03/02/2005	225959.000	-5.416	-5.159	5.071	0.051	-21.87
03/02/2005	232959.000	-3.560	-3.362	3.625	0.062	-22.42
03/02/2005	235959.000	-2.364	-2.266	1.988	0.048	-30.48
04/02/2005	002959.000	-1.996	-1.960	0.948	0.056	-48.80
04/02/2005	005959.000	-1.488	-1.481	0.183	0.038	-59.77
04/02/2005	012959.000	-4.479	-4.471	0.612	0.062	-24.46
04/02/2005	015959.000	-2.080	-2.062	0.364	0.057	-18.49
04/02/2005	022959.000	-0.517	-0.549	-0.149	0.050	-20.78
04/02/2005	025959.000	-2.125	-1.998	2.316	0.042	-21.51
04/02/2005	032959.000	-0.944	-0.875	1.274	0.041	-25.21
04/02/2005	035959.000	-0.288	-0.244	0.638	0.020	-32.01
04/02/2005	042959.000	-1.383	-1.364	0.388	0.047	-41.88
04/02/2005	045959.000	-2.535	-2.502	0.801	0.079	-57.74
04/02/2005	052959.000	0.022	0.033	-0.161	0.101	-50.46
04/02/2005	055959.000	-4.222	-4.186	0.689	0.098	-48.51
04/02/2005	062959.000	-2.593	-2.555	0.336	0.136	-32.77
04/02/2005	065959.000	-3.058	-3.008	0.954	0.040	-17.15
04/02/2005	072959.000	-5.178	-5.087	1.938	0.044	-14.02
04/02/2005	075959.000	-3.670	-3.422	5.096	0.106	0.46
04/02/2005	082959.000	-1.409	-0.926	8.914	0.081	21.45
04/02/2005	085959.000	2.378	3.526	21.174	0.085	53.12
04/02/2005	092959.000	27.383	29.947	46.369	0.074	98.75
04/02/2005	095959.000	45.027	47.642	46.475	0.125	140.32
04/02/2005	102959.000	85.413	90.079	82.842	0.101	236.48
04/02/2005	105959.000	39.523	41.447	33.867	0.127	128.50
04/02/2005	112959.000	39.590	42.955	60.503	0.114	99.09
04/02/2005	115959.000	132.638	137.997	94.212	0.159	264.99
04/02/2005	122959.000	48.971	52.012	54.377	0.162	144.84
04/02/2005	125959.000	67.511	71.635	73.138	0.114	155.27
04/02/2005	132959.000	93.723	98.754	89.198	0.225	168.55
04/02/2005	135959.000	72.096	75.451	59.374	0.117	198.78
04/02/2005	142959.000	81.616	85.502	68.353	0.097	200.59
04/02/2005	145959.000	83.043	87.353	76.056	0.192	170.25
04/02/2005	152959.000	43.322	46.212	51.137	0.151	96.39
04/02/2005	155959.000	14.475	16.313	32.682	0.192	35.92
04/02/2005	162959.000	-2.600	-1.581	16.766	0.155	-27.98
04/02/2005	165959.000	-0.341	-0.216	1.934	0.057	-68.38
04/02/2005	172959.000	0.924	0.920	-0.139	0.035	-81.71
04/02/2005	175959.000	0.411	0.414	-0.021	0.026	-81.07
04/02/2005	182959.000	-2.203	-2.178	0.266	0.059	-79.69
04/02/2005	185959.000	-0.191	-0.189	0.030	0.023	-78.89
04/02/2005	192959.000	-1.520	-1.525	-0.202	0.034	-78.05
04/02/2005	195959.000	0.838	0.840	-0.054	0.030	-77.68
04/02/2005	202959.000	-0.336	-0.337	0.144	0.016	-43.69
04/02/2005	205959.000	0.001	0.003	0.080	0.026	-74.76
04/02/2005	212959.000	-1.158	-1.156	0.092	0.038	-74.42
04/02/2005	215959.000	2.295	2.325	0.390	0.021	-73.39
04/02/2005	222959.000	0.284	0.284	-0.108	0.034	-74.25
04/02/2005	225959.000	-0.019	-0.025	0.011	0.027	-71.38
04/02/2005	232959.000	0.855	0.863	0.145	0.033	-72.60
04/02/2005	235959.000	1.735	1.705	-0.692	0.043	-71.97
05/02/2005	002959.000	1.137	1.091	-1.020	0.045	-71.05
05/02/2005	005959.000	-1.361	-1.372	-0.291	0.023	-72.28
05/02/2005	012959.000	1.057	1.095	0.206	0.039	-72.36
05/02/2005	015959.000	-2.921	-3.015	-1.791	0.081	-72.55
05/02/2005	022959.000	-2.168	-2.249	-1.129	0.106	-62.69
05/02/2005	025959.000	+9999	+9999	+9999	0.052	-72.10
05/02/2005	032959.000	+9999	+9999	+9999	0.044	-69.74
05/02/2005	035959.000	+9999	+9999	+9999	0.040	-60.59
05/02/2005	042959.000	+9999	+9999	+9999	0.031	-62.65
05/02/2005	045959.000	+9999	+9999	+9999	0.042	-63.98
05/02/2005	052959.000	+9999	+9999	+9999	0.057	-55.77
05/02/2005	055959.000	+9999	+9999	+9999	0.034	-47.88
05/02/2005	062959.000	+9999	+9999	+9999	0.058	-44.44
05/02/2005	065959.000	+9999	+9999	+9999	0.113	-37.34
05/02/2005	072959.000	+9999	+9999	+9999	0.078	-17.35
05/02/2005	075959.000	+9999	+9999	+9999	0.078	31.81
05/02/2005	082959.000	+9999	+9999	+9999	0.084	86.61
05/02/2005	085959.000	+9999	+9999	+9999	0.108	148.16
05/02/2005	092959.000	-1.310	1.245	45.369	0.180	154.90
05/02/2005	095959.000	15.244	17.217	43.556	0.200	207.67
05/02/2005	102959.000	40.926	43.382	45.245	0.101	254.16
05/02/2005	105959.000	101.213	106.078	87.155	0.198	287.13
05/02/2005	112959.000	139.316	144.978	99.528	0.183	307.02
05/02/2005	115959.000	106.404	111.307	86.351	0.253	318.67
05/02/2005	122959.000	94.948	99.400	78.167	0.303	314.40
05/02/2005	125959.000	123.012	129.849	120.014	0.409	299.55
05/02/2005	132959.000	96.733	101.527	84.213	0.364	270.42
05/02/2005	135959.000	92.712	97.271	79.665	0.353	237.16
05/02/2005	142959.000	60.155	63.657	61.900	0.243	198.26
05/02/2005	145959.000	59.539	62.860	57.695	0.275	146.71
05/02/2005	152959.000	26.137	28.597	43.611	0.194	94.30
05/02/2005	155959.000	0.663	1.568	16.851	0.151	35.85
05/02/2005	162959.000	-7.139	-6.841	4.737	0.091	-20.86
05/02/2005	165959.000	-2.427	-2.352	1.572	0.038	-59.94
05/02/2005	172959.000	-17.376	-17.537	-2.218	0.128	-76.16
05/02/2005	175959.000	-22.016	-22.258	-3.705	0.154	-74.26
05/02/2005	182959.000	-18.508	-18.689	-2.589	0.144	-72.82
05/02/2005	185959.000	-22.221	-22.832	-10.347	0.163	-76.52
05/02/2005	192959.000	-31.036	-31.546	-8.110	0.213	-79.90
05/02/2005	195959.000	-29.448	-29.901	-7.185	0.232	-80.94
05/02/2005	202959.000	-18.696	-19.070	-6.136	0.184	-80.12
05/02/2005	205959.000	-15.148	-15.613	-7.882	0.153	-77.88
05/02/2005	212959.000	-8.003	-8.328	-5.571	0.111	-75.61
05/02/2005	215959.000	-16.082	-16.511	-7.261	0.142	-74.16
05/02/2005	222959.000	-40.732	-41.623	-14.964	0.227	-74.17
05/02/2005	225959.000	-34.768	-35.810	-17.802	0.218	-75.52
05/02/2005	232959.000	-20.824	-21.491	-11.542	0.140	-72.27
05/02/2005	235959.000	-11.477	-11.827	-5.967	0.092	-71.83
06/02/2005	002959.000	-9.350	-9.614	-4.422	0.109	-73.22
06/02/2005	005959.000	-14.662	-15.147	-8.421	0.114	-73.75
06/02/2005	012959.000	-11.100	-11.511	-7.184	0.095	-72.65
06/02/2005	015959.000	-5.919	-6.083	-2.779	0.086	-67.74
06/02/2005	022959.000	-3.818	-3.975	-2.617	0.084	-51.07
06/02/2005	025959.000	-1.306	-1.440	-1.768	0.041	-47.04
06/02/2005	032959.000	-1.179	-1.179	0.208	0.053	-33.81
06/02/2005	035959.000	-0.271	-0.271	-0.102	0.017	-27.76
06/02/2005	042959.000	-2.151	-2.167	-0.332	0.061	-25.06
06/02/2005	045959.000	-2.479	-2.529	-0.698	0.040	-29.70
06/02/2005	052959.000	-1.951	-2.030	-1.590	0.037	-5.09
06/02/2005	055959.000	-0.904	-0.942	-0.747	0.026	-8.26
06/02/2005	062959.000	-2.678	-2.777	-1.741	0.060	-26.92
06/02/2005	065959.000	-1.499	-1.532	-0.793	0.034	-9.42
06/02/2005	072959.000	-1.127	-1.168	-0.768	0.046	-11.85
06/02/2005	075959.000	-3.373	-3.503	-2.041	0.083	7.50
06/02/2005	082959.000	-1.062	-1.194	-1.926	0.049	55.36
06/02/2005	085959.000	0.017	0.469	8.218	0.119	70.55
06/02/2005	092959.000	23.490	25.654	39.442	0.133	154.18
06/02/2005	095959.000	32.375	35.244	50.244	0.197	198.68
06/02/2005	102959.000	49.366	53.840	79.562	0.287	245.25
06/02/2005	105959.000	57.157	61.345	74.288	0.305	225.19
06/02/2005	112959.000	75.698	80.250	79.578	0.273	242.17
06/02/2005	115959.000	43.304	46.743	59.501	0.288	168.33
06/02/2005	122959.000	113.090	119.182	104.456	0.432	234.96
06/02/2005	125959.000	91.445	96.030	77.668	0.335	270.32
06/02/2005	132959.000	63.635	67.859	73.929	0.426	165.11
06/02/2005	135959.000	138.579	145.056	110.413	0.514	322.52
06/02/2005	142959.000	55.854	59.220	57.853	0.502	111.70
06/02/2005	145959.000	42.563	45.462	50.537	0.522	82.65
06/02/2005	152959.000	30.599	33.700	55.574	0.516	38.17
06/02/2005	155959.000	10.035	12.439	40.166	0.468	14.83
06/02/2005	162959.000	1.319	2.862	28.612	0.463	-19.68
06/02/2005	165959.000	-15.219	-13.791	27.097	0.498	-59.70
06/02/2005	172959.000	-17.800	-17.553	4.373	0.435	-82.49
06/02/2005	175959.000	-8.076	-7.806	5.682	0.489	-45.09
06/02/2005	182959.000	-24.293	-23.385	17.743	0.500	-64.42
06/02/2005	185959.000	1.347	2.878	28.311	0.667	-22.67
06/02/2005	192959.000	-1.936	-1.259	12.853	0.572	-24.37
06/02/2005	195959.000	-24.551	-24.088	9.130	0.470	-39.15
06/02/2005	202959.000	-10.126	-9.666	9.686	0.405	-7.53
06/02/2005	205959.000	-9.889	-9.636	5.118	0.296	-7.59
06/02/2005	212959.000	-11.144	-9.923	22.217	0.332	-15.67
06/02/2005	215959.000	-10.853	-10.265	11.186	0.284	-29.32
06/02/2005	222959.000	-38.747	-39.201	-6.703	0.391	-71.68
06/02/2005	225959.000	-17.991	-17.929	1.963	0.314	-19.82
06/02/2005	232959.000	-10.946	-9.891	21.112	0.391	-7.83
06/02/2005	235959.000	-13.919	-13.226	14.603	0.467	-17.82
07/02/2005	002959.000	-19.212	-18.688	11.318	0.452	-29.69
07/02/2005	005959.000	-25.008	-24.519	9.772	0.460	-27.78
07/02/2005	012959.000	-21.306	-20.861	7.649	0.464	-16.77
07/02/2005	015959.000	-23.663	-23.343	4.972	0.465	-29.61
07/02/2005	022959.000	-41.821	-42.806	-15.665	0.476	-66.18
07/02/2005	025959.000	-47.072	-47.845	-12.129	0.406	-77.80
07/02/2005	032959.000	-45.320	-45.223	3.848	0.507	-51.15
07/02/2005	035959.000	-40.440	-40.633	-1.602	0.460	-64.99
07/02/2005	042959.000	-22.869	-22.759	3.663	0.384	-48.40
07/02/2005	045959.000	-30.364	-30.062	8.046	0.492	-30.78
07/02/2005	052959.000	-17.842	-16.090	33.426	0.536	-18.93
07/02/2005	055959.000	-19.831	-18.955	17.897	0.517	-12.12
07/02/2005	062959.000	-25.835	-24.884	18.107	0.517	-32.28
07/02/2005	065959.000	-32.730	-32.745	1.220	0.396	-79.75
07/02/2005	072959.000	-36.064	-36.721	-10.027	0.395	-74.80
07/02/2005	075959.000	-32.576	-32.583	2.369	0.392	-56.08
07/02/2005	082959.000	-8.836	-7.759	20.996	0.478	1.67
07/02/2005	085959.000	37.955	41.418	61.676	0.561	100.28
07/02/2005	092959.000	82.145	87.046	85.858	0.698	166.21
07/02/2005	095959.000	95.530	100.538	87.000	0.719	199.43
07/02/2005	102959.000	86.972	92.439	94.956	0.689	167.98
07/02/2005	105959.000	135.211	142.368	123.432	0.789	292.99
07/02/2005	112959.000	169.673	177.852	139.982	0.770	349.82
07/02/2005	115959.000	162.201	168.860	112.624	0.775	328.66
07/02/2005	122959.000	136.644	149.327	223.198	0.812	228.77
07/02/2005	125959.000	151.355	166.473	267.079	0.837	255.97
07/02/2005	132959.000	95.636	102.596	122.029	0.885	121.56
07/02/2005	135959.000	68.854	81.798	233.598	0.816	104.13
07/02/2005	142959.000	52.382	75.473	+9999	0.791	98.50
07/02/2005	145959.000	56.261	59.025	47.328	0.780	60.63
07/02/2005	152959.000	27.756	32.846	90.867	0.691	53.75
07/02/2005	155959.000	44.266	46.387	35.748	0.690	100.37
07/02/2005	162959.000	28.409	32.228	68.395	0.641	56.70
07/02/2005	165959.000	-11.230	-11.957	-14.005	0.565	-35.24
07/02/2005	172959.000	-39.467	-39.113	7.667	0.667	-76.58
07/02/2005	175959.000	-38.594	-36.849	34.477	0.651	-82.34
07/02/2005	182959.000	-20.739	-20.180	11.303	0.481	-53.37
07/02/2005	185959.000	-36.458	-36.160	7.179	0.490	-62.09
07/02/2005	192959.000	-47.624	-48.859	-20.162	0.396	-82.90
07/02/2005	195959.000	-41.517	-42.775	-20.726	0.308	-81.06
07/02/2005	202959.000	-41.025	-42.183	-19.101	0.308	-79.91
07/02/2005	205959.000	-46.094	-47.943	-31.491	0.303	-78.61
07/02/2005	212959.000	-33.559	-34.758	-20.373	0.292	-77.14
07/02/2005	215959.000	-21.527	-22.208	-11.305	0.183	-71.65
07/02/2005	222959.000	-31.859	-33.084	-21.301	0.236	-73.46
07/02/2005	225959.000	-61.453	+9999	-36.476	0.316	-66.78
07/02/2005	232959.000	-46.985	-48.864	-32.019	0.297	-72.86
07/02/2005	235959.000	-48.849	-50.639	-30.239	0.299	-73.53
08/02/2005	002959.000	-44.239	-45.609	-22.923	0.284	-72.71
08/02/2005	005959.000	-29.796	-30.536	-11.779	0.231	-71.67
08/02/2005	012959.000	-52.507	-54.788	+9999	0.292	-70.81
08/02/2005	015959.000	-42.862	-44.771	-32.729	0.254	-66.29
08/02/2005	022959.000	-28.147	-29.266	-19.173	0.213	-59.45
08/02/2005	025959.000	-23.790	-24.459	-11.019	0.195	-35.30
08/02/2005	032959.000	-25.507	-26.326	-13.553	0.242	-36.25
08/02/2005	035959.000	-24.320	-24.900	-9.411	0.230	-37.61
08/02/2005	042959.000	-40.162	-41.679	-25.634	0.328	-52.29
08/02/2005	045959.000	-29.628	-30.455	-13.501	0.251	-41.28
08/02/2005	052959.000	-22.055	-22.468	-6.295	0.210	-43.41
08/02/2005	055959.000	-34.711	-35.550	-13.343	0.260	-64.94
08/02/2005	062959.000	-34.702	-35.517	-12.900	0.309	-50.85
08/02/2005	065959.000	-16.620	-16.727	-1.016	0.233	-17.19
08/02/2005	072959.000	-16.551	-16.840	-4.596	0.182	-37.62
08/02/2005	075959.000	-11.358	-11.595	-3.806	0.140	-54.74
08/02/2005	082959.000	-12.544	-12.988	-7.274	0.186	-35.94
08/02/2005	085959.000	-9.726	-9.291	8.147	0.222	13.83
08/02/2005	092959.000	2.639	4.249	31.280	0.285	82.56
08/02/2005	095959.000	6.701	8.507	33.698	0.294	63.92
08/02/2005	102959.000	25.057	29.290	75.928	0.400	126.82
08/02/2005	105959.000	88.981	98.591	169.292	0.688	263.09
08/02/2005	112959.000	63.183	62.765	-12.939	0.643	145.60
08/02/2005	115959.000	79.643	84.707	87.109	0.550	234.59
08/02/2005	122959.000	116.126	125.165	156.138	0.627	289.67
08/02/2005	125959.000	145.439	181.568	+9999	0.669	371.56
08/02/2005	132959.000	144.314	152.741	144.598	0.593	333.50
08/02/2005	135959.000	122.762	128.542	97.366	0.526	292.72
08/02/2005	142959.000	98.275	102.258	66.431	0.497	248.59
08/02/2005	145959.000	112.953	118.466	92.946	0.568	251.10
08/02/2005	152959.000	72.294	76.428	71.079	0.512	206.11
08/02/2005	155959.000	55.851	59.954	71.929	0.538	128.90
08/02/2005	162959.000	0.221	1.866	29.498	0.492	2.10
08/02/2005	165959.000	-1.700	-0.686	18.141	0.432	-2.70
08/02/2005	172959.000	-19.636	-18.773	17.363	0.376	-52.56
08/02/2005	175959.000	-42.598	-43.399	-12.337	0.338	-83.69
08/02/2005	182959.000	-41.448	-42.064	-9.063	0.249	-79.12
08/02/2005	185959.000	-27.844	-28.359	-7.701	0.252	-80.13
08/02/2005	192959.000	-36.402	-37.116	-10.885	0.272	-78.95
08/02/2005	195959.000	-31.695	-32.678	-16.283	0.245	-77.04
08/02/2005	202959.000	-18.809	-19.220	-6.732	0.185	-73.57
08/02/2005	205959.000	-20.936	-21.576	-10.794	0.185	-71.21
08/02/2005	212959.000	-13.390	-13.900	-8.685	0.163	-69.75
08/02/2005	215959.000	-21.591	-22.241	-10.734	0.188	-70.06
08/02/2005	222959.000	-13.120	-13.493	-6.171	0.113	-69.29
08/02/2005	225959.000	-5.809	-5.938	-2.111	0.082	-67.68
08/02/2005	232959.000	-1.326	-1.338	-0.324	0.039	-43.15
08/02/2005	235959.000	-2.112	-2.140	-0.641	0.050	-40.73
09/02/2005	002959.000	-0.859	-0.919	-1.268	0.057	-53.43
09/02/2005	005959.000	0.154	0.210	1.040	0.028	-52.22
09/02/2005	012959.000	-5.483	-5.696	-3.527	0.085	-51.86
09/02/2005	015959.000	-0.189	-0.125	1.059	0.073	-49.03
09/02/2005	022959.000	-18.141	-19.200	-18.795	0.141	-40.23
09/02/2005	025959.000	-3.363	-3.526	-2.630	0.098	-27.61
09/02/2005	032959.000	-9.942	-10.816	-15.499	0.127	-20.43
09/02/2005	035959.000	-18.175	-19.310	-19.798	0.150	-21.26
09/02/2005	042959.000	-19.050	-20.325	-22.143	0.191	-24.31
09/02/2005	045959.000	-9.835	-10.363	-8.880	0.113	-21.52
09/02/2005	052959.000	-2.484	-2.768	-5.307	0.057	-13.13
09/02/2005	055959.000	-3.299	-3.558	-4.762	0.056	-3.30
09/02/2005	062959.000	-5.924	-6.533	-11.067	0.120	-7.04
09/02/2005	065959.000	-2.262	-2.607	-6.327	0.089	-2.48
09/02/2005	072959.000	-0.412	-0.649	-4.598	0.049	-2.69
09/02/2005	075959.000	-2.216	-2.183	0.583	0.061	1.76
09/02/2005	082959.000	-6.086	-1.811	80.849	0.109	75.04
09/02/2005	085959.000	7.474	8.584	19.584	0.058	90.82
09/02/2005	092959.000	12.413	14.078	30.307	0.101	119.23
09/02/2005	095959.000	11.890	15.398	62.798	0.148	136.97
09/02/2005	102959.000	27.175	30.910	65.943	0.264	159.95
09/02/2005	105959.000	93.323	101.438	143.183	0.271	339.95
09/02/2005	112959.000	121.703	129.545	134.790	0.257	355.17
09/02/2005	115959.000	127.399	134.427	119.713	0.162	260.35
09/02/2005	122959.000	143.347	150.084	113.216	0.229	268.87
09/02/2005	125959.000	142.822	149.255	107.904	0.216	295.22
09/02/2005	132959.000	159.160	165.684	108.732	0.151	308.02
09/02/2005	135959.000	87.049	91.784	80.611	0.219	245.43
09/02/2005	142959.000	127.516	133.661	102.421	0.230	293.86
09/02/2005	145959.000	86.586	90.558	66.692	0.205	200.00
09/02/2005	152959.000	71.415	76.309	83.911	0.166	177.62
09/02/2005	155959.000	17.424	19.029	27.975	0.154	60.72
09/02/2005	162959.000	1.097	1.291	3.545	0.094	-17.85
09/02/2005	165959.000	-0.657	-0.474	3.914	0.060	-54.61
09/02/2005	172959.000	-3.858	-3.998	-2.258	0.062	-72.03
09/02/2005	175959.000	-3.975	-4.178	-3.257	0.083	-77.50
09/02/2005	182959.000	-0.284	-0.246	0.717	0.067	-75.15
09/02/2005	185959.000	0.007	-0.083	-1.689	0.062	-74.26
09/02/2005	192959.000	-5.252	-5.434	-2.924	0.105	-75.74
09/02/2005	195959.000	-5.788	-6.123	-5.804	0.104	-76.59
09/02/2005	202959.000	-6.542	-6.706	-2.635	0.103	-64.87
09/02/2005	205959.000	-3.635	-3.768	-2.153	0.083	-79.05
09/02/2005	212959.000	-3.718	-3.934	-3.591	0.084	-74.51
09/02/2005	215959.000	-3.879	-3.957	-1.247	0.073	-74.91
09/02/2005	222959.000	-1.901	-1.990	-1.418	0.102	-75.61
09/02/2005	225959.000	-4.609	-4.897	-5.173	0.087	-76.44
09/02/2005	232959.000	-3.164	-3.376	-3.472	0.069	-71.83
09/02/2005	235959.000	-9.185	-9.497	-5.037	0.105	-70.22
10/02/2005	002959.000	-12.618	-13.547	-16.535	0.118	-39.55
10/02/2005	005959.000	-5.121	-5.214	-1.497	0.067	-14.85
10/02/2005	012959.000	-2.562	-2.644	-1.718	0.099	-10.87
10/02/2005	015959.000	-2.244	-2.355	-1.404	0.084	-11.60
10/02/2005	022959.000	-1.911	-1.870	1.002	0.084	-16.18
10/02/2005	025959.000	-6.899	-6.825	1.808	0.140	-10.48
10/02/2005	032959.000	-3.615	-3.481	3.081	0.129	-6.09
10/02/2005	035959.000	-4.956	-4.764	3.963	0.129	-4.35
10/02/2005	042959.000	-8.212	-7.905	6.410	0.170	-4.62
10/02/2005	045959.000	-8.155	-7.818	6.259	0.075	-5.47
10/02/2005	052959.000	-4.070	-3.955	3.032	0.132	-3.47
10/02/2005	055959.000	-5.478	-5.150	6.212	0.156	-5.09
10/02/2005	062959.000	-2.026	-1.931	1.632	0.065	-5.04
10/02/2005	065959.000	-5.709	-5.368	6.953	0.141	-4.90
10/02/2005	072959.000	-5.337	-5.087	4.354	0.142	-2.17
10/02/2005	075959.000	-6.957	-6.610	9.368	0.183	5.13
10/02/2005	082959.000	-4.917	-3.795	22.434	0.179	16.61
10/02/2005	085959.000	1.924	3.435	25.519	0.195	34.15
10/02/2005	092959.000	9.047	10.416	24.366	0.198	52.43
10/02/2005	095959.000	11.622	13.917	42.004	0.201	64.79
10/02/2005	102959.000	25.615	28.729	55.087	0.235	95.81
10/02/2005	105959.000	50.540	54.625	72.478	0.219	156.29
10/02/2005	112959.000	51.987	56.287	76.502	0.248	169.94
10/02/2005	115959.000	87.031	91.786	81.889	0.323	162.39
10/02/2005	122959.000	96.598	101.049	76.032	0.323	172.70
10/02/2005	125959.000	56.210	59.837	63.270	0.231	128.52
10/02/2005	132959.000	42.259	45.562	58.114	0.210	111.42
10/02/2005	135959.000	27.105	29.782	47.064	0.162	65.73
10/02/2005	142959.000	14.149	16.253	38.141	0.131	74.94
10/02/2005	145959.000	22.435	26.054	64.128	0.222	68.55
10/02/2005	152959.000	13.556	15.332	31.499	0.197	45.54
10/02/2005	155959.000	3.020	3.858	17.707	0.137	33.85
10/02/2005	162959.000	0.500	1.847	25.203	0.155	10.30
10/02/2005	165959.000	-2.270	-1.409	14.218	0.142	-3.96
10/02/2005	172959.000	-2.498	-1.587	16.313	0.182	-10.03
10/02/2005	175959.000	-1.114	-0.881	4.240	0.074	-11.93
10/02/2005	182959.000	-2.460	-2.050	6.951	0.092	-6.91
10/02/2005	185959.000	-0.057	0.024	1.282	0.063	-18.31
10/02/2005	192959.000	-0.941	-0.799	1.909	0.098	-50.13
10/02/2005	195959.000	0.281	0.252	-0.575	0.033	-76.07
10/02/2005	202959.000	0.014	-0.055	-1.050	0.063	-73.60
10/02/2005	205959.000	-0.300	-0.301	0.392	0.026	-71.20
10/02/2005	212959.000	1.017	1.082	0.912	0.017	-67.06
10/02/2005	215959.000	0.421	0.434	-0.069	0.030	-60.32
10/02/2005	222959.000	0.228	0.244	0.482	0.040	-45.58
10/02/2005	225959.000	-1.610	-1.655	-0.762	0.043	-38.75
10/02/2005	232959.000	-1.265	-1.332	-1.077	0.032	-33.76
10/02/2005	235959.000	-2.536	-2.706	-3.105	0.045	-29.40
11/02/2005	002959.000	-6.488	-6.826	-5.927	0.072	-27.00
11/02/2005	005959.000	-2.173	-2.246	-1.207	0.049	-24.66
11/02/2005	012959.000	-4.679	-4.864	-3.519	0.069	-22.87
11/02/2005	015959.000	-5.296	-5.625	-5.563	0.079	-21.62
11/02/2005	022959.000	-1.358	-1.442	-1.366	0.043	-18.58
11/02/2005	025959.000	-3.907	-4.549	-11.761	0.060	-14.16
11/02/2005	032959.000	-3.728	-4.463	-13.443	0.039	-17.09
11/02/2005	035959.000	-3.707	-4.290	-10.893	0.091	-18.46
11/02/2005	042959.000	-5.400	-5.426	0.708	0.075	-15.35
11/02/2005	045959.000	-2.928	-3.487	-9.128	0.067	-20.00
11/02/2005	052959.000	-10.102	0.054	+9999	0.049	-24.36
11/02/2005	055959.000	2.744	0.837	+9999	0.042	-18.59
11/02/2005	062959.000	0.617	0.428	-3.793	0.044	-11.35
11/02/2005	065959.000	-4.619	-3.941	13.911	0.077	-2.56
11/02/2005	072959.000	-18.494	-17.598	17.829	0.108	-0.96
11/02/2005	075959.000	-24.426	-24.324	3.136	0.140	30.56
11/02/2005	082959.000	-22.686	-21.325	26.204	0.210	70.50
11/02/2005	085959.000	-23.015	-20.480	49.084	0.340	72.56
11/02/2005	092959.000	-4.758	-1.989	51.173	0.371	113.51
11/02/2005	095959.000	21.364	24.607	58.267	0.385	117.73
11/02/2005	102959.000	23.731	28.033	77.512	0.499	210.23
11/02/2005	105959.000	32.543	36.352	66.788	0.486	205.88
11/02/2005	112959.000	14.778	18.382	64.336	0.531	146.58
11/02/2005	115959.000	36.804	41.572	84.384	0.569	187.63
11/02/2005	122959.000	21.362	25.509	74.468	0.512	150.45
11/02/2005	125959.000	10.670	14.751	75.342	0.585	123.21
11/02/2005	132959.000	7.100	14.494	135.878	0.592	143.48
11/02/2005	135959.000	-5.977	-5.139	14.399	0.674	105.95
11/02/2005	142959.000	-27.176	-22.347	94.615	0.583	67.07
11/02/2005	145959.000	-22.407	-16.208	115.621	0.624	74.45
11/02/2005	152959.000	-48.090	-44.953	61.137	0.558	79.43
11/02/2005	155959.000	-52.413	-48.803	68.095	0.604	46.36
11/02/2005	162959.000	-45.087	-42.850	44.067	0.603	21.19
11/02/2005	165959.000	-57.175	-54.898	46.651	0.604	6.56
11/02/2005	172959.000	-51.336	-52.512	-16.274	0.629	-2.91
11/02/2005	175959.000	-36.353	-40.227	+9999	0.543	-4.22
11/02/2005	182959.000	-20.035	-20.709	-9.779	0.594	-0.93
11/02/2005	185959.000	1.559	4.531	29.005	0.463	-0.66
11/02/2005	192959.000	25.239	17.464	+9999	0.489	-0.39
11/02/2005	195959.000	14.378	16.224	33.046	0.481	-0.63
11/02/2005	202959.000	14.428	13.134	-25.147	0.504	-0.46
11/02/2005	205959.000	7.003	10.939	73.258	0.539	-0.71
11/02/2005	212959.000	16.593	17.243	17.140	0.496	-0.82
11/02/2005	215959.000	9.223	10.740	+9999	0.458	-0.45
11/02/2005	222959.000	51.090	24.298	+9999	0.464	-0.51
11/02/2005	225959.000	26.975	28.884	+9999	0.497	-0.73
11/02/2005	232959.000	72.439	45.976	+9999	0.532	-1.03
11/02/2005	235959.000	51.219	51.497	7.315	0.554	-1.27
12/02/2005	002959.000	30.459	37.069	+9999	0.519	-0.92
12/02/2005	005959.000	91.396	86.441	+9999	0.478	-0.62
12/02/2005	012959.000	49.383	57.043	101.075	0.445	-0.31
12/02/2005	015959.000	70.737	75.781	+9999	0.517	-0.32
12/02/2005	022959.000	89.500	98.867	162.056	0.621	-0.50
12/02/2005	025959.000	41.239	29.518	+9999	0.668	-0.60
12/02/2005	032959.000	-4.669	9.747	+9999	0.626	-0.20
12/02/2005	035959.000	80.501	100.648	+9999	0.592	-0.62
12/02/2005	042959.000	111.069	81.832	-0.310	0.569	-0.59
12/02/2005	045959.000	67.470	80.177	189.640	0.531	-0.54
12/02/2005	052959.000	61.544	67.118	-1.142	0.537	-0.66
12/02/2005	055959.000	43.741	37.762	-6.391	0.558	-0.58
12/02/2005	062959.000	82.473	90.378	+9999	0.526	-0.66
12/02/2005	065959.000	69.115	49.599	228.841	0.479	-0.09
12/02/2005	072959.000	51.867	50.696	+9999	0.495	3.14
12/02/2005	075959.000	-9.896	-14.092	+9999	0.539	14.08
12/02/2005	082959.000	75.671	50.954	+9999	0.476	19.40
12/02/2005	085959.000	56.971	34.675	+9999	0.487	24.58
12/02/2005	092959.000	14.709	53.787	95.931	0.509	38.40
12/02/2005	095959.000	85.466	66.511	103.085	0.529	50.68
12/02/2005	102959.000	85.911	89.224	45.180	0.584	68.24
12/02/2005	105959.000	34.730	62.321	54.633	0.623	130.74
12/02/2005	112959.000	23.767	17.906	+9999	0.492	109.46
12/02/2005	115959.000	-0.529	-7.658	122.282	0.575	107.62
12/02/2005	122959.000	-22.122	-19.016	39.778	0.521	74.20
12/02/2005	125959.000	-46.132	-42.299	75.974	0.521	42.11
12/02/2005	132959.000	-28.230	-25.566	52.722	0.583	45.26
12/02/2005	135959.000	-30.562	-29.349	26.361	0.484	46.96
12/02/2005	142959.000	-34.008	-30.217	73.781	0.539	52.33
12/02/2005	145959.000	-31.330	-26.206	98.434	0.500	32.80
12/02/2005	152959.000	-15.876	-18.234	+9999	0.557	16.58
12/02/2005	155959.000	-21.683	-17.327	+9999	0.557	16.29
12/02/2005	162959.000	-29.875	-26.138	32.226	0.612	13.41
12/02/2005	165959.000	-38.964	-25.923	215.340	0.613	-3.14
12/02/2005	172959.000	-46.608	-46.514	8.136	0.466	-4.90
12/02/2005	175959.000	-61.628	-59.195	+9999	0.501	-3.03
12/02/2005	182959.000	-46.309	-61.944	+9999	0.592	-1.64
12/02/2005	185959.000	-38.515	-30.166	+9999	0.645	-1.49
12/02/2005	192959.000	-9.362	-8.812	53.456	0.653	-1.48
12/02/2005	195959.000	-19.684	-11.839	189.665	0.683	-1.51
12/02/2005	202959.000	-10.562	-21.410	+9999	0.761	-1.20
12/02/2005	205959.000	-32.858	-18.867	+9999	0.658	-0.66
12/02/2005	212959.000	-8.968	-25.200	+9999	0.691	-0.56
12/02/2005	215959.000	-7.715	-14.308	+9999	0.715	-1.24
12/02/2005	222959.000	-6.842	-7.831	+9999	0.641	-0.66
12/02/2005	225959.000	5.850	12.944	+9999	0.610	-0.52
12/02/2005	232959.000	32.639	7.903	+9999	0.609	-1.72
12/02/2005	235959.000	-24.372	-20.322	22.948	0.569	-7.32
13/02/2005	002959.000	19.439	14.664	-91.843	0.544	-4.25
13/02/2005	005959.000	38.988	10.195	+9999	0.614	-2.94
13/02/2005	012959.000	-8.456	3.054	26.330	0.508	-9.50
13/02/2005	015959.000	-64.966	-59.956	97.034	0.444	-11.33
13/02/2005	022959.000	-52.761	-51.494	27.111	0.389	-14.21
13/02/2005	025959.000	-52.014	-51.162	20.330	0.425	-19.41
13/02/2005	032959.000	-41.496	-38.588	56.412	0.416	-13.86
13/02/2005	035959.000	-31.688	-29.909	35.811	0.403	-12.96
13/02/2005	042959.000	7.588	-1.207	+9999	0.432	-13.00
13/02/2005	045959.000	-48.312	50.715	+9999	0.963	-3.83
13/02/2005	052959.000	-58.768	124.378	+9999	1.329	-5.69
13/02/2005	055959.000	-137.227	67.352	+9999	1.436	-13.93
13/02/2005	062959.000	-72.296	78.265	+9999	1.113	-13.35
13/02/2005	065959.000	-27.878	72.334	+9999	0.815	-9.51
13/02/2005	072959.000	-97.604	62.834	+9999	0.918	0.51
13/02/2005	075959.000	-55.350	48.538	+9999	0.823	22.36
13/02/2005	082959.000	189.982	123.860	+9999	0.861	43.27
13/02/2005	085959.000	135.102	10.719	+9999	1.067	70.80
13/02/2005	092959.000	399.420	97.341	+9999	1.450	80.09
13/02/2005	095959.000	272.263	107.709	+9999	1.704	146.93
13/02/2005	102959.000	409.017	92.896	+9999	1.569	161.47
13/02/2005	105959.000	490.312	152.008	+9999	1.625	101.77
13/02/2005	112959.000	467.212	157.752	+9999	1.286	184.78
13/02/2005	115959.000	399.682	162.085	+9999	1.724	217.20
13/02/2005	122959.000	-6.173	143.837	+9999	1.571	251.69
13/02/2005	125959.000	343.297	117.734	+9999	1.825	74.96
13/02/2005	132959.000	355.013	111.892	+9999	1.935	104.59
13/02/2005	135959.000	522.374	114.980	+9999	1.708	133.08
13/02/2005	142959.000	575.684	186.226	+9999	1.520	73.72
13/02/2005	145959.000	525.212	77.515	370.699	1.833	76.85
13/02/2005	152959.000	85.881	73.894	+9999	1.640	57.19
13/02/2005	155959.000	117.707	325.393	+9999	1.730	17.44
13/02/2005	162959.000	181.221	163.087	+9999	2.373	14.12
13/02/2005	165959.000	-9.218	284.712	+9999	2.352	-0.36
13/02/2005	172959.000	-174.994	308.688	+9999	2.318	-7.10
13/02/2005	175959.000	1.429	154.461	+9999	2.411	-9.62
13/02/2005	182959.000	281.242	48.126	+9999	2.354	-28.06
13/02/2005	185959.000	374.979	68.928	+9999	2.077	-14.19
13/02/2005	192959.000	201.605	58.162	+9999	2.139	-14.72
13/02/2005	195959.000	361.830	176.342	+9999	2.322	-8.88
13/02/2005	202959.000	372.495	157.987	+9999	2.149	-13.33
13/02/2005	205959.000	169.874	18.681	+9999	2.024	-38.40
13/02/2005	212959.000	213.966	95.114	+9999	2.301	-39.63
13/02/2005	215959.000	239.270	104.949	+9999	2.295	-74.29
13/02/2005	222959.000	419.413	330.097	+9999	2.301	-47.38
13/02/2005	225959.000	525.989	338.968	+9999	2.351	-53.70
13/02/2005	232959.000	340.310	218.676	+9999	2.328	-92.04
13/02/2005	235959.000	218.998	126.603	+9999	2.339	-91.92
14/02/2005	002959.000	+9999	+9999	+9999	1.794	-92.29
14/02/2005	005959.000	211.958	171.795	26.494	1.534	-86.15
14/02/2005	012959.000	229.522	167.855	+9999	1.462	-88.81
14/02/2005	015959.000	288.622	195.659	+9999	1.790	-89.21
14/02/2005	022959.000	147.630	75.397	+9999	1.632	-89.02
14/02/2005	025959.000	200.320	141.318	+9999	1.736	-88.28
14/02/2005	032959.000	292.336	184.836	+9999	1.866	-90.13
14/02/2005	035959.000	413.976	254.716	+9999	1.396	-88.86
14/02/2005	042959.000	1.183	-15.114	+9999	0.652	-69.51
14/02/2005	045959.000	-40.363	-39.800	12.018	0.346	-60.91
14/02/2005	052959.000	-36.122	-35.826	8.156	0.386	-29.00
14/02/2005	055959.000	-39.247	-38.904	9.022	0.468	-37.59
14/02/2005	062959.000	-36.856	-37.404	-8.335	0.530	-21.55
14/02/2005	065959.000	-23.747	-16.866	136.524	0.382	-4.43
14/02/2005	072959.000	-30.667	-35.665	-91.377	0.467	-0.55
14/02/2005	075959.000	-20.591	-20.149	13.236	0.489	7.24
14/02/2005	082959.000	2.567	-6.401	+9999	0.363	22.18
14/02/2005	085959.000	-29.715	-23.019	127.963	0.450	118.04
14/02/2005	092959.000	-27.867	-23.248	87.853	0.505	164.89
14/02/2005	095959.000	-10.927	-2.261	162.609	0.550	215.55
14/02/2005	102959.000	-23.314	-13.794	177.392	0.571	161.94
14/02/2005	105959.000	-15.051	-6.149	164.770	0.517	262.36
14/02/2005	112959.000	12.564	23.307	198.231	0.542	256.81
14/02/2005	115959.000	22.452	30.475	147.495	0.505	327.17
14/02/2005	122959.000	24.981	34.913	182.716	0.545	292.87
14/02/2005	125959.000	9.540	19.594	186.086	0.532	257.54
14/02/2005	132959.000	-9.349	-0.672	162.028	0.485	174.46
14/02/2005	135959.000	-20.031	-13.994	113.550	0.438	156.49
14/02/2005	142959.000	-32.826	-26.962	109.236	0.389	124.80
14/02/2005	145959.000	-12.576	-4.886	142.506	0.481	157.68
14/02/2005	152959.000	-31.314	-23.637	142.232	0.458	92.13
14/02/2005	155959.000	-27.033	-21.789	96.442	0.410	86.58
14/02/2005	162959.000	-30.267	-25.519	88.938	0.443	7.67
14/02/2005	165959.000	-21.589	-19.362	42.478	0.309	-31.53
14/02/2005	172959.000	-26.254	-23.504	52.951	0.359	-34.86
14/02/2005	175959.000	-18.105	-15.875	41.597	0.340	-30.48
14/02/2005	182959.000	-11.840	-9.905	36.594	0.345	-44.40
14/02/2005	185959.000	-31.105	-28.736	45.375	0.341	-55.46
14/02/2005	192959.000	-33.619	-31.174	46.906	0.312	-33.19
14/02/2005	195959.000	-12.984	-10.471	47.782	0.323	-40.26
14/02/2005	202959.000	-13.715	-11.849	35.205	0.295	-33.74
14/02/2005	205959.000	-12.153	-9.845	44.190	0.292	-24.24
14/02/2005	212959.000	-20.775	-18.916	35.967	0.270	-22.61
14/02/2005	215959.000	-27.862	-26.641	24.430	0.339	-29.19
14/02/2005	222959.000	-17.377	-15.889	29.372	0.357	-29.58
14/02/2005	225959.000	-24.770	-24.003	16.678	0.325	-38.41
14/02/2005	232959.000	-25.224	-24.305	17.862	0.308	-38.23
14/02/2005	235959.000	-23.674	-22.966	14.862	0.299	-40.93
15/02/2005	002959.000	-21.443	-19.309	41.083	0.363	-31.17
15/02/2005	005959.000	-14.087	-12.746	26.429	0.315	-32.17
15/02/2005	012959.000	-12.079	-10.368	32.629	0.285	-25.70
15/02/2005	015959.000	-12.833	-11.625	24.163	0.272	-49.65
15/02/2005	022959.000	-15.923	-15.146	15.701	0.246	-63.77
15/02/2005	025959.000	-18.419	-18.087	7.155	0.258	-81.15
15/02/2005	032959.000	-17.160	-16.826	7.511	0.212	-59.97
15/02/2005	035959.000	-20.554	-20.640	0.540	0.238	-71.89
15/02/2005	042959.000	-22.647	-22.664	1.313	0.219	-85.33
15/02/2005	045959.000	-21.978	-21.770	5.842	0.261	-56.73
15/02/2005	052959.000	-16.642	-16.657	1.189	0.225	-57.28
15/02/2005	055959.000	-22.045	-22.178	-0.336	0.256	-64.25
15/02/2005	062959.000	-33.927	-33.918	2.218	0.275	-91.61
15/02/2005	065959.000	-2.641	-2.169	6.363	0.204	-62.78
15/02/2005	072959.000	1.752	2.519	15.573	0.253	-9.71
15/02/2005	075959.000	-13.845	-12.453	19.358	0.292	-26.73
15/02/2005	082959.000	-10.151	-8.452	28.497	0.268	1.85
15/02/2005	085959.000	-9.154	-6.675	45.868	0.358	51.45
15/02/2005	092959.000	-7.046	-4.729	43.624	0.312	72.71
15/02/2005	095959.000	-7.740	-5.244	48.981	0.247	45.33
15/02/2005	102959.000	-6.876	-5.066	35.338	0.245	38.76
15/02/2005	105959.000	14.001	17.837	70.579	0.212	140.70
15/02/2005	112959.000	29.054	33.997	90.015	0.327	134.46
15/02/2005	115959.000	7.411	12.669	97.727	0.336	93.89
15/02/2005	122959.000	61.780	69.584	141.959	0.416	309.58
15/02/2005	125959.000	22.759	31.935	169.331	0.418	302.72
15/02/2005	132959.000	32.999	40.474	139.062	0.408	101.98
15/02/2005	135959.000	14.114	24.257	190.965	0.332	169.72
15/02/2005	142959.000	1.771	9.620	147.695	0.387	180.66
15/02/2005	145959.000	2.309	8.827	121.423	0.426	207.38
15/02/2005	152959.000	16.089	25.330	170.871	0.433	215.02
15/02/2005	155959.000	-28.959	-22.482	121.502	0.371	57.24
15/02/2005	162959.000	-47.671	-43.821	73.000	0.386	-5.99
15/02/2005	165959.000	+9999	-60.022	71.053	0.475	-28.13
15/02/2005	172959.000	-49.947	-47.959	39.532	0.385	-62.22
15/02/2005	175959.000	-22.027	-20.638	28.100	0.269	-51.38
15/02/2005	182959.000	-32.787	-30.880	36.972	0.312	-88.03
15/02/2005	185959.000	-36.925	-35.617	27.412	0.273	-92.32
15/02/2005	192959.000	-32.807	-32.069	15.966	0.259	-91.36
15/02/2005	195959.000	-24.180	-22.848	27.260	0.286	-92.42
15/02/2005	202959.000	-8.027	-5.977	36.348	0.313	-92.51
15/02/2005	205959.000	-3.034	-1.766	26.924	0.262	-92.09
15/02/2005	212959.000	-1.784	-0.106	35.726	0.282	-91.88
15/02/2005	215959.000	+9999	+9999	+9999	0.305	-91.97
15/02/2005	222959.000	+9999	+9999	+9999	0.343	-92.15
15/02/2005	225959.000	+9999	+9999	+9999	0.318	-91.71
15/02/2005	232959.000	+9999	+9999	+9999	0.262	-89.82
15/02/2005	235959.000	+9999	+9999	+9999	0.282	-87.09
16/02/2005	002959.000	+9999	+9999	+9999	0.302	-89.87
16/02/2005	005959.000	+9999	+9999	+9999	0.259	-89.35
16/02/2005	012959.000	+9999	+9999	+9999	0.229	-83.76
16/02/2005	015959.000	+9999	+9999	+9999	0.223	-54.58
16/02/2005	022959.000	+9999	+9999	+9999	0.326	-49.24
16/02/2005	025959.000	+9999	+9999	+9999	0.416	-58.50
16/02/2005	032959.000	+9999	+9999	+9999	0.361	-41.74
16/02/2005	035959.000	+9999	+9999	+9999	0.380	-51.90
16/02/2005	042959.000	+9999	+9999	+9999	0.269	-58.60
16/02/2005	045959.000	+9999	+9999	+9999	0.254	-85.01
16/02/2005	052959.000	+9999	+9999	+9999	0.239	-63.51
16/02/2005	055959.000	+9999	+9999	+9999	0.353	-89.95
16/02/2005	062959.000	+9999	+9999	+9999	0.332	-91.08
16/02/2005	065959.000	+9999	+9999	+9999	0.375	-88.19
16/02/2005	072959.000	+9999	+9999	+9999	0.377	-59.50
16/02/2005	075959.000	+9999	+9999	+9999	0.399	-2.51
16/02/2005	082959.000	+9999	+9999	+9999	0.434	75.64
16/02/2005	085959.000	+9999	+9999	+9999	0.452	150.04
16/02/2005	092959.000	+9999	+9999	+9999	0.384	202.84
16/02/2005	095959.000	+9999	+9999	+9999	0.342	180.54
16/02/2005	102959.000	60.443	66.020	113.620	0.366	200.60
16/02/2005	105959.000	4.832	9.790	87.118	0.364	175.49
16/02/2005	112959.000	62.173	68.355	112.250	0.294	382.78
16/02/2005	115959.000	67.874	75.381	136.927	0.340	262.47
16/02/2005	122959.000	34.664	40.377	106.067	0.333	158.14
16/02/2005	125959.000	23.603	29.464	108.385	0.309	108.68
16/02/2005	132959.000	35.109	41.294	114.170	0.330	166.95
16/02/2005	135959.000	14.481	20.473	111.632	0.294	106.39
16/02/2005	142959.000	80.254	89.611	170.903	0.467	212.39
16/02/2005	145959.000	11.517	15.853	80.051	0.352	70.57
16/02/2005	152959.000	7.651	12.179	83.935	0.287	69.10
16/02/2005	155959.000	-8.991	-5.244	70.264	0.330	-3.76
16/02/2005	162959.000	-16.829	-13.499	64.277	0.297	-17.48
16/02/2005	165959.000	-12.789	-9.932	51.699	0.255	-45.48
16/02/2005	172959.000	-3.392	-0.433	53.353	0.275	-43.86
16/02/2005	175959.000	-3.518	-0.266	60.673	0.252	-24.52
16/02/2005	182959.000	-1.845	0.002	34.202	0.259	-22.44
16/02/2005	185959.000	-2.569	-0.238	+9999	0.261	-21.57
16/02/2005	192959.000	+9999	+9999	+9999	0.270	-21.41
16/02/2005	195959.000	+9999	+9999	+9999	0.238	-21.04
16/02/2005	202959.000	+9999	+9999	+9999	0.264	-22.83
16/02/2005	205959.000	+9999	+9999	+9999	0.242	-22.76
16/02/2005	212959.000	+9999	+9999	+9999	0.261	-22.28
16/02/2005	215959.000	+9999	+9999	+9999	0.291	-21.83
16/02/2005	222959.000	+9999	+9999	+9999	0.259	-22.20
16/02/2005	225959.000	+9999	+9999	+9999	0.227	-22.61
16/02/2005	232959.000	+9999	+9999	+9999	0.216	-21.57
16/02/2005	235959.000	+9999	+9999	+9999	0.188	-20.64
17/02/2005	002959.000	+9999	+9999	+9999	0.276	-20.04
17/02/2005	005959.000	+9999	+9999	+9999	0.176	-19.46
17/02/2005	012959.000	+9999	+9999	+9999	0.212	-19.17
17/02/2005	015959.000	+9999	+9999	+9999	0.235	-19.48
17/02/2005	022959.000	+9999	+9999	+9999	0.234	-19.61
17/02/2005	025959.000	+9999	+9999	+9999	0.255	-18.76
17/02/2005	032959.000	+9999	+9999	+9999	0.261	-19.14
17/02/2005	035959.000	+9999	+9999	+9999	0.298	-20.24
17/02/2005	042959.000	+9999	+9999	+9999	0.323	-20.62
17/02/2005	045959.000	+9999	+9999	+9999	0.303	-20.73
17/02/2005	052959.000	+9999	+9999	+9999	0.280	-21.71
17/02/2005	055959.000	+9999	+9999	+9999	0.285	-22.83
17/02/2005	062959.000	+9999	+9999	+9999	0.198	-22.76
17/02/2005	065959.000	+9999	+9999	+9999	0.197	-21.87
17/02/2005	072959.000	+9999	+9999	+9999	0.213	-12.94
17/02/2005	075959.000	+9999	+9999	+9999	0.177	9.19
17/02/2005	082959.000	+9999	+9999	+9999	0.248	37.95
17/02/2005	085959.000	+9999	+9999	+9999	0.282	73.98
17/02/2005	092959.000	+9999	+9999	+9999	0.221	137.13
17/02/2005	095959.000	+9999	+9999	+9999	0.313	163.09
17/02/2005	102959.000	+9999	+9999	+9999	0.232	129.65
17/02/2005	105959.000	+9999	+9999	+9999	0.282	177.25
17/02/2005	112959.000	+9999	+9999	+9999	0.242	151.49
17/02/2005	115959.000	+9999	+9999	+9999	0.150	193.29
17/02/2005	122959.000	+9999	+9999	+9999	0.293	175.97
17/02/2005	125959.000	+9999	+9999	+9999	0.227	105.26
17/02/2005	132959.000	+9999	+9999	+9999	0.222	104.27
17/02/2005	135959.000	+9999	+9999	+9999	0.249	81.73
17/02/2005	142959.000	+9999	+9999	+9999	0.235	55.01
17/02/2005	145959.000	+9999	+9999	+9999	0.276	46.62
17/02/2005	152959.000	+9999	+9999	+9999	0.226	16.84
17/02/2005	155959.000	+9999	+9999	+9999	0.216	5.74
17/02/2005	162959.000	+9999	+9999	+9999	0.230	-6.87
17/02/2005	165959.000	+9999	+9999	+9999	0.201	-14.07
17/02/2005	172959.000	+9999	+9999	+9999	0.177	-18.89
17/02/2005	175959.000	+9999	+9999	+9999	0.223	-21.58
17/02/2005	182959.000	+9999	+9999	+9999	0.212	-21.82
17/02/2005	185959.000	+9999	+9999	+9999	0.212	-21.39
17/02/2005	192959.000	+9999	+9999	+9999	0.224	-21.17
17/02/2005	195959.000	+9999	+9999	+9999	0.236	-21.03
17/02/2005	202959.000	+9999	+9999	+9999	0.245	-20.63
17/02/2005	205959.000	+9999	+9999	+9999	0.267	-20.44
17/02/2005	212959.000	+9999	+9999	+9999	0.241	-20.30
17/02/2005	215959.000	+9999	+9999	+9999	0.247	-20.43
17/02/2005	222959.000	+9999	+9999	+9999	0.201	-20.40
17/02/2005	225959.000	+9999	+9999	+9999	0.196	-20.17
17/02/2005	232959.000	+9999	+9999	+9999	0.191	-20.17
17/02/2005	235959.000	+9999	+9999	+9999	0.185	-19.92
18/02/2005	002959.000	+9999	+9999	+9999	0.181	-19.83
18/02/2005	005959.000	+9999	+9999	+9999	0.128	-19.46
18/02/2005	012959.000	+9999	+9999	+9999	0.120	-19.44
18/02/2005	015959.000	+9999	+9999	+9999	0.115	-19.34
18/02/2005	022959.000	+9999	+9999	+9999	0.119	-19.48
18/02/2005	025959.000	+9999	+9999	+9999	0.135	-20.09
18/02/2005	032959.000	+9999	+9999	+9999	0.155	-20.78
18/02/2005	035959.000	+9999	+9999	+9999	0.160	-21.16
18/02/2005	042959.000	+9999	+9999	+9999	0.111	-20.94
18/02/2005	045959.000	+9999	+9999	+9999	0.144	-18.73
18/02/2005	052959.000	+9999	+9999	+9999	0.110	-18.01
18/02/2005	055959.000	+9999	+9999	+9999	0.091	-18.20
18/02/2005	062959.000	+9999	+9999	+9999	0.127	-18.61
18/02/2005	065959.000	+9999	+9999	+9999	0.141	-18.09
18/02/2005	072959.000	+9999	+9999	+9999	0.102	-13.22
18/02/2005	075959.000	+9999	+9999	+9999	0.186	-3.68
18/02/2005	082959.000	+9999	+9999	+9999	0.161	6.32
18/02/2005	085959.000	+9999	+9999	+9999	0.119	14.97
18/02/2005	092959.000	+9999	+9999	+9999	0.122	21.89
18/02/2005	095959.000	+9999	+9999	+9999	0.134	28.53
18/02/2005	102959.000	+9999	+9999	+9999	0.181	30.38
18/02/2005	105959.000	+9999	+9999	+9999	0.114	35.41
18/02/2005	112959.000	+9999	+9999	+9999	0.187	54.75
18/02/2005	115959.000	+9999	+9999	+9999	0.248	74.99
18/02/2005	122959.000	+9999	+9999	+9999	0.237	80.73
18/02/2005	125959.000	+9999	+9999	+9999	0.194	94.03
18/02/2005	132959.000	+9999	+9999	+9999	0.109	128.83
18/02/2005	135959.000	+9999	+9999	+9999	0.188	157.32
18/02/2005	142959.000	+9999	+9999	+9999	0.223	128.74
18/02/2005	145959.000	+9999	+9999	+9999	0.227	115.52
18/02/2005	152959.000	12.143	15.367	70.623	0.234	83.55
18/02/2005	155959.000	2.183	3.889	32.610	0.168	45.68
18/02/2005	162959.000	0.498	2.301	35.183	0.213	13.75
18/02/2005	165959.000	-3.822	-2.273	30.217	0.245	-11.67
18/02/2005	172959.000	-4.267	-3.254	18.943	0.194	-35.01
18/02/2005	175959.000	-4.284	-3.584	14.692	0.216	-23.10
18/02/2005	182959.000	-6.428	-5.377	19.900	0.224	-20.74
18/02/2005	185959.000	-9.222	-7.730	29.329	0.305	-20.12
18/02/2005	192959.000	-6.840	-5.509	25.503	0.282	-20.75
18/02/2005	195959.000	-2.973	-2.083	17.576	0.210	-18.82
18/02/2005	202959.000	-8.163	-6.501	32.754	0.260	-19.20
18/02/2005	205959.000	-6.749	-5.113	31.104	0.239	-17.34
18/02/2005	212959.000	-0.585	0.861	27.172	0.200	-16.32
18/02/2005	215959.000	-6.864	-6.293	11.158	0.176	-16.02
18/02/2005	222959.000	-2.904	-1.916	19.030	0.182	-16.34
18/02/2005	225959.000	-6.675	-5.838	16.472	0.172	-19.04
18/02/2005	232959.000	-12.975	-12.064	19.491	0.197	-20.57
18/02/2005	235959.000	-15.239	-14.016	24.692	0.232	-24.94
19/02/2005	002959.000	-17.119	-15.401	31.569	0.269	-17.06
19/02/2005	005959.000	-15.234	-13.311	36.277	0.298	-15.31
19/02/2005	012959.000	-16.095	-15.015	21.728	0.321	-14.16
19/02/2005	015959.000	-10.097	-8.779	26.306	0.235	-7.74
19/02/2005	022959.000	-10.511	-9.218	25.759	0.286	-6.54
19/02/2005	025959.000	3.900	4.975	19.609	0.221	-5.18
19/02/2005	032959.000	-5.801	-4.460	26.066	0.207	-3.86
19/02/2005	035959.000	7.549	8.120	7.912	0.256	-3.86
19/02/2005	042959.000	-5.059	-0.878	+9999	0.307	-2.78
19/02/2005	045959.000	0.475	-0.860	-19.395	0.359	-2.15
19/02/2005	052959.000	-16.350	-15.195	25.062	0.314	-4.40
19/02/2005	055959.000	-20.301	-16.304	79.647	0.420	-39.80
19/02/2005	062959.000	-12.597	-11.452	17.786	0.430	-42.27
19/02/2005	065959.000	1.242	1.763	9.750	0.376	-12.18
19/02/2005	072959.000	2.414	-6.743	+9999	0.414	3.22
19/02/2005	075959.000	-7.735	-7.548	6.347	0.355	29.11
19/02/2005	082959.000	-5.161	-5.794	45.013	0.370	26.60
19/02/2005	085959.000	-3.075	3.481	83.044	0.324	52.05
19/02/2005	092959.000	-16.602	-13.663	59.191	0.441	38.85
19/02/2005	095959.000	8.333	11.139	52.094	0.427	64.00
19/02/2005	102959.000	10.783	14.016	60.178	0.430	92.03
19/02/2005	105959.000	6.262	10.516	78.221	0.427	189.82
19/02/2005	112959.000	7.528	13.904	117.408	0.453	276.85
19/02/2005	115959.000	8.797	14.342	102.835	0.442	208.46
19/02/2005	122959.000	-16.824	-13.000	71.287	0.475	87.20
19/02/2005	125959.000	-30.517	-24.385	115.440	0.599	178.17
19/02/2005	132959.000	83.673	54.195	+9999	0.522	158.01
19/02/2005	135959.000	-13.301	-13.329	-0.434	0.671	311.55
19/02/2005	142959.000	-59.028	-47.969	207.586	0.630	180.84
19/02/2005	145959.000	+9999	+9999	105.517	0.520	22.08
19/02/2005	152959.000	-43.397	-37.388	119.602	0.454	43.12
19/02/2005	155959.000	6.007	4.219	+9999	0.276	81.69
19/02/2005	162959.000	-51.117	-50.583	13.214	0.392	8.66
19/02/2005	165959.000	-9.238	-6.934	44.132	0.304	-7.94
19/02/2005	172959.000	-12.670	-11.380	24.661	0.262	-52.24
19/02/2005	175959.000	-22.443	-21.158	25.534	0.246	-66.98
19/02/2005	182959.000	-17.512	-16.860	13.153	0.146	-33.31
19/02/2005	185959.000	-12.225	-11.893	6.849	0.144	-25.02
19/02/2005	192959.000	-23.030	-22.526	10.903	0.198	-22.08
19/02/2005	195959.000	-20.746	-19.848	18.420	0.232	-32.38
19/02/2005	202959.000	-23.400	-22.829	11.637	0.217	-72.07
19/02/2005	205959.000	-16.787	-16.515	6.238	0.155	-84.09
19/02/2005	212959.000	-8.581	-8.603	0.005	0.105	-52.93
19/02/2005	215959.000	-9.684	-9.682	0.735	0.113	-33.86
19/02/2005	222959.000	-14.362	-14.202	3.745	0.140	-28.17
19/02/2005	225959.000	-9.135	-8.863	5.232	0.123	-31.43
19/02/2005	232959.000	-10.777	-10.441	6.600	0.143	-35.40
19/02/2005	235959.000	-7.034	-6.882	3.369	0.126	-40.20
20/02/2005	002959.000	-6.852	-8.095	-22.214	0.121	-36.20
20/02/2005	005959.000	-3.960	-3.911	1.282	0.112	-81.53
20/02/2005	012959.000	-23.467	-23.472	1.242	0.196	-45.06
20/02/2005	015959.000	-21.023	-20.517	10.790	0.193	-19.49
20/02/2005	022959.000	-8.384	-7.842	10.922	0.193	-31.16
20/02/2005	025959.000	-7.462	-7.322	3.282	0.209	-19.84
20/02/2005	032959.000	-13.917	-14.503	-10.458	0.259	-53.63
20/02/2005	035959.000	-13.671	-14.558	-15.264	0.294	-51.46
20/02/2005	042959.000	-9.801	-9.445	7.118	0.277	-25.25
20/02/2005	045959.000	-7.323	-6.714	12.158	0.289	-24.38
20/02/2005	052959.000	-4.562	-3.622	17.751	0.250	-22.04
20/02/2005	055959.000	-1.732	-0.834	17.492	0.259	-21.82
20/02/2005	062959.000	-2.495	-1.773	13.652	0.248	-20.35
20/02/2005	065959.000	-2.898	-2.339	10.069	0.192	-21.30
20/02/2005	072959.000	-1.624	-1.048	10.750	0.229	-10.89
20/02/2005	075959.000	1.861	2.637	14.836	0.211	5.55
20/02/2005	082959.000	1.281	2.698	28.230	0.230	21.65
20/02/2005	085959.000	1.143	3.153	36.643	0.296	43.01
20/02/2005	092959.000	-1.234	-3.180	+9999	0.275	51.58
20/02/2005	095959.000	6.785	9.320	56.618	0.278	74.70
20/02/2005	102959.000	21.539	24.698	57.690	0.263	72.02
20/02/2005	105959.000	21.099	24.028	52.547	0.238	54.95
20/02/2005	112959.000	9.940	13.073	57.907	0.256	45.98
20/02/2005	115959.000	12.448	15.116	49.531	0.265	63.16
20/02/2005	122959.000	6.795	8.467	31.894	0.198	66.07
20/02/2005	125959.000	30.305	33.538	59.132	0.229	107.27
20/02/2005	132959.000	29.122	33.103	72.061	0.259	132.39
20/02/2005	135959.000	9.348	13.168	63.579	0.218	92.00
20/02/2005	142959.000	13.996	16.370	42.696	0.183	64.30
20/02/2005	145959.000	25.641	29.558	72.353	0.269	113.81
20/02/2005	152959.000	-3.150	-0.918	+9999	0.293	18.12
20/02/2005	155959.000	-7.308	-4.416	63.356	0.252	32.66
20/02/2005	162959.000	-12.064	-10.589	29.489	0.244	8.29
20/02/2005	165959.000	-19.260	-18.337	18.630	0.218	-21.68
20/02/2005	172959.000	-9.197	-8.636	10.814	0.198	-51.71
20/02/2005	175959.000	-1.900	-0.914	17.102	0.167	-35.09
20/02/2005	182959.000	-1.910	-0.945	15.892	0.161	-31.46
20/02/2005	185959.000	-1.803	-1.084	10.915	0.155	-73.84
20/02/2005	192959.000	-1.959	-1.428	9.177	0.174	-91.51
20/02/2005	195959.000	-1.324	-0.355	+9999	0.176	-93.30
20/02/2005	202959.000	+9999	+9999	+9999	0.123	-92.52
20/02/2005	205959.000	+9999	+9999	+9999	0.147	-91.65
20/02/2005	212959.000	+9999	+9999	+9999	0.165	-93.43
20/02/2005	215959.000	+9999	+9999	+9999	0.148	-93.17
20/02/2005	222959.000	+9999	+9999	+9999	0.117	-92.24
20/02/2005	225959.000	+9999	+9999	+9999	0.144	-90.54
20/02/2005	232959.000	+9999	+9999	+9999	0.149	-90.33
20/02/2005	235959.000	+9999	+9999	+9999	0.144	-84.81
21/02/2005	002959.000	+9999	+9999	+9999	0.200	-88.80
21/02/2005	005959.000	+9999	+9999	+9999	0.202	-86.33
21/02/2005	012959.000	+9999	+9999	+9999	0.213	-87.38
21/02/2005	015959.000	+9999	+9999	+9999	0.212	-85.65
21/02/2005	022959.000	+9999	+9999	+9999	0.206	-57.92
21/02/2005	025959.000	+9999	+9999	+9999	0.282	-64.73
21/02/2005	032959.000	+9999	+9999	+9999	0.289	-70.20
21/02/2005	035959.000	+9999	+9999	+9999	0.227	-46.88
21/02/2005	042959.000	+9999	+9999	+9999	0.198	-63.89
21/02/2005	045959.000	+9999	+9999	+9999	0.240	-53.51
21/02/2005	052959.000	+9999	+9999	+9999	0.217	-30.38
21/02/2005	055959.000	+9999	+9999	+9999	0.272	-23.11
21/02/2005	062959.000	+9999	+9999	+9999	0.263	-24.70
21/02/2005	065959.000	+9999	+9999	+9999	0.272	-17.96
21/02/2005	072959.000	+9999	+9999	+9999	0.250	-3.10
21/02/2005	075959.000	+9999	+9999	+9999	0.293	12.84
21/02/2005	082959.000	+9999	+9999	+9999	0.239	15.82
21/02/2005	085959.000	+9999	+9999	+9999	0.250	32.33
21/02/2005	092959.000	+9999	+9999	+9999	0.234	103.12
21/02/2005	095959.000	+9999	+9999	+9999	0.316	174.33
21/02/2005	102959.000	+9999	+9999	+9999	0.283	208.93
21/02/2005	105959.000	+9999	+9999	+9999	0.370	217.67
21/02/2005	112959.000	+9999	+9999	+9999	0.432	201.20
21/02/2005	115959.000	+9999	+9999	+9999	0.416	175.03
21/02/2005	122959.000	+9999	+9999	+9999	0.317	151.02
21/02/2005	125959.000	+9999	+9999	+9999	0.334	239.87
21/02/2005	132959.000	74.055	80.614	117.953	0.306	341.73
21/02/2005	135959.000	77.338	84.314	126.068	0.341	293.01
21/02/2005	142959.000	71.415	77.847	116.012	0.350	211.19
21/02/2005	145959.000	12.669	15.959	61.159	0.290	87.92
21/02/2005	152959.000	11.161	14.798	68.261	0.258	84.03
21/02/2005	155959.000	0.180	2.861	50.220	0.260	39.94
21/02/2005	162959.000	-6.019	-3.750	42.266	0.239	-18.14
21/02/2005	165959.000	-12.827	-12.326	10.444	0.172	-64.72
21/02/2005	172959.000	-20.866	-19.481	28.579	0.296	-80.50
21/02/2005	175959.000	-6.399	-5.430	21.782	0.287	-82.56
21/02/2005	182959.000	1.377	-0.108	+9999	0.233	-66.33
21/02/2005	185959.000	+9999	+9999	+9999	0.236	-30.00
21/02/2005	192959.000	+9999	+9999	+9999	0.116	-36.51
21/02/2005	195959.000	+9999	+9999	+9999	0.139	-27.88
21/02/2005	202959.000	+9999	+9999	+9999	0.120	-10.15
21/02/2005	205959.000	+9999	+9999	+9999	0.095	-8.09
21/02/2005	212959.000	+9999	+9999	+9999	0.058	-54.72
21/02/2005	215959.000	+9999	+9999	+9999	0.060	-27.18
21/02/2005	222959.000	+9999	+9999	+9999	0.182	-51.40
21/02/2005	225959.000	+9999	+9999	+9999	0.187	-56.94
21/02/2005	232959.000	+9999	+9999	+9999	0.156	-27.79
21/02/2005	235959.000	+9999	+9999	+9999	0.178	-7.00
22/02/2005	002959.000	+9999	+9999	+9999	0.122	-6.74
22/02/2005	005959.000	+9999	+9999	+9999	0.068	-20.47
22/02/2005	012959.000	+9999	+9999	+9999	0.057	-32.85
22/02/2005	015959.000	+9999	+9999	+9999	0.076	-12.30
22/02/2005	022959.000	+9999	+9999	+9999	0.039	-1.63
22/02/2005	025959.000	+9999	+9999	+9999	0.075	-3.19
22/02/2005	032959.000	+9999	+9999	+9999	0.076	-2.35
22/02/2005	035959.000	+9999	+9999	+9999	0.100	-3.10
22/02/2005	042959.000	+9999	+9999	+9999	0.088	-5.45
22/02/2005	045959.000	+9999	+9999	+9999	0.084	-6.57
22/02/2005	052959.000	+9999	+9999	+9999	0.078	-7.41
22/02/2005	055959.000	+9999	+9999	+9999	0.092	-13.23
22/02/2005	062959.000	+9999	+9999	+9999	0.159	-24.72
22/02/2005	065959.000	+9999	+9999	+9999	0.232	-24.39
22/02/2005	072959.000	+9999	+9999	+9999	0.134	-1.26
22/02/2005	075959.000	+9999	+9999	+9999	0.141	10.85
22/02/2005	082959.000	+9999	+9999	+9999	0.278	19.51
22/02/2005	085959.000	+9999	+9999	+9999	0.291	81.42
22/02/2005	092959.000	+9999	+9999	+9999	0.312	137.45
22/02/2005	095959.000	+9999	+9999	+9999	0.370	164.19
22/02/2005	102959.000	8.874	1.692	+9999	0.328	253.02
22/02/2005	105959.000	-2.132	4.468	121.489	0.282	326.50
22/02/2005	112959.000	26.176	33.931	135.534	0.230	211.27
22/02/2005	115959.000	49.404	55.292	108.477	0.188	229.26
22/02/2005	122959.000	67.606	74.512	126.313	0.160	242.45
22/02/2005	125959.000	91.834	99.553	138.761	0.211	280.81
22/02/2005	132959.000	122.320	131.754	169.888	0.287	308.03
22/02/2005	135959.000	98.846	107.133	147.948	0.189	264.88
22/02/2005	142959.000	46.879	52.567	103.835	0.168	138.83
22/02/2005	145959.000	55.951	60.957	89.991	0.208	184.00
22/02/2005	152959.000	22.291	27.366	94.132	0.245	89.19
22/02/2005	155959.000	8.980	12.267	60.542	0.169	29.86
22/02/2005	162959.000	-1.233	1.172	46.524	0.177	-9.04
22/02/2005	165959.000	-10.963	-9.714	24.618	0.197	-41.93
22/02/2005	172959.000	-15.369	-14.780	11.781	0.167	-65.62
22/02/2005	175959.000	-14.770	-13.925	16.946	0.180	-79.23
22/02/2005	182959.000	-3.887	-3.781	2.313	0.105	-90.25
22/02/2005	185959.000	-1.025	-0.859	3.918	0.098	-83.71
22/02/2005	192959.000	-0.559	-0.400	3.746	0.098	-89.68
22/02/2005	195959.000	-0.339	0.060	+9999	0.126	-91.27
22/02/2005	202959.000	+9999	+9999	+9999	0.173	-91.89
22/02/2005	205959.000	+9999	+9999	+9999	0.199	-90.84
22/02/2005	212959.000	+9999	+9999	+9999	0.200	-89.76
22/02/2005	215959.000	+9999	+9999	+9999	0.183	-79.88
22/02/2005	222959.000	+9999	+9999	+9999	0.163	-51.11
22/02/2005	225959.000	+9999	+9999	+9999	0.214	-52.57
22/02/2005	232959.000	+9999	+9999	+9999	0.176	-58.36
22/02/2005	235959.000	+9999	+9999	+9999	0.148	-45.29
23/02/2005	002959.000	+9999	+9999	+9999	0.149	-39.38
23/02/2005	005959.000	+9999	+9999	+9999	0.107	-59.74
23/02/2005	012959.000	+9999	+9999	+9999	0.166	-47.29
23/02/2005	015959.000	+9999	+9999	+9999	0.193	-30.51
23/02/2005	022959.000	+9999	+9999	+9999	0.186	-45.25
23/02/2005	025959.000	+9999	+9999	+9999	0.197	-51.88
23/02/2005	032959.000	+9999	+9999	+9999	0.183	-65.96
23/02/2005	035959.000	+9999	+9999	+9999	0.176	-90.06
23/02/2005	042959.000	+9999	+9999	+9999	0.125	-88.75
23/02/2005	045959.000	+9999	+9999	+9999	0.095	-87.96
23/02/2005	052959.000	+9999	+9999	+9999	0.131	-86.87
23/02/2005	055959.000	+9999	+9999	+9999	0.140	-83.58
23/02/2005	062959.000	+9999	+9999	+9999	0.136	-79.84
23/02/2005	065959.000	+9999	+9999	+9999	0.133	-74.32
23/02/2005	072959.000	+9999	+9999	+9999	0.128	-33.87
23/02/2005	075959.000	+9999	+9999	+9999	0.172	36.44
23/02/2005	082959.000	+9999	+9999	+9999	0.182	106.28
23/02/2005	085959.000	+9999	+9999	+9999	0.175	161.36
23/02/2005	092959.000	+9999	+9999	+9999	0.166	226.04
23/02/2005	095959.000	+9999	+9999	+9999	0.190	280.12
23/02/2005	102959.000	+9999	+9999	+9999	0.193	256.32
23/02/2005	105959.000	+9999	270.788	+9999	0.216	167.45
23/02/2005	112959.000	-23.915	-19.705	77.722	0.146	278.74
23/02/2005	115959.000	9.488	12.818	64.476	0.132	285.13
23/02/2005	122959.000	68.011	76.205	148.327	0.229	333.13
23/02/2005	125959.000	113.868	123.659	174.451	0.284	335.20
23/02/2005	132959.000	121.104	128.687	135.632	0.102	322.07
23/02/2005	135959.000	112.810	121.684	159.835	0.265	322.89
23/02/2005	142959.000	92.472	100.530	144.870	0.239	259.76
23/02/2005	145959.000	60.082	66.008	107.090	0.267	176.87
23/02/2005	152959.000	58.686	65.054	116.934	0.312	149.97
23/02/2005	155959.000	28.165	32.846	85.071	0.276	92.46
23/02/2005	162959.000	1.735	4.708	57.215	0.203	7.29
23/02/2005	165959.000	-4.553	-2.778	32.967	0.138	-14.24
23/02/2005	172959.000	-1.593	-1.416	4.391	0.094	-53.60
23/02/2005	175959.000	-0.126	-0.078	1.147	0.032	-56.08
23/02/2005	182959.000	0.375	0.407	0.345	0.023	-57.59
23/02/2005	185959.000	-0.073	-0.070	-0.051	0.022	-70.66
23/02/2005	192959.000	-0.055	-0.033	0.089	0.027	-45.55
23/02/2005	195959.000	-1.608	-1.590	0.360	0.049	-32.04
23/02/2005	202959.000	0.797	0.771	-1.037	0.065	-47.51
23/02/2005	205959.000	0.246	0.281	0.179	0.029	-60.70
23/02/2005	212959.000	1.201	1.025	0.015	0.042	-64.59
23/02/2005	215959.000	-0.272	-0.421	0.631	0.047	-30.86
23/02/2005	222959.000	-0.276	-0.247	0.535	0.033	-35.32
23/02/2005	225959.000	0.044	0.025	-0.629	0.010	-64.08
23/02/2005	232959.000	-0.110	-0.090	+9999	0.024	-24.27
23/02/2005	235959.000	+9999	+9999	+9999	0.016	-25.31
24/02/2005	002959.000	+9999	+9999	+9999	0.052	-18.78
24/02/2005	005959.000	+9999	+9999	+9999	0.049	-24.33
24/02/2005	012959.000	+9999	+9999	+9999	0.039	-23.14
24/02/2005	015959.000	+9999	+9999	+9999	0.023	-16.87
24/02/2005	022959.000	+9999	+9999	+9999	0.067	-18.12
24/02/2005	025959.000	+9999	+9999	+9999	0.041	-19.95
24/02/2005	032959.000	+9999	+9999	+9999	0.048	-20.21
24/02/2005	035959.000	+9999	+9999	+9999	0.036	-15.16
24/02/2005	042959.000	+9999	+9999	+9999	0.030	-15.94
24/02/2005	045959.000	+9999	+9999	+9999	0.052	-27.67
24/02/2005	052959.000	+9999	+9999	+9999	0.023	-41.07
24/02/2005	055959.000	+9999	+9999	+9999	0.030	-66.42
24/02/2005	062959.000	+9999	+9999	+9999	0.034	-80.02
24/02/2005	065959.000	+9999	+9999	+9999	0.034	-69.00
24/02/2005	072959.000	+9999	+9999	+9999	0.064	-53.37
24/02/2005	075959.000	+9999	+9999	+9999	0.043	-36.54
24/02/2005	082959.000	+9999	+9999	+9999	0.047	-22.37
24/02/2005	085959.000	+9999	+9999	+9999	0.039	0.56
24/02/2005	092959.000	+9999	+9999	+9999	0.086	210.63
24/02/2005	095959.000	39.297	44.434	95.048	0.127	276.08
24/02/2005	102959.000	84.576	89.646	90.623	0.121	339.27
24/02/2005	105959.000	101.745	107.194	96.529	0.201	364.93
24/02/2005	112959.000	140.429	147.982	133.314	0.182	411.83
24/02/2005	115959.000	127.354	134.209	120.943	0.249	400.64
24/02/2005	122959.000	105.570	110.710	90.471	0.221	341.53
24/02/2005	125959.000	156.116	166.235	180.579	0.319	348.91
24/02/2005	132959.000	165.659	174.595	157.162	0.294	404.32
24/02/2005	135959.000	149.421	159.366	175.701	0.268	377.51
24/02/2005	142959.000	114.722	125.635	196.431	0.276	375.65
24/02/2005	145959.000	41.685	47.519	105.856	0.225	121.88
24/02/2005	152959.000	26.746	30.368	66.967	0.163	75.14
24/02/2005	155959.000	11.990	14.993	54.881	0.218	52.60
24/02/2005	162959.000	2.196	4.664	45.922	0.165	22.15
24/02/2005	165959.000	-9.865	-8.220	30.591	0.118	-10.90
24/02/2005	172959.000	-3.077	-2.566	9.284	0.070	-27.57
24/02/2005	175959.000	-1.265	-1.251	0.058	0.035	-57.53
24/02/2005	182959.000	-3.946	-3.709	4.422	0.063	-49.31
24/02/2005	185959.000	-0.742	-0.737	0.297	0.035	-72.30
24/02/2005	192959.000	-1.250	-1.263	-0.051	0.037	-77.82
24/02/2005	195959.000	-1.507	-1.513	-0.004	0.046	-58.06
24/02/2005	202959.000	-0.369	-0.365	0.156	0.030	-55.35
24/02/2005	205959.000	-0.434	-0.431	0.169	0.031	-73.52
24/02/2005	212959.000	-0.767	-0.756	0.119	0.039	-77.60
24/02/2005	215959.000	-0.306	-0.298	0.010	0.032	-75.85
24/02/2005	222959.000	-0.559	-0.526	0.667	0.041	-61.94
24/02/2005	225959.000	-3.764	-3.763	-0.035	0.060	-34.69
24/02/2005	232959.000	-0.624	-0.500	0.572	0.040	-75.60
24/02/2005	235959.000	-1.278	-1.051	1.182	0.069	-68.56
25/02/2005	002959.000	0.328	0.484	6.865	0.074	-74.37
25/02/2005	005959.000	0.329	0.284	-0.021	0.050	-73.60
25/02/2005	012959.000	+9999	+9999	+9999	0.043	-73.26
25/02/2005	015959.000	+9999	+9999	+9999	0.061	-74.66
25/02/2005	022959.000	+9999	+9999	+9999	0.045	-75.48
25/02/2005	025959.000	+9999	+9999	+9999	0.028	-75.52
25/02/2005	032959.000	+9999	+9999	+9999	0.046	-76.19
25/02/2005	035959.000	+9999	+9999	+9999	0.090	-76.83
25/02/2005	042959.000	+9999	+9999	+9999	0.073	-78.03
25/02/2005	045959.000	+9999	+9999	+9999	0.036	-76.88
25/02/2005	052959.000	+9999	+9999	+9999	0.036	-72.42
25/02/2005	055959.000	+9999	+9999	+9999	0.046	-74.88
25/02/2005	062959.000	+9999	+9999	+9999	0.069	-72.91
25/02/2005	065959.000	+9999	+9999	+9999	0.059	-54.62
25/02/2005	072959.000	+9999	+9999	+9999	0.045	2.65
25/02/2005	075959.000	+9999	+9999	+9999	0.086	49.97
25/02/2005	082959.000	+9999	+9999	+9999	0.080	104.16
25/02/2005	085959.000	+9999	+9999	+9999	0.115	175.61
25/02/2005	092959.000	+9999	+9999	+9999	0.199	242.12
25/02/2005	095959.000	4.085	7.153	52.328	0.188	296.19
25/02/2005	102959.000	112.375	118.668	111.898	0.187	337.16
25/02/2005	105959.000	133.314	138.942	96.970	0.179	365.70
25/02/2005	112959.000	168.547	177.249	152.182	0.239	384.33
25/02/2005	115959.000	173.588	182.596	157.396	0.226	396.79
25/02/2005	122959.000	147.525	155.810	145.258	0.208	391.38
25/02/2005	125959.000	142.249	149.373	123.993	0.093	387.82
25/02/2005	132959.000	142.545	149.814	126.364	0.306	354.02
25/02/2005	135959.000	103.302	109.434	107.248	0.195	258.09
25/02/2005	142959.000	98.475	104.572	106.427	0.259	272.85
25/02/2005	145959.000	90.175	95.365	91.050	0.199	236.78
25/02/2005	152959.000	45.938	49.714	66.886	0.175	164.86
25/02/2005	155959.000	18.897	21.018	36.350	0.111	83.39
25/02/2005	162959.000	3.620	4.833	21.380	0.087	9.83
25/02/2005	165959.000	-4.038	-3.917	3.096	0.076	-57.93
25/02/2005	172959.000	-3.246	-3.184	1.000	0.092	-68.83
25/02/2005	175959.000	-8.367	-8.342	0.727	0.134	-72.90
25/02/2005	182959.000	-11.980	-11.794	3.974	0.164	-78.12
25/02/2005	185959.000	-11.051	-10.857	4.287	0.131	-72.77
25/02/2005	192959.000	-9.336	-9.343	0.500	0.112	-73.27
25/02/2005	195959.000	-5.117	-5.136	-0.109	0.082	-75.18
25/02/2005	202959.000	-0.800	-0.798	0.105	0.051	-74.44
25/02/2005	205959.000	-0.186	-0.165	0.344	0.028	-74.69
25/02/2005	212959.000	-3.835	-3.855	-0.079	0.074	-75.62
25/02/2005	215959.000	-2.292	-2.326	-0.587	0.051	-72.27
25/02/2005	222959.000	-4.020	-4.129	-1.961	0.072	-72.71
25/02/2005	225959.000	-7.298	-7.177	2.771	0.104	-79.08
25/02/2005	232959.000	-5.131	-4.994	2.929	0.070	-78.41
25/02/2005	235959.000	-3.895	-3.782	2.363	0.088	-79.39
26/02/2005	002959.000	-6.886	-6.915	0.110	0.117	-76.05
26/02/2005	005959.000	-3.871	-3.656	4.480	0.106	-78.85
26/02/2005	012959.000	-1.973	-1.170	5.113	0.122	-78.06
26/02/2005	015959.000	-1.284	-1.218	0.898	0.164	-76.09
26/02/2005	022959.000	0.056	0.344	+9999	0.153	-77.78
26/02/2005	025959.000	+9999	+9999	+9999	0.185	-73.08
26/02/2005	032959.000	+9999	+9999	+9999	0.174	-75.02
26/02/2005	035959.000	+9999	+9999	+9999	0.213	-70.32
26/02/2005	042959.000	+9999	+9999	+9999	0.208	-72.31
26/02/2005	045959.000	+9999	+9999	+9999	0.163	-72.20
26/02/2005	052959.000	+9999	+9999	+9999	0.149	-63.62
26/02/2005	055959.000	+9999	+9999	+9999	0.112	-64.00
26/02/2005	062959.000	+9999	+9999	+9999	0.132	-72.26
26/02/2005	065959.000	+9999	+9999	+9999	0.131	-61.30
26/02/2005	072959.000	+9999	+9999	+9999	0.157	-25.27
26/02/2005	075959.000	+9999	+9999	+9999	0.162	38.20
26/02/2005	082959.000	+9999	+9999	+9999	0.198	107.32
26/02/2005	085959.000	+9999	+9999	+9999	0.311	156.64
26/02/2005	092959.000	4.023	6.775	53.481	0.243	103.68
26/02/2005	095959.000	43.287	46.944	61.804	0.203	184.06
26/02/2005	102959.000	66.871	70.953	71.877	0.237	203.05
26/02/2005	105959.000	124.468	129.899	92.721	0.181	342.55
26/02/2005	112959.000	80.016	84.378	75.157	0.206	344.39
26/02/2005	115959.000	114.911	119.803	81.968	0.158	336.90
26/02/2005	122959.000	180.657	188.927	139.644	0.196	402.41
26/02/2005	125959.000	157.341	166.282	154.973	0.227	412.80
26/02/2005	132959.000	149.721	160.557	189.488	0.232	389.49
26/02/2005	135959.000	121.761	130.379	151.033	0.310	329.65
26/02/2005	142959.000	121.048	129.643	150.715	0.274	280.51
26/02/2005	145959.000	81.331	86.869	96.395	0.193	202.61
26/02/2005	152959.000	17.762	21.352	65.111	0.180	67.91
26/02/2005	155959.000	9.173	12.299	57.164	0.176	40.04
26/02/2005	162959.000	-2.191	-0.134	39.487	0.159	1.89
26/02/2005	165959.000	-3.420	-3.145	5.523	0.096	-35.98
26/02/2005	172959.000	-1.547	-1.466	1.081	0.063	-57.49
26/02/2005	175959.000	-4.619	-4.539	2.120	0.069	-71.33
26/02/2005	182959.000	-5.762	-5.582	3.687	0.075	-71.30
26/02/2005	185959.000	-3.099	-3.113	-0.095	0.048	-69.99
26/02/2005	192959.000	-20.540	-19.953	12.316	0.145	-33.72
26/02/2005	195959.000	-35.326	-34.463	18.640	0.226	-19.89
26/02/2005	202959.000	-28.901	-28.098	17.158	0.185	-23.46
26/02/2005	205959.000	-15.201	-14.858	7.569	0.136	-28.77
26/02/2005	212959.000	-10.163	-10.169	1.111	0.141	-27.75
26/02/2005	215959.000	-8.529	-8.479	1.215	0.134	-43.27
26/02/2005	222959.000	-12.659	-11.727	18.405	0.160	-67.08
26/02/2005	225959.000	-8.264	-7.983	5.860	0.137	-76.19
26/02/2005	232959.000	-9.807	-9.050	14.823	0.159	-49.94
26/02/2005	235959.000	-16.461	-14.178	44.546	0.176	-50.44
27/02/2005	002959.000	-22.163	-22.442	-3.996	0.139	-84.16
27/02/2005	005959.000	-7.804	-7.513	6.170	0.101	-84.60
27/02/2005	012959.000	-1.006	-0.782	+9999	0.093	-84.65
27/02/2005	015959.000	+9999	+9999	+9999	0.080	-83.70
27/02/2005	022959.000	+9999	+9999	+9999	0.072	-85.78
27/02/2005	025959.000	+9999	+9999	+9999	0.101	-85.76
27/02/2005	032959.000	+9999	+9999	+9999	0.127	-88.29
27/02/2005	035959.000	+9999	+9999	+9999	0.132	-91.88
27/02/2005	042959.000	+9999	+9999	+9999	0.179	-92.87
27/02/2005	045959.000	+9999	+9999	+9999	0.137	-91.79
27/02/2005	052959.000	+9999	+9999	+9999	0.139	-89.57
27/02/2005	055959.000	+9999	+9999	+9999	0.238	-90.31
27/02/2005	062959.000	+9999	+9999	+9999	0.171	-89.27
27/02/2005	065959.000	+9999	+9999	+9999	0.197	-74.64
27/02/2005	072959.000	+9999	+9999	+9999	0.179	-35.80
27/02/2005	075959.000	+9999	+9999	+9999	0.187	25.31
27/02/2005	082959.000	+9999	+9999	+9999	0.145	93.47
27/02/2005	085959.000	+9999	+9999	+9999	0.157	174.50
27/02/2005	092959.000	-8.634	-2.710	+9999	0.239	239.95
27/02/2005	095959.000	0.394	2.715	49.319	0.180	303.39
27/02/2005	102959.000	27.184	32.159	91.562	0.261	352.59
27/02/2005	105959.000	83.679	89.238	100.000	0.285	373.52
27/02/2005	112959.000	94.739	101.552	122.385	0.274	319.54
27/02/2005	115959.000	149.090	159.454	185.504	0.287	357.47
27/02/2005	122959.000	89.505	98.066	154.577	0.236	272.65
27/02/2005	125959.000	53.704	58.910	94.503	0.239	210.07
27/02/2005	132959.000	97.296	105.157	141.292	0.310	230.30
27/02/2005	135959.000	69.594	76.358	121.586	0.358	152.40
27/02/2005	142959.000	35.208	39.268	73.743	0.226	179.33
27/02/2005	145959.000	31.997	36.135	75.976	0.288	123.83
27/02/2005	152959.000	9.360	13.052	67.506	0.324	40.44
27/02/2005	155959.000	11.585	14.281	50.248	0.335	10.71
27/02/2005	162959.000	11.769	18.254	123.138	0.318	8.50
27/02/2005	165959.000	-4.967	0.334	104.292	0.282	2.97
27/02/2005	172959.000	15.342	19.754	+9999	0.233	-7.69
27/02/2005	175959.000	+9999	+9999	+9999	0.227	-24.69
27/02/2005	182959.000	+9999	+9999	+9999	0.149	-41.63
27/02/2005	185959.000	+9999	+9999	+9999	0.252	-72.90
27/02/2005	192959.000	+9999	+9999	+9999	0.223	-91.06
27/02/2005	195959.000	+9999	+9999	+9999	0.225	-37.30
27/02/2005	202959.000	+9999	+9999	+9999	0.284	-32.53
27/02/2005	205959.000	+9999	+9999	+9999	0.254	-43.20
27/02/2005	212959.000	+9999	+9999	+9999	0.387	-50.07
27/02/2005	215959.000	+9999	+9999	+9999	0.405	-60.70
27/02/2005	222959.000	+9999	+9999	+9999	0.340	-85.37
27/02/2005	225959.000	+9999	+9999	+9999	0.322	-94.62
27/02/2005	232959.000	+9999	+9999	+9999	0.313	-90.11
27/02/2005	235959.000	+9999	+9999	+9999	0.209	-99.87
28/02/2005	002959.000	+9999	+9999	+9999	0.211	-102.48
28/02/2005	005959.000	+9999	+9999	+9999	0.213	-102.98
28/02/2005	012959.000	+9999	+9999	+9999	0.178	-103.10
28/02/2005	015959.000	+9999	+9999	+9999	0.186	-103.78
28/02/2005	022959.000	+9999	+9999	+9999	0.223	-103.99
28/02/2005	025959.000	+9999	+9999	+9999	0.272	-104.17
28/02/2005	032959.000	+9999	+9999	+9999	0.218	-103.98
28/02/2005	035959.000	+9999	+9999	+9999	0.250	-103.29
28/02/2005	042959.000	+9999	+9999	+9999	0.224	-102.86
28/02/2005	045959.000	+9999	+9999	+9999	0.234	-102.35
28/02/2005	052959.000	+9999	+9999	+9999	0.239	-102.14
28/02/2005	055959.000	+9999	+9999	+9999	0.285	-102.34
28/02/2005	062959.000	+9999	+9999	+9999	0.276	-101.45
28/02/2005	065959.000	+9999	+9999	+9999	0.283	-82.96
28/02/2005	072959.000	+9999	+9999	+9999	0.329	-29.44
28/02/2005	075959.000	+9999	+9999	+9999	0.399	46.77
28/02/2005	082959.000	+9999	+9999	+9999	0.369	128.32
28/02/2005	085959.000	+9999	+9999	+9999	0.386	208.70
28/02/2005	092959.000	+9999	+9999	+9999	0.351	274.03
28/02/2005	095959.000	+9999	+9999	+9999	0.355	352.08
28/02/2005	102959.000	+9999	+9999	+9999	0.395	392.58
28/02/2005	105959.000	+9999	+9999	+9999	0.373	443.71
28/02/2005	112959.000	+9999	+9999	+9999	0.238	466.21
28/02/2005	115959.000	+9999	+9999	+9999	0.242	266.15
28/02/2005	122959.000	+9999	+9999	+9999	0.176	374.79
28/02/2005	125959.000	+9999	+9999	+9999	0.284	480.89
28/02/2005	132959.000	+9999	+9999	+9999	0.214	418.21
28/02/2005	135959.000	+9999	+9999	+9999	0.201	372.11
28/02/2005	142959.000	+9999	+9999	+9999	0.240	311.73
28/02/2005	145959.000	+9999	+9999	+9999	0.269	263.91
28/02/2005	152959.000	+9999	+9999	+9999	0.330	192.96
28/02/2005	155959.000	+9999	+9999	+9999	0.182	118.85
28/02/2005	162959.000	+9999	+9999	+9999	0.265	35.40
28/02/2005	165959.000	+9999	+9999	+9999	0.242	-30.71
28/02/2005	172959.000	+9999	+9999	+9999	0.125	-84.94
28/02/2005	175959.000	+9999	+9999	+9999	0.074	-102.82
28/02/2005	182959.000	+9999	+9999	+9999	0.061	-103.01
28/02/2005	185959.000	+9999	+9999	+9999	0.059	-100.80
28/02/2005	192959.000	+9999	+9999	+9999	0.069	-100.34
28/02/2005	195959.000	+9999	+9999	+9999	0.051	-99.70
28/02/2005	202959.000	+9999	+9999	+9999	0.065	-99.23
28/02/2005	205959.000	+9999	+9999	+9999	0.058	-98.84
28/02/2005	212959.000	+9999	+9999	+9999	0.060	-97.63
28/02/2005	215959.000	+9999	+9999	+9999	0.057	-96.57
28/02/2005	222959.000	+9999	+9999	+9999	0.053	-96.18
28/02/2005	225959.000	+9999	+9999	+9999	0.064	-95.72
28/02/2005	232959.000	+9999	+9999	+9999	0.055	-95.66
28/02/2005	235959.000	+9999	+9999	+9999	0.077	-95.66
