Fichier CAPITOUL-FLX-30MN
MOIS : 2004/04 
PLATFORME = saint-sardos
LATITUDE = 43°53'
LONGITUDE =01°06'
ALTITUDE = 187 m
TYPE = ASCII
DATE_creation_fichier = 07/12/2006
#LISTE DES PARAMETRES#
'DATE'	'HEURE'		'HS_TAIR-flx'	'HS_TSON-flx'	'LE_TAIR-flx'	'USTAR-vit'	'RN-ray'	
#UNITES#
'JJ/MM/AAAA'	'HHMMSS.SSS'	'W/m2'	'W/m2'	'W/m2'	'm/s'	'W/m2'	
#FIN ENTETE#
06/04/2004	002959.000	+9999	+9999	+9999	+9999	+9999
06/04/2004	005959.000	+9999	+9999	+9999	+9999	+9999
06/04/2004	012959.000	+9999	+9999	+9999	+9999	+9999
06/04/2004	015959.000	+9999	+9999	+9999	+9999	+9999
06/04/2004	022959.000	+9999	+9999	+9999	+9999	+9999
06/04/2004	025959.000	+9999	+9999	+9999	+9999	+9999
06/04/2004	032959.000	+9999	+9999	+9999	+9999	+9999
06/04/2004	035959.000	+9999	+9999	+9999	+9999	+9999
06/04/2004	042959.000	+9999	+9999	+9999	+9999	+9999
06/04/2004	045959.000	+9999	+9999	+9999	+9999	+9999
06/04/2004	052959.000	+9999	+9999	+9999	+9999	+9999
06/04/2004	055959.000	+9999	+9999	+9999	+9999	+9999
06/04/2004	062959.000	+9999	+9999	+9999	+9999	+9999
06/04/2004	065959.000	+9999	+9999	+9999	+9999	+9999
06/04/2004	072959.000	+9999	+9999	+9999	+9999	+9999
06/04/2004	075959.000	+9999	+9999	+9999	+9999	+9999
06/04/2004	082959.000	+9999	+9999	+9999	+9999	+9999
06/04/2004	085959.000	+9999	+9999	+9999	+9999	165.04
06/04/2004	092959.000	+9999	+9999	+9999	+9999	265.39
06/04/2004	095959.000	+9999	+9999	+9999	+9999	+9999
06/04/2004	102959.000	+9999	+9999	+9999	+9999	+9999
06/04/2004	105959.000	+9999	+9999	+9999	+9999	+9999
06/04/2004	112959.000	+9999	+9999	+9999	+9999	+9999
06/04/2004	115959.000	+9999	+9999	+9999	+9999	+9999
06/04/2004	122959.000	+9999	+9999	+9999	+9999	+9999
06/04/2004	125959.000	+9999	+9999	+9999	+9999	+9999
06/04/2004	132959.000	+9999	+9999	+9999	+9999	+9999
06/04/2004	135959.000	+9999	+9999	+9999	+9999	+9999
06/04/2004	142959.000	+9999	+9999	+9999	+9999	+9999
06/04/2004	145959.000	+9999	+9999	+9999	+9999	+9999
06/04/2004	152959.000	+9999	+9999	+9999	+9999	+9999
06/04/2004	155959.000	+9999	+9999	+9999	+9999	+9999
06/04/2004	162959.000	+9999	+9999	+9999	+9999	+9999
06/04/2004	165959.000	+9999	+9999	+9999	+9999	+9999
06/04/2004	172959.000	+9999	+9999	+9999	+9999	+9999
06/04/2004	175959.000	+9999	+9999	+9999	+9999	+9999
06/04/2004	182959.000	+9999	+9999	+9999	+9999	+9999
06/04/2004	185959.000	+9999	+9999	+9999	+9999	+9999
06/04/2004	192959.000	+9999	+9999	+9999	+9999	+9999
06/04/2004	195959.000	+9999	+9999	+9999	+9999	+9999
06/04/2004	202959.000	+9999	+9999	+9999	+9999	+9999
06/04/2004	205959.000	+9999	+9999	+9999	+9999	+9999
06/04/2004	212959.000	+9999	+9999	+9999	+9999	+9999
06/04/2004	215959.000	+9999	+9999	+9999	+9999	+9999
06/04/2004	222959.000	+9999	+9999	+9999	+9999	+9999
06/04/2004	225959.000	+9999	+9999	+9999	+9999	+9999
06/04/2004	232959.000	+9999	+9999	+9999	+9999	+9999
06/04/2004	235959.000	+9999	+9999	+9999	+9999	+9999
07/04/2004	002959.000	+9999	+9999	+9999	+9999	+9999
07/04/2004	005959.000	+9999	+9999	+9999	+9999	+9999
07/04/2004	012959.000	+9999	+9999	+9999	+9999	+9999
07/04/2004	015959.000	+9999	+9999	+9999	+9999	+9999
07/04/2004	022959.000	+9999	+9999	+9999	+9999	+9999
07/04/2004	025959.000	+9999	+9999	+9999	+9999	+9999
07/04/2004	032959.000	+9999	+9999	+9999	+9999	+9999
07/04/2004	035959.000	+9999	+9999	+9999	+9999	+9999
07/04/2004	042959.000	+9999	+9999	+9999	+9999	+9999
07/04/2004	045959.000	+9999	+9999	+9999	+9999	+9999
07/04/2004	052959.000	+9999	+9999	+9999	+9999	+9999
07/04/2004	055959.000	+9999	+9999	+9999	+9999	+9999
07/04/2004	062959.000	+9999	+9999	+9999	+9999	+9999
07/04/2004	065959.000	+9999	+9999	+9999	+9999	+9999
07/04/2004	072959.000	+9999	+9999	+9999	+9999	+9999
07/04/2004	075959.000	+9999	+9999	+9999	+9999	+9999
07/04/2004	082959.000	+9999	+9999	+9999	+9999	+9999
07/04/2004	085959.000	+9999	+9999	+9999	+9999	+9999
07/04/2004	092959.000	+9999	+9999	+9999	+9999	443.90
07/04/2004	095959.000	+9999	+9999	+9999	+9999	+9999
07/04/2004	102959.000	+9999	+9999	+9999	+9999	+9999
07/04/2004	105959.000	+9999	+9999	+9999	0.771	429.75
07/04/2004	112959.000	37.510	45.657	163.935	0.324	291.38
07/04/2004	115959.000	81.992	94.811	226.820	0.330	400.97
07/04/2004	122959.000	100.852	114.617	241.432	0.327	437.46
07/04/2004	125959.000	117.420	131.324	244.428	0.180	549.85
07/04/2004	132959.000	66.961	78.974	210.776	0.330	279.58
07/04/2004	135959.000	93.098	104.800	205.294	0.261	511.03
07/04/2004	142959.000	149.271	165.758	289.328	0.274	543.88
07/04/2004	145959.000	119.727	133.204	236.409	0.340	431.13
07/04/2004	152959.000	108.749	121.296	220.674	0.260	394.49
07/04/2004	155959.000	71.547	80.063	149.580	0.260	337.57
07/04/2004	162959.000	42.990	50.921	138.616	0.267	189.19
07/04/2004	165959.000	18.380	23.894	96.456	0.251	124.01
07/04/2004	172959.000	-4.203	0.045	73.984	0.251	34.63
07/04/2004	175959.000	-19.037	-17.646	23.912	0.146	-38.37
07/04/2004	182959.000	-11.880	-11.521	6.119	0.091	-80.64
07/04/2004	185959.000	-2.761	-2.712	0.840	0.051	-91.00
07/04/2004	192959.000	-0.854	-0.815	0.653	0.025	-89.08
07/04/2004	195959.000	0.053	0.048	0.024	0.027	-86.41
07/04/2004	202959.000	-0.095	-0.117	-0.319	0.042	-82.02
07/04/2004	205959.000	0.007	0.013	0.093	0.044	-66.29
07/04/2004	212959.000	0.126	0.123	0.028	0.034	-49.28
07/04/2004	215959.000	-0.427	-0.416	0.171	0.025	-35.65
07/04/2004	222959.000	0.721	0.704	-0.322	0.027	-63.91
07/04/2004	225959.000	-1.458	-1.380	1.456	0.068	-68.87
07/04/2004	232959.000	-22.633	-22.126	8.364	0.154	-82.88
07/04/2004	235959.000	-23.348	-22.946	6.814	0.145	-85.48
08/04/2004	002959.000	-7.149	-6.963	3.021	0.049	-84.29
08/04/2004	005959.000	-7.758	-7.738	0.209	0.060	-84.70
08/04/2004	012959.000	-9.877	-9.877	-0.268	0.054	-83.32
08/04/2004	015959.000	-3.903	-3.912	-0.292	0.047	-66.74
08/04/2004	022959.000	-5.803	-5.702	1.884	0.067	-24.33
08/04/2004	025959.000	-4.775	-4.672	1.841	0.065	-55.52
08/04/2004	032959.000	-4.801	-4.733	1.088	0.028	-61.71
08/04/2004	035959.000	-1.255	-1.215	0.305	0.054	-74.62
08/04/2004	042959.000	-5.561	-5.595	-0.542	0.063	-57.63
08/04/2004	045959.000	-4.908	-4.937	-0.794	0.064	-48.91
08/04/2004	052959.000	-7.931	-7.897	0.406	0.086	-75.74
08/04/2004	055959.000	-5.350	-5.382	-0.611	0.088	-50.99
08/04/2004	062959.000	-2.994	-2.394	11.032	0.147	24.60
08/04/2004	065959.000	1.867	3.342	26.259	0.155	61.54
08/04/2004	072959.000	9.416	11.307	33.697	0.122	136.62
08/04/2004	075959.000	29.361	32.929	63.618	0.146	179.96
08/04/2004	082959.000	34.200	38.011	68.390	0.188	170.75
08/04/2004	085959.000	83.170	89.477	112.606	0.219	302.79
08/04/2004	092959.000	117.528	126.455	159.424	0.300	340.40
08/04/2004	095959.000	116.562	124.751	145.502	0.166	420.29
08/04/2004	102959.000	95.410	103.440	142.313	0.275	293.91
08/04/2004	105959.000	141.992	151.771	173.958	0.202	443.57
08/04/2004	112959.000	130.751	139.107	148.609	0.202	435.80
08/04/2004	115959.000	124.665	133.421	154.886	0.346	471.43
08/04/2004	122959.000	132.272	140.600	148.326	0.251	413.64
08/04/2004	125959.000	105.400	113.502	143.704	0.295	314.72
08/04/2004	132959.000	110.081	119.882	172.797	0.249	357.90
08/04/2004	135959.000	80.355	86.782	113.145	0.153	341.27
08/04/2004	142959.000	105.218	114.466	163.429	0.294	384.03
08/04/2004	145959.000	65.928	73.841	139.251	0.323	174.00
08/04/2004	152959.000	26.156	31.908	100.841	0.305	108.38
08/04/2004	155959.000	10.594	14.318	64.874	0.230	83.07
08/04/2004	162959.000	9.651	12.774	54.647	0.200	82.99
08/04/2004	165959.000	4.367	8.426	71.419	0.235	54.45
08/04/2004	172959.000	-12.852	-9.937	51.520	0.254	4.37
08/04/2004	175959.000	-15.673	-14.024	28.288	0.241	-22.94
08/04/2004	182959.000	-5.722	-5.068	11.561	0.112	-36.44
08/04/2004	185959.000	-1.910	-1.620	5.309	0.081	-44.79
08/04/2004	192959.000	-5.496	-4.834	11.580	0.109	-40.36
08/04/2004	195959.000	-3.801	-3.335	8.101	0.115	-41.61
08/04/2004	202959.000	2.914	3.465	9.717	0.190	-44.62
08/04/2004	205959.000	-4.158	-3.582	9.987	0.181	-74.61
08/04/2004	212959.000	-2.685	-2.220	7.756	0.158	-42.45
08/04/2004	215959.000	-5.814	-5.133	12.264	0.186	-45.34
08/04/2004	222959.000	-10.457	-9.918	9.573	0.129	-48.42
08/04/2004	225959.000	-10.073	-9.803	4.616	0.106	-78.12
08/04/2004	232959.000	-14.125	-13.501	10.594	0.167	-78.41
08/04/2004	235959.000	-9.655	-9.438	3.620	0.127	-86.34
09/04/2004	002959.000	-12.423	-12.377	0.683	0.114	-85.65
09/04/2004	005959.000	-11.879	-11.727	2.536	0.120	-76.68
09/04/2004	012959.000	-14.292	-14.091	3.094	0.110	-84.54
09/04/2004	015959.000	-17.423	-17.195	3.776	0.138	-78.64
09/04/2004	022959.000	-8.489	-8.432	1.005	0.098	-80.24
09/04/2004	025959.000	-9.274	-9.188	1.397	0.106	-84.82
09/04/2004	032959.000	-5.720	-5.696	0.244	0.087	-84.07
09/04/2004	035959.000	-3.063	-3.062	0.045	0.071	-83.35
09/04/2004	042959.000	-3.722	-3.731	-0.490	0.066	-82.33
09/04/2004	045959.000	-5.960	-6.001	-0.882	0.077	-82.55
09/04/2004	052959.000	-7.797	-7.812	-0.375	0.094	-79.89
09/04/2004	055959.000	-8.765	-8.744	0.313	0.105	-61.60
09/04/2004	062959.000	-8.200	-7.817	6.576	0.145	-16.51
09/04/2004	065959.000	5.699	7.038	24.591	0.197	50.84
09/04/2004	072959.000	23.495	26.270	50.183	0.183	129.30
09/04/2004	075959.000	42.810	46.113	59.601	0.102	207.65
09/04/2004	082959.000	75.219	79.486	77.275	0.105	277.62
09/04/2004	085959.000	108.172	113.676	99.055	0.170	332.52
09/04/2004	092959.000	159.756	167.946	147.545	0.238	402.85
09/04/2004	095959.000	140.076	149.355	165.596	0.309	434.04
09/04/2004	102959.000	175.676	186.394	191.680	0.297	445.32
09/04/2004	105959.000	182.649	193.712	198.276	0.324	483.20
09/04/2004	112959.000	97.796	105.949	145.452	0.251	410.00
09/04/2004	115959.000	112.903	121.170	147.569	0.216	377.89
09/04/2004	122959.000	70.353	79.049	154.042	0.235	203.05
09/04/2004	125959.000	107.614	116.426	156.792	0.271	372.51
09/04/2004	132959.000	124.954	136.004	196.429	0.323	412.58
09/04/2004	135959.000	31.431	36.344	86.991	0.287	204.99
09/04/2004	142959.000	134.039	143.330	165.065	0.306	503.44
09/04/2004	145959.000	118.240	127.566	165.128	0.338	371.78
09/04/2004	152959.000	87.567	94.084	116.006	0.274	266.80
09/04/2004	155959.000	85.918	93.448	133.402	0.296	256.46
09/04/2004	162959.000	19.644	24.264	81.303	0.304	94.57
09/04/2004	165959.000	-19.940	-17.342	45.436	0.280	-11.66
09/04/2004	172959.000	-6.230	-3.959	39.717	0.289	34.75
09/04/2004	175959.000	-28.076	-26.472	27.614	0.276	-61.72
09/04/2004	182959.000	-9.360	-8.796	9.728	0.177	-77.85
09/04/2004	185959.000	-22.926	-22.262	11.051	0.171	-58.37
09/04/2004	192959.000	-7.134	-6.414	12.658	0.172	-38.02
09/04/2004	195959.000	-11.366	-10.914	7.488	0.085	-64.29
09/04/2004	202959.000	-19.074	-17.974	18.859	0.201	-37.09
09/04/2004	205959.000	-11.027	-10.579	7.759	0.146	-61.22
09/04/2004	212959.000	-6.053	-5.911	2.313	0.082	-89.15
09/04/2004	215959.000	-8.963	-8.877	1.346	0.102	-87.48
09/04/2004	222959.000	-10.877	-10.827	0.762	0.108	-85.95
09/04/2004	225959.000	-10.816	-10.717	1.828	0.109	-85.29
09/04/2004	232959.000	-17.471	-17.304	2.582	0.158	-85.40
09/04/2004	235959.000	-19.711	-19.656	0.767	0.161	-85.02
10/04/2004	002959.000	-26.651	-26.832	-3.463	0.219	-83.96
10/04/2004	005959.000	-21.601	-21.734	-2.521	0.232	-80.93
10/04/2004	012959.000	-19.038	-19.009	0.235	0.190	-83.43
10/04/2004	015959.000	-14.367	-14.029	5.778	0.197	-47.16
10/04/2004	022959.000	-19.264	-18.884	6.289	0.228	-63.60
10/04/2004	025959.000	-14.342	-14.002	5.814	0.206	-64.38
10/04/2004	032959.000	-12.251	-12.081	2.773	0.141	-82.40
10/04/2004	035959.000	-13.200	-13.062	2.356	0.147	-82.95
10/04/2004	042959.000	-14.924	-14.842	1.187	0.152	-78.76
10/04/2004	045959.000	-12.730	-12.751	-0.480	0.126	-80.01
10/04/2004	052959.000	-10.039	-10.017	0.226	0.122	-53.56
10/04/2004	055959.000	-8.175	-7.468	12.614	0.178	-15.81
10/04/2004	062959.000	-5.755	-5.082	12.415	0.169	0.28
10/04/2004	065959.000	4.580	5.889	23.713	0.186	45.82
10/04/2004	072959.000	23.494	26.130	48.052	0.235	89.38
10/04/2004	075959.000	39.635	42.761	56.905	0.275	143.20
10/04/2004	082959.000	70.749	74.867	74.279	0.306	181.55
10/04/2004	085959.000	43.400	46.867	62.886	0.226	160.18
10/04/2004	092959.000	110.444	115.720	95.688	0.189	394.27
10/04/2004	095959.000	105.588	112.835	130.262	0.299	375.85
10/04/2004	102959.000	122.078	131.981	176.867	0.343	441.54
10/04/2004	105959.000	113.067	121.139	145.201	0.351	363.30
10/04/2004	112959.000	112.184	120.350	145.775	0.300	318.67
10/04/2004	115959.000	179.403	189.606	183.620	0.473	387.02
10/04/2004	122959.000	115.356	123.018	137.417	0.356	308.33
10/04/2004	125959.000	76.863	83.847	124.356	0.341	301.13
10/04/2004	132959.000	144.713	153.244	152.417	0.339	448.03
10/04/2004	135959.000	137.549	145.958	151.292	0.277	431.49
10/04/2004	142959.000	95.426	101.423	107.733	0.305	331.18
10/04/2004	145959.000	127.334	136.539	164.294	0.353	338.62
10/04/2004	152959.000	78.308	84.392	108.564	0.343	170.52
10/04/2004	155959.000	1.681	5.143	61.039	0.311	73.53
10/04/2004	162959.000	3.683	8.240	80.328	0.320	72.45
10/04/2004	165959.000	-7.358	-4.389	51.342	0.303	42.74
10/04/2004	172959.000	-12.363	-10.268	37.071	0.302	10.98
10/04/2004	175959.000	-24.237	-22.559	29.042	0.290	-16.42
10/04/2004	182959.000	-14.027	-12.972	17.821	0.236	-41.48
10/04/2004	185959.000	-10.495	-9.698	14.488	0.196	-36.96
10/04/2004	192959.000	-13.989	-12.994	17.364	0.225	-33.43
10/04/2004	195959.000	-23.334	-22.621	12.809	0.235	-50.87
10/04/2004	202959.000	-16.537	-16.228	5.468	0.186	-79.20
10/04/2004	205959.000	-12.295	-12.005	4.842	0.137	-53.80
10/04/2004	212959.000	-6.364	-6.200	2.830	0.103	-44.56
10/04/2004	215959.000	-13.581	-13.186	6.620	0.143	-63.61
10/04/2004	222959.000	-5.970	-5.929	0.694	0.089	-55.70
10/04/2004	225959.000	-4.378	-4.193	3.095	0.099	-33.63
10/04/2004	232959.000	-9.456	-9.254	3.204	0.103	-38.17
10/04/2004	235959.000	-2.461	-2.310	2.666	0.068	-46.81
11/04/2004	002959.000	-4.209	-3.975	4.008	0.094	-47.91
11/04/2004	005959.000	-4.180	-4.071	1.822	0.060	-41.35
11/04/2004	012959.000	-5.766	-5.628	2.184	0.076	-33.99
11/04/2004	015959.000	-7.491	-7.388	1.702	0.080	-73.76
11/04/2004	022959.000	-11.991	-11.840	2.485	0.107	-53.53
11/04/2004	025959.000	-9.677	-9.509	2.999	0.126	-42.30
11/04/2004	032959.000	-7.614	-7.538	1.288	0.078	-69.80
11/04/2004	035959.000	-6.640	-6.645	-0.192	0.080	-81.96
11/04/2004	042959.000	-11.035	-11.017	0.053	0.093	-80.29
11/04/2004	045959.000	-6.921	-6.946	-0.516	0.077	-78.85
11/04/2004	052959.000	-13.369	-13.336	0.346	0.117	-59.09
11/04/2004	055959.000	-19.103	-18.765	5.736	0.180	-9.89
11/04/2004	062959.000	-12.690	-11.861	14.739	0.168	13.19
11/04/2004	065959.000	-3.139	-1.986	20.666	0.251	39.80
11/04/2004	072959.000	4.266	5.761	26.517	0.209	55.50
11/04/2004	075959.000	15.236	16.545	23.992	0.215	62.12
11/04/2004	082959.000	26.708	28.749	36.767	0.271	82.29
11/04/2004	085959.000	26.455	28.810	42.259	0.253	114.41
11/04/2004	092959.000	51.170	53.951	49.560	0.294	121.91
11/04/2004	095959.000	65.543	68.190	47.099	0.323	137.81
11/04/2004	102959.000	72.386	75.356	53.428	0.309	174.91
11/04/2004	105959.000	49.691	51.643	34.978	0.267	112.00
11/04/2004	112959.000	67.423	70.759	58.939	0.307	165.33
11/04/2004	115959.000	39.527	43.255	66.559	0.266	117.96
11/04/2004	122959.000	74.911	80.217	94.940	0.250	276.76
11/04/2004	125959.000	110.232	116.219	106.116	0.324	313.72
11/04/2004	132959.000	20.362	24.379	70.294	0.296	114.03
11/04/2004	135959.000	32.159	37.711	98.906	0.314	180.19
11/04/2004	142959.000	45.684	32.144	+9999	0.342	142.31
11/04/2004	145959.000	30.040	29.153	-15.756	0.300	100.45
11/04/2004	152959.000	27.387	31.235	68.186	0.298	102.61
11/04/2004	155959.000	29.435	32.521	54.410	0.348	118.19
11/04/2004	162959.000	44.178	47.881	65.072	0.381	155.99
11/04/2004	165959.000	13.593	15.964	41.340	0.374	48.63
11/04/2004	172959.000	1.136	2.564	25.078	0.339	5.43
11/04/2004	175959.000	-3.148	-0.795	42.974	0.367	-12.36
11/04/2004	182959.000	-12.969	-16.669	+9999	0.363	-15.37
11/04/2004	185959.000	15.416	10.470	+9999	0.266	-13.64
11/04/2004	192959.000	22.039	15.353	+9999	0.262	-14.36
11/04/2004	195959.000	3.508	8.642	94.026	0.251	-9.17
11/04/2004	202959.000	6.010	7.730	29.521	0.153	-10.23
11/04/2004	205959.000	2.371	3.228	+9999	0.126	-13.50
11/04/2004	212959.000	1.007	2.537	14.408	0.111	-13.63
11/04/2004	215959.000	-4.233	-3.712	9.955	0.173	-14.55
11/04/2004	222959.000	-5.218	-4.724	8.730	0.139	-19.39
11/04/2004	225959.000	-6.777	-6.033	13.237	0.161	-16.15
11/04/2004	232959.000	-8.315	-7.312	17.352	0.154	-21.73
11/04/2004	235959.000	-8.133	-7.368	13.853	0.163	-27.75
12/04/2004	002959.000	-18.099	-17.672	7.820	0.187	-53.90
12/04/2004	005959.000	-11.302	-10.732	9.931	0.126	-57.89
12/04/2004	012959.000	-13.423	-13.240	2.944	0.099	-78.88
12/04/2004	015959.000	-11.291	-11.112	3.064	0.100	-63.78
12/04/2004	022959.000	-12.573	-12.001	9.947	0.143	-28.88
12/04/2004	025959.000	-13.993	-13.642	5.958	0.123	-64.42
12/04/2004	032959.000	-4.871	-4.867	-0.033	0.063	-73.50
12/04/2004	035959.000	-6.371	-6.318	0.718	0.079	-60.69
12/04/2004	042959.000	-8.966	-8.906	0.916	0.128	-68.50
12/04/2004	045959.000	-11.293	-10.956	5.657	0.173	-29.43
12/04/2004	052959.000	-9.914	-9.423	9.030	0.195	-21.11
12/04/2004	055959.000	-8.042	-7.020	17.679	0.210	-9.73
12/04/2004	062959.000	-3.764	-2.920	15.478	0.195	4.24
12/04/2004	065959.000	-0.866	2.268	56.731	0.221	40.49
12/04/2004	072959.000	2.099	4.030	34.726	0.207	83.51
12/04/2004	075959.000	25.142	28.258	56.168	0.244	148.74
12/04/2004	082959.000	54.918	60.403	98.649	0.291	179.94
12/04/2004	085959.000	54.613	58.989	78.748	0.266	173.22
12/04/2004	092959.000	69.732	74.575	86.495	0.211	230.99
12/04/2004	095959.000	142.784	152.177	167.060	0.343	443.59
12/04/2004	102959.000	175.975	185.327	166.789	0.365	501.95
12/04/2004	105959.000	194.161	205.039	192.618	0.400	516.58
12/04/2004	112959.000	188.862	200.387	203.585	0.287	557.92
12/04/2004	115959.000	208.643	222.742	248.453	0.364	554.66
12/04/2004	122959.000	272.184	288.199	281.522	0.400	573.90
12/04/2004	125959.000	158.121	168.376	180.700	0.246	427.89
12/04/2004	132959.000	59.296	66.487	125.717	0.283	170.44
12/04/2004	135959.000	61.056	68.488	129.850	0.297	292.89
12/04/2004	142959.000	105.543	115.078	166.795	0.333	398.38
12/04/2004	145959.000	22.091	27.136	87.776	0.329	110.13
12/04/2004	152959.000	47.566	54.984	129.441	0.367	254.45
12/04/2004	155959.000	46.688	53.657	121.292	0.339	168.47
12/04/2004	162959.000	7.452	11.105	63.613	0.280	54.34
12/04/2004	165959.000	12.477	16.346	68.289	0.241	97.28
12/04/2004	172959.000	-2.256	1.554	66.535	0.280	28.22
12/04/2004	175959.000	-14.117	-12.834	22.042	0.163	-38.59
12/04/2004	182959.000	-16.277	-15.867	6.728	0.134	-75.84
12/04/2004	185959.000	-12.559	-12.390	2.719	0.124	-86.20
12/04/2004	192959.000	-22.146	-21.872	4.346	0.166	-84.87
12/04/2004	195959.000	-37.019	-36.214	13.167	0.219	-87.13
12/04/2004	202959.000	-19.747	-19.418	5.381	0.233	-85.29
12/04/2004	205959.000	-14.331	-14.125	3.378	0.277	-71.77
12/04/2004	212959.000	-11.541	-10.888	11.291	0.288	-59.68
12/04/2004	215959.000	-7.735	-6.853	15.548	0.257	-52.15
12/04/2004	222959.000	-10.896	-9.564	23.250	0.291	-41.78
12/04/2004	225959.000	-19.778	-18.725	18.355	0.279	-29.47
12/04/2004	232959.000	-1.344	-0.736	10.529	0.273	-33.23
12/04/2004	235959.000	2.675	3.467	13.906	0.246	-25.91
13/04/2004	002959.000	5.747	7.004	22.637	0.336	-23.14
13/04/2004	005959.000	7.468	8.550	19.643	0.290	-26.39
13/04/2004	012959.000	0.630	1.320	12.277	0.333	-49.02
13/04/2004	015959.000	-6.461	-5.874	10.558	0.321	-48.07
13/04/2004	022959.000	-9.842	-9.501	6.826	0.308	-56.51
13/04/2004	025959.000	-17.811	-17.610	3.586	0.362	-65.49
13/04/2004	032959.000	-19.002	-18.743	4.862	0.379	-59.97
13/04/2004	035959.000	-14.837	-14.432	7.289	0.327	-47.54
13/04/2004	042959.000	-13.779	-13.293	7.503	0.320	-43.99
13/04/2004	045959.000	-12.259	-11.815	8.314	0.300	-42.08
13/04/2004	052959.000	-16.946	-16.288	11.045	0.318	-42.61
13/04/2004	055959.000	-10.298	-9.766	9.748	0.277	-25.30
13/04/2004	062959.000	1.486	2.437	17.684	0.330	3.31
13/04/2004	065959.000	10.835	12.067	22.313	0.301	35.52
13/04/2004	072959.000	34.569	37.487	52.474	0.323	67.67
13/04/2004	075959.000	27.556	30.053	44.048	0.235	107.45
13/04/2004	082959.000	50.175	54.191	71.058	0.260	159.55
13/04/2004	085959.000	98.571	103.351	83.946	0.276	272.67
13/04/2004	092959.000	111.006	118.872	139.089	0.292	308.23
13/04/2004	095959.000	120.335	127.003	118.122	0.308	307.48
13/04/2004	102959.000	117.335	123.987	117.719	0.406	351.76
13/04/2004	105959.000	208.866	219.590	189.433	0.406	500.32
13/04/2004	112959.000	153.465	161.639	144.109	0.424	321.91
13/04/2004	115959.000	65.358	70.359	88.142	0.309	252.87
13/04/2004	122959.000	77.214	84.558	129.035	0.377	316.19
13/04/2004	125959.000	178.759	189.139	182.780	0.480	530.37
13/04/2004	132959.000	128.723	135.936	127.315	0.382	345.54
13/04/2004	135959.000	132.516	142.107	168.630	0.508	345.84
13/04/2004	142959.000	90.209	96.816	116.177	0.420	336.85
13/04/2004	145959.000	110.092	118.510	147.384	0.443	380.89
13/04/2004	152959.000	146.931	156.160	161.540	0.499	351.47
13/04/2004	155959.000	59.099	66.708	132.566	0.538	216.69
13/04/2004	162959.000	31.652	36.904	91.757	0.473	119.33
13/04/2004	165959.000	10.511	13.213	46.703	0.309	49.73
13/04/2004	172959.000	-7.271	-5.295	33.186	0.253	8.58
13/04/2004	175959.000	-14.834	-13.515	22.484	0.191	-15.42
13/04/2004	182959.000	-13.454	-12.811	10.950	0.158	-32.39
13/04/2004	185959.000	-19.216	-18.554	11.246	0.215	-36.21
13/04/2004	192959.000	-22.928	-22.449	8.135	0.177	-35.22
13/04/2004	195959.000	-22.653	-22.312	5.683	0.205	-34.30
13/04/2004	202959.000	-24.219	-23.786	7.176	0.227	-32.70
13/04/2004	205959.000	-26.207	-25.840	6.184	0.245	-32.38
13/04/2004	212959.000	-18.915	-18.368	9.175	0.274	-32.26
13/04/2004	215959.000	-19.254	-18.748	8.987	0.275	-30.92
13/04/2004	222959.000	-21.166	-20.745	7.228	0.281	-29.93
13/04/2004	225959.000	-19.484	-18.695	13.126	0.275	-29.47
13/04/2004	232959.000	-13.162	-12.455	12.278	0.244	-28.74
13/04/2004	235959.000	-7.204	-6.877	5.939	0.208	-31.24
14/04/2004	002959.000	-4.734	-3.956	13.676	0.166	-37.69
14/04/2004	005959.000	-11.158	-10.814	6.440	0.212	-66.64
14/04/2004	012959.000	-23.988	-24.117	-1.839	0.260	-56.86
14/04/2004	015959.000	-16.693	-16.663	0.934	0.235	-44.21
14/04/2004	022959.000	-2.775	-2.482	4.878	0.196	-27.56
14/04/2004	025959.000	5.747	6.417	12.114	0.212	-24.31
14/04/2004	032959.000	4.203	3.355	-15.638	0.220	-31.87
14/04/2004	035959.000	-1.576	-1.374	4.593	0.172	-44.11
14/04/2004	042959.000	0.563	1.095	7.896	0.142	-19.35
14/04/2004	045959.000	7.552	7.987	7.295	0.234	-12.72
14/04/2004	052959.000	11.234	11.971	13.275	0.275	-10.38
14/04/2004	055959.000	11.756	12.554	14.109	0.242	-4.06
14/04/2004	062959.000	12.091	12.601	9.073	0.229	4.28
14/04/2004	065959.000	21.425	22.536	20.473	0.216	40.53
14/04/2004	072959.000	27.038	28.499	25.599	0.228	50.29
14/04/2004	075959.000	18.740	19.858	19.445	0.174	24.09
14/04/2004	082959.000	27.302	28.871	27.650	0.184	100.95
14/04/2004	085959.000	69.123	72.436	59.001	0.217	194.14
14/04/2004	092959.000	91.660	95.745	72.292	0.166	220.62
14/04/2004	095959.000	104.269	108.353	72.391	0.221	256.09
14/04/2004	102959.000	106.796	111.230	77.633	0.174	319.68
14/04/2004	105959.000	169.791	175.637	103.567	0.179	421.36
14/04/2004	112959.000	136.980	141.185	73.967	0.048	368.68
14/04/2004	115959.000	370.825	393.361	+9999	0.453	260.62
14/04/2004	122959.000	+9999	+9999	+9999	+9999	103.57
14/04/2004	125959.000	38.024	25.590	11.958	0.128	193.01
14/04/2004	132959.000	413.274	366.584	+9999	0.470	52.59
14/04/2004	135959.000	+9999	+9999	+9999	0.624	29.22
14/04/2004	142959.000	-6.217	6.919	+9999	0.196	112.93
14/04/2004	145959.000	58.159	21.119	+9999	0.157	216.95
14/04/2004	152959.000	17.181	22.725	+9999	0.163	147.15
14/04/2004	155959.000	12.295	12.148	+9999	0.075	187.17
14/04/2004	162959.000	2.270	13.358	160.379	0.100	109.84
14/04/2004	165959.000	7.968	10.875	50.016	0.134	120.95
14/04/2004	172959.000	-1.679	-0.044	28.591	0.158	51.56
14/04/2004	175959.000	-6.787	-5.764	17.701	0.123	2.80
14/04/2004	182959.000	-3.787	-3.645	2.530	0.079	-62.26
14/04/2004	185959.000	-2.928	-2.904	0.602	0.049	-71.57
14/04/2004	192959.000	-2.990	-3.032	-0.473	0.052	-59.14
14/04/2004	195959.000	-3.806	-3.818	-0.321	0.085	-76.01
14/04/2004	202959.000	-4.552	-4.599	-0.813	0.076	-60.20
14/04/2004	205959.000	-4.205	-4.225	0.033	0.077	-62.05
14/04/2004	212959.000	-3.221	-3.276	-1.170	0.061	-78.47
14/04/2004	215959.000	-6.562	-6.718	-2.690	0.070	-82.83
14/04/2004	222959.000	-2.998	-3.075	-1.353	0.055	-78.43
14/04/2004	225959.000	-2.374	-2.440	-1.172	0.036	-80.01
14/04/2004	232959.000	-2.026	-2.081	-0.954	0.039	-73.00
14/04/2004	235959.000	-0.865	-0.800	1.136	0.021	-43.98
15/04/2004	002959.000	-1.773	-1.764	0.061	0.054	-19.15
15/04/2004	005959.000	-3.574	-3.646	-1.326	0.103	-22.35
15/04/2004	012959.000	-4.963	-5.005	-1.197	0.149	-26.01
15/04/2004	015959.000	-3.798	-3.583	3.852	0.150	-25.53
15/04/2004	022959.000	-7.976	-7.685	5.212	0.208	-23.40
15/04/2004	025959.000	-9.434	-9.086	6.294	0.209	-24.54
15/04/2004	032959.000	-9.449	-9.240	3.620	0.190	-28.88
15/04/2004	035959.000	-4.815	-4.773	0.867	0.102	-30.22
15/04/2004	042959.000	-3.417	-3.337	1.328	0.104	-26.42
15/04/2004	045959.000	-5.977	-5.856	2.676	0.154	-25.96
15/04/2004	052959.000	-3.920	-3.839	1.326	0.114	-22.03
15/04/2004	055959.000	-3.789	-3.636	2.998	0.125	-13.76
15/04/2004	062959.000	-1.709	-1.197	8.390	0.154	12.60
15/04/2004	065959.000	5.177	6.313	20.787	0.210	50.59
15/04/2004	072959.000	8.574	10.574	34.695	0.287	80.08
15/04/2004	075959.000	7.495	10.113	45.680	0.257	98.56
15/04/2004	082959.000	30.589	35.366	84.677	0.252	225.89
15/04/2004	085959.000	78.388	88.990	186.632	0.493	410.93
15/04/2004	092959.000	105.432	116.754	198.950	0.553	469.03
15/04/2004	095959.000	111.902	123.880	209.304	0.516	496.54
15/04/2004	102959.000	145.616	162.164	287.999	0.547	475.69
15/04/2004	105959.000	140.721	157.022	283.030	0.543	514.82
15/04/2004	112959.000	121.671	136.350	254.713	0.425	531.69
15/04/2004	115959.000	132.056	148.998	292.472	0.416	548.05
15/04/2004	122959.000	123.469	140.879	299.909	0.435	572.97
15/04/2004	125959.000	91.014	107.803	288.330	0.409	593.91
15/04/2004	132959.000	109.720	127.969	+9999	0.382	579.79
15/04/2004	135959.000	108.213	127.075	+9999	0.329	582.79
15/04/2004	142959.000	95.838	113.210	296.850	0.362	510.63
15/04/2004	145959.000	69.605	81.705	207.115	0.306	437.97
15/04/2004	152959.000	58.009	72.404	246.323	0.417	390.15
15/04/2004	155959.000	34.313	45.997	199.656	0.334	325.92
15/04/2004	162959.000	19.582	28.128	146.445	0.394	255.13
15/04/2004	165959.000	8.281	16.554	142.338	0.463	185.87
15/04/2004	172959.000	3.873	11.961	138.869	0.475	75.78
15/04/2004	175959.000	-27.394	-21.800	95.163	0.467	-1.95
15/04/2004	182959.000	-42.155	-39.264	49.485	0.406	-61.65
15/04/2004	185959.000	-53.008	-51.328	28.367	0.414	-87.09
15/04/2004	192959.000	-46.983	-46.205	13.048	0.326	-90.67
15/04/2004	195959.000	-54.031	-53.233	13.415	0.343	-89.71
15/04/2004	202959.000	-61.269	-60.249	17.084	0.375	-88.40
15/04/2004	205959.000	-48.288	-47.746	9.204	0.322	-86.53
15/04/2004	212959.000	-44.112	-43.685	7.288	0.350	-85.50
15/04/2004	215959.000	-52.267	-52.040	3.621	0.350	-86.24
15/04/2004	222959.000	-57.375	-57.232	2.076	0.363	-86.08
15/04/2004	225959.000	-48.924	-49.049	-2.859	0.286	-85.15
15/04/2004	232959.000	-48.300	-48.278	0.090	0.284	-84.50
15/04/2004	235959.000	-51.557	-51.902	-6.296	0.326	-82.63
16/04/2004	002959.000	-53.084	-53.426	-6.107	0.296	-71.82
16/04/2004	005959.000	-47.601	-47.962	-6.553	0.251	-68.27
16/04/2004	012959.000	-37.032	-37.195	-3.092	0.238	-65.71
16/04/2004	015959.000	-23.990	-24.197	-3.901	0.191	-62.27
16/04/2004	022959.000	-28.795	-29.154	-6.687	0.205	-58.88
16/04/2004	025959.000	-22.920	-23.139	-4.172	0.199	-25.62
16/04/2004	032959.000	-13.162	-12.954	3.395	0.152	-3.95
16/04/2004	035959.000	-14.767	-14.466	5.246	0.174	-4.34
16/04/2004	042959.000	-6.630	-6.374	4.563	0.119	-5.00
16/04/2004	045959.000	-6.012	-5.819	3.411	0.106	-8.32
16/04/2004	052959.000	-12.187	-11.980	3.486	0.145	-29.96
16/04/2004	055959.000	-17.164	-16.163	18.430	0.269	1.39
16/04/2004	062959.000	-8.626	-7.129	26.557	0.323	21.22
16/04/2004	065959.000	-1.327	0.132	26.216	0.265	27.63
16/04/2004	072959.000	-3.980	-2.522	25.119	0.277	24.68
16/04/2004	075959.000	-1.587	0.851	43.173	0.330	92.66
16/04/2004	082959.000	8.296	11.977	65.350	0.553	93.15
16/04/2004	085959.000	17.856	21.593	64.847	0.642	76.08
16/04/2004	092959.000	36.596	40.748	73.375	0.666	95.23
16/04/2004	095959.000	18.507	33.624	284.354	0.620	95.55
16/04/2004	102959.000	21.860	21.637	5.541	0.589	77.63
16/04/2004	105959.000	7.646	17.524	194.318	0.503	92.08
16/04/2004	112959.000	13.256	13.140	-4.019	0.452	108.61
16/04/2004	115959.000	13.039	11.595	14.094	0.336	128.45
16/04/2004	122959.000	21.599	17.029	+9999	0.290	111.83
16/04/2004	125959.000	17.100	15.231	+9999	0.220	108.70
16/04/2004	132959.000	9.112	16.536	152.684	0.219	101.86
16/04/2004	135959.000	4.614	5.818	+9999	0.145	37.67
16/04/2004	142959.000	3.230	6.255	+9999	0.042	35.45
16/04/2004	145959.000	10.906	8.434	+9999	0.054	78.66
16/04/2004	152959.000	8.655	4.805	+9999	0.072	47.78
16/04/2004	155959.000	-3.932	-12.529	+9999	0.174	10.67
16/04/2004	162959.000	-11.393	-8.378	60.626	0.187	20.06
16/04/2004	165959.000	-3.296	-6.168	+9999	0.153	16.77
16/04/2004	172959.000	-5.613	-1.966	+9999	0.114	15.23
16/04/2004	175959.000	-1.869	-3.888	+9999	0.077	7.22
16/04/2004	182959.000	-3.970	-3.992	36.601	0.052	-0.02
16/04/2004	185959.000	-0.055	-2.726	+9999	0.087	-3.02
16/04/2004	192959.000	-12.050	-5.614	+9999	0.345	-4.15
16/04/2004	195959.000	2.207	1.605	+9999	0.159	-6.77
16/04/2004	202959.000	-0.157	-0.004	-4.862	0.061	-3.70
16/04/2004	205959.000	-1.459	-0.383	19.292	0.039	-3.15
16/04/2004	212959.000	1.076	0.442	-11.406	0.014	-2.65
16/04/2004	215959.000	1.171	0.929	-5.646	0.012	-2.29
16/04/2004	222959.000	0.121	-0.427	-10.305	0.031	-2.04
16/04/2004	225959.000	-0.060	0.013	+9999	0.034	-1.87
16/04/2004	232959.000	-0.076	-0.052	0.116	0.028	-1.88
16/04/2004	235959.000	0.379	-0.232	+9999	0.073	-1.16
17/04/2004	002959.000	0.808	0.203	-9.999	0.124	-1.01
17/04/2004	005959.000	0.658	-0.615	-21.169	0.116	-1.38
17/04/2004	012959.000	-1.163	-0.417	10.317	0.059	-1.34
17/04/2004	015959.000	0.602	-0.174	-19.029	0.028	-1.32
17/04/2004	022959.000	-1.883	-0.930	25.635	0.099	-1.05
17/04/2004	025959.000	-0.318	-1.271	-21.787	0.125	-1.80
17/04/2004	032959.000	-4.438	-1.919	46.937	0.102	-1.92
17/04/2004	035959.000	-0.088	-1.547	-27.680	0.196	-1.51
17/04/2004	042959.000	-4.323	-6.085	-21.454	0.221	-1.17
17/04/2004	045959.000	0.859	-1.689	-0.592	0.270	-1.14
17/04/2004	052959.000	2.161	-0.668	+9999	0.287	-0.03
17/04/2004	055959.000	-2.770	-6.164	+9999	0.352	5.35
17/04/2004	062959.000	-13.020	-11.037	38.004	0.339	26.58
17/04/2004	065959.000	-1.989	-12.701	+9999	0.359	21.13
17/04/2004	072959.000	-11.418	-8.687	53.921	0.346	38.56
17/04/2004	075959.000	-13.712	-8.504	99.232	0.303	61.97
17/04/2004	082959.000	-12.204	-2.870	155.365	0.331	54.87
17/04/2004	085959.000	8.252	8.000	23.013	0.267	78.61
17/04/2004	092959.000	24.299	12.357	+9999	0.305	107.47
17/04/2004	095959.000	10.394	9.789	-13.099	0.276	111.77
17/04/2004	102959.000	9.100	17.899	157.394	0.265	178.78
17/04/2004	105959.000	20.007	25.466	95.309	0.301	138.35
17/04/2004	112959.000	4.199	5.882	25.919	0.341	48.41
17/04/2004	115959.000	47.518	58.043	186.796	0.334	354.93
17/04/2004	122959.000	124.575	141.983	304.418	0.337	608.22
17/04/2004	125959.000	89.076	102.200	229.504	0.273	556.07
17/04/2004	132959.000	67.774	82.546	257.558	0.305	397.90
17/04/2004	135959.000	28.520	38.691	176.484	0.200	317.53
17/04/2004	142959.000	40.264	52.116	206.723	0.216	303.81
17/04/2004	145959.000	38.818	48.355	165.888	0.102	407.78
17/04/2004	152959.000	9.846	18.454	150.385	0.243	132.22
17/04/2004	155959.000	1.500	6.620	89.543	0.211	75.88
17/04/2004	162959.000	-0.048	3.989	70.190	0.229	37.19
17/04/2004	165959.000	-2.377	-2.389	-0.496	0.169	-3.91
17/04/2004	172959.000	-8.800	-7.828	17.483	0.137	11.51
17/04/2004	175959.000	-8.262	-6.364	33.672	0.138	9.65
17/04/2004	182959.000	-10.689	-9.314	24.111	0.144	-15.89
17/04/2004	185959.000	-14.896	-13.725	20.528	0.220	-31.96
17/04/2004	192959.000	-4.116	-3.335	13.407	0.121	-41.42
17/04/2004	195959.000	-1.485	-1.086	6.880	0.080	-35.73
17/04/2004	202959.000	-6.822	-6.249	10.518	0.144	-64.14
17/04/2004	205959.000	-4.310	-3.597	12.733	0.160	-25.76
17/04/2004	212959.000	-5.005	-4.224	14.261	0.165	-27.70
17/04/2004	215959.000	-2.826	-2.014	14.723	0.170	-28.44
17/04/2004	222959.000	-8.681	-7.997	12.259	0.178	-49.19
17/04/2004	225959.000	-9.685	-8.911	13.172	0.152	-35.41
17/04/2004	232959.000	-5.405	-5.115	5.104	0.089	-55.13
17/04/2004	235959.000	-8.884	-8.659	4.080	0.113	-74.98
18/04/2004	002959.000	-6.987	-7.123	-2.862	0.096	-69.16
18/04/2004	005959.000	-13.247	-13.430	-3.087	0.124	-77.95
18/04/2004	012959.000	-11.004	-11.261	-4.475	0.130	-78.73
18/04/2004	015959.000	-8.963	-9.229	-4.846	0.194	-76.88
18/04/2004	022959.000	-7.784	-8.108	-5.561	0.147	-60.92
18/04/2004	025959.000	-8.411	-8.389	0.517	0.125	-40.14
18/04/2004	032959.000	-9.717	-9.561	2.903	0.181	-29.39
18/04/2004	035959.000	-6.590	-6.364	4.671	0.180	-26.52
18/04/2004	042959.000	8.641	-12.578	+9999	0.363	-25.90
18/04/2004	045959.000	186.718	5.494	+9999	1.297	-23.26
18/04/2004	052959.000	378.414	140.361	+9999	1.355	-21.32
18/04/2004	055959.000	125.884	+9999	+9999	1.568	-9.86
18/04/2004	062959.000	67.295	-21.341	+9999	0.857	11.33
18/04/2004	065959.000	25.749	12.012	+9999	0.439	41.59
18/04/2004	072959.000	43.607	53.331	178.473	0.735	55.75
18/04/2004	075959.000	67.456	49.830	+9999	0.520	95.21
18/04/2004	082959.000	93.511	58.503	+9999	0.630	124.30
18/04/2004	085959.000	235.042	151.805	+9999	1.120	159.90
18/04/2004	092959.000	133.329	43.698	+9999	1.294	130.65
18/04/2004	095959.000	45.654	0.984	+9999	0.968	144.83
18/04/2004	102959.000	243.122	118.893	+9999	1.109	235.41
18/04/2004	105959.000	178.200	73.454	+9999	0.951	241.63
18/04/2004	112959.000	184.812	88.128	+9999	0.997	122.47
18/04/2004	115959.000	98.541	5.543	+9999	0.746	97.18
18/04/2004	122959.000	-506.156	+9999	+9999	1.662	121.30
18/04/2004	125959.000	+9999	+9999	+9999	2.151	128.53
18/04/2004	132959.000	-582.198	+9999	+9999	1.960	211.78
18/04/2004	135959.000	-424.967	+9999	+9999	1.833	388.25
18/04/2004	142959.000	-303.334	11.524	+9999	1.848	346.71
18/04/2004	145959.000	-224.823	125.660	+9999	1.763	154.54
18/04/2004	152959.000	-361.400	+9999	+9999	1.256	55.25
18/04/2004	155959.000	-105.741	68.278	+9999	0.751	35.07
18/04/2004	162959.000	-176.791	+9999	+9999	0.505	21.06
18/04/2004	165959.000	-109.664	-15.665	+9999	0.325	0.21
18/04/2004	172959.000	-87.612	14.332	+9999	0.344	-1.04
18/04/2004	175959.000	-9.135	42.887	+9999	0.411	-10.24
18/04/2004	182959.000	-31.518	2.972	+9999	0.834	-17.85
18/04/2004	185959.000	24.467	35.781	209.898	0.306	-42.22
18/04/2004	192959.000	34.529	47.968	247.492	0.310	-44.72
18/04/2004	195959.000	-0.366	-7.834	+9999	0.332	-39.35
18/04/2004	202959.000	-7.296	-23.923	+9999	0.248	-41.58
18/04/2004	205959.000	-23.186	-3.951	+9999	0.262	-50.42
18/04/2004	212959.000	-77.666	-46.540	+9999	0.300	-72.32
18/04/2004	215959.000	-19.850	-18.931	18.173	0.301	-63.34
18/04/2004	222959.000	-54.848	-37.064	+9999	0.239	-79.53
18/04/2004	225959.000	-71.154	-38.124	+9999	0.292	-74.05
18/04/2004	232959.000	-31.529	-25.447	116.652	0.275	-82.15
18/04/2004	235959.000	-1.323	5.969	135.455	0.328	-83.81
19/04/2004	002959.000	+9999	+9999	+9999	0.454	-80.41
19/04/2004	005959.000	+9999	-15.914	+9999	0.516	-73.17
19/04/2004	012959.000	+9999	-24.835	+9999	0.494	-61.63
19/04/2004	015959.000	-26.571	12.005	+9999	0.455	-58.23
19/04/2004	022959.000	-39.488	-14.856	+9999	0.473	-29.56
19/04/2004	025959.000	127.035	196.805	+9999	0.683	-9.31
19/04/2004	032959.000	-44.846	10.725	+9999	0.588	-12.66
19/04/2004	035959.000	+9999	-34.601	+9999	0.455	-16.44
19/04/2004	042959.000	-32.667	-20.780	225.153	0.502	-32.20
19/04/2004	045959.000	-24.053	-22.038	43.098	0.577	-11.20
19/04/2004	052959.000	-28.798	-30.979	+9999	0.551	-30.13
19/04/2004	055959.000	-0.722	-9.443	+9999	0.521	-22.57
19/04/2004	062959.000	-13.781	-20.394	+9999	0.564	-19.63
19/04/2004	065959.000	21.544	7.290	+9999	0.567	110.81
19/04/2004	072959.000	55.244	44.681	+9999	0.570	211.28
19/04/2004	075959.000	32.937	36.061	54.748	0.575	155.14
19/04/2004	082959.000	66.415	61.856	+9999	0.559	258.84
19/04/2004	085959.000	123.860	134.481	189.836	0.668	471.96
19/04/2004	092959.000	114.331	125.305	195.964	0.627	421.34
19/04/2004	095959.000	127.531	141.952	258.815	0.606	439.49
19/04/2004	102959.000	116.411	129.545	233.159	0.499	466.64
19/04/2004	105959.000	140.518	157.359	298.229	0.524	553.02
19/04/2004	112959.000	296.431	297.607	+9999	0.641	243.19
19/04/2004	115959.000	154.915	152.357	26.057	0.598	507.79
19/04/2004	122959.000	157.331	173.771	291.437	0.674	557.46
19/04/2004	125959.000	130.752	146.035	270.695	0.681	459.01
19/04/2004	132959.000	114.002	129.821	279.820	0.754	405.54
19/04/2004	135959.000	69.193	79.149	176.116	0.779	191.85
19/04/2004	142959.000	57.681	69.969	216.091	0.702	413.61
19/04/2004	145959.000	6.900	18.714	209.693	0.588	159.87
19/04/2004	152959.000	13.599	25.178	204.321	0.713	171.02
19/04/2004	155959.000	0.400	7.424	125.261	0.633	194.42
19/04/2004	162959.000	23.285	31.977	152.969	0.581	197.32
19/04/2004	165959.000	-2.203	3.021	92.512	0.503	73.15
19/04/2004	172959.000	-15.666	-12.199	62.065	0.430	42.52
19/04/2004	175959.000	-18.611	-15.006	63.765	0.418	13.84
19/04/2004	182959.000	-18.260	-16.392	33.318	0.364	-23.27
19/04/2004	185959.000	-11.385	-8.180	56.749	0.288	-28.42
19/04/2004	192959.000	-6.281	-5.003	22.621	0.169	-19.58
19/04/2004	195959.000	-3.692	-3.144	9.803	0.101	-18.50
19/04/2004	202959.000	-5.689	-1.865	70.191	0.058	-15.59
19/04/2004	205959.000	-5.148	-4.673	+9999	0.116	-13.53
19/04/2004	212959.000	-6.073	-5.908	+9999	0.172	-12.40
19/04/2004	215959.000	-4.412	-7.101	+9999	0.196	-11.75
19/04/2004	222959.000	-9.509	-7.184	24.457	0.209	-11.36
19/04/2004	225959.000	0.208	-4.217	+9999	0.275	-12.58
19/04/2004	232959.000	-5.546	-11.106	+9999	0.374	-9.58
19/04/2004	235959.000	-19.535	-16.545	36.768	0.333	-6.82
20/04/2004	002959.000	4.540	-16.100	+9999	0.224	-6.00
20/04/2004	005959.000	-1.100	-2.182	25.673	0.294	-6.10
20/04/2004	012959.000	-3.662	-0.509	34.156	0.357	-6.02
20/04/2004	015959.000	-13.278	-10.778	-8.129	0.393	-3.39
20/04/2004	022959.000	7.296	-4.206	+9999	0.387	-1.59
20/04/2004	025959.000	-6.553	-1.980	74.493	0.347	-3.13
20/04/2004	032959.000	-10.354	-10.489	+9999	0.373	-1.05
20/04/2004	035959.000	-6.855	-18.960	+9999	0.406	-2.82
20/04/2004	042959.000	-15.144	-15.631	-18.697	0.392	-1.65
20/04/2004	045959.000	-29.722	-26.081	122.622	0.445	-11.84
20/04/2004	052959.000	-37.483	-41.062	+9999	0.454	-12.04
20/04/2004	055959.000	-38.417	-35.553	+9999	0.465	14.75
20/04/2004	062959.000	-26.866	-27.620	-6.955	0.490	60.73
20/04/2004	065959.000	-4.071	-16.424	+9999	0.466	112.77
20/04/2004	072959.000	-18.225	-15.590	46.221	0.390	120.33
20/04/2004	075959.000	-13.831	-10.907	51.765	0.346	141.04
20/04/2004	082959.000	-5.154	-0.979	73.565	0.419	194.19
20/04/2004	085959.000	5.747	11.044	93.745	0.413	214.92
20/04/2004	092959.000	16.770	21.683	86.634	0.385	224.50
20/04/2004	095959.000	30.560	38.285	134.256	0.418	343.85
20/04/2004	102959.000	51.259	60.991	168.201	0.404	302.99
20/04/2004	105959.000	36.270	46.509	179.180	0.389	328.39
20/04/2004	112959.000	66.772	75.604	153.347	0.384	398.39
20/04/2004	115959.000	71.598	85.424	238.688	0.460	389.15
20/04/2004	122959.000	37.720	46.584	152.821	0.353	347.75
20/04/2004	125959.000	48.219	58.846	183.579	0.433	405.71
20/04/2004	132959.000	80.214	97.573	298.445	0.445	578.65
20/04/2004	135959.000	48.268	61.810	232.529	0.411	373.06
20/04/2004	142959.000	38.335	48.834	180.496	0.346	299.96
20/04/2004	145959.000	29.332	37.115	133.549	0.416	178.08
20/04/2004	152959.000	27.086	36.877	168.859	0.443	279.52
20/04/2004	155959.000	33.234	43.164	170.547	0.458	257.33
20/04/2004	162959.000	38.079	47.900	169.368	0.503	276.91
20/04/2004	165959.000	19.918	24.560	80.118	0.304	109.31
20/04/2004	172959.000	12.688	15.815	54.418	0.285	82.86
20/04/2004	175959.000	-10.100	-7.579	43.712	0.290	2.76
20/04/2004	182959.000	-4.961	-4.112	14.966	0.203	-46.82
20/04/2004	185959.000	-9.441	-9.144	5.373	0.156	-71.12
20/04/2004	192959.000	-6.122	-6.160	-0.549	0.091	-74.36
20/04/2004	195959.000	-2.899	-2.956	-0.938	0.069	-53.30
20/04/2004	202959.000	-0.520	-0.504	-0.013	0.053	-56.29
20/04/2004	205959.000	-0.417	-0.442	-0.829	0.067	-33.56
20/04/2004	212959.000	-0.641	-0.663	-0.393	0.032	-30.57
20/04/2004	215959.000	-1.490	-1.552	-0.957	0.054	-48.83
20/04/2004	222959.000	3.517	3.637	1.584	0.068	-70.98
20/04/2004	225959.000	4.160	4.261	1.027	0.109	-68.67
20/04/2004	232959.000	0.860	0.772	-1.510	0.084	-54.71
20/04/2004	235959.000	-4.080	-4.516	-7.834	0.084	-40.19
21/04/2004	002959.000	-1.757	-1.723	0.452	0.056	-32.29
21/04/2004	005959.000	-7.476	-8.009	-9.279	0.134	-30.02
21/04/2004	012959.000	-7.173	-7.615	-7.608	0.119	-26.05
21/04/2004	015959.000	-4.640	-4.932	-4.973	0.094	-22.36
21/04/2004	022959.000	-4.760	-4.179	11.212	0.085	-20.37
21/04/2004	025959.000	-9.442	-10.534	-19.353	0.116	-20.16
21/04/2004	032959.000	-11.443	-12.008	-9.131	0.095	-17.90
21/04/2004	035959.000	-25.246	-22.590	+9999	0.164	-16.06
21/04/2004	042959.000	-10.774	-14.240	14.806	0.160	-13.39
21/04/2004	045959.000	-12.788	-9.368	20.745	0.168	-13.76
21/04/2004	052959.000	-3.406	-5.771	-11.856	0.141	-5.29
21/04/2004	055959.000	-12.871	-10.492	-15.550	0.199	15.94
21/04/2004	062959.000	8.128	10.394	+9999	0.268	85.01
21/04/2004	065959.000	28.929	26.866	+9999	0.374	147.34
21/04/2004	072959.000	40.338	46.583	151.318	0.425	223.74
21/04/2004	075959.000	49.387	61.043	206.684	0.436	306.32
21/04/2004	082959.000	85.896	98.096	210.985	0.457	383.48
21/04/2004	085959.000	90.956	101.370	179.543	0.396	458.15
21/04/2004	092959.000	87.372	99.579	209.460	0.458	515.21
21/04/2004	095959.000	93.052	107.418	245.801	0.559	551.98
21/04/2004	102959.000	93.193	108.711	263.344	0.645	572.64
21/04/2004	105959.000	105.037	123.094	+9999	0.658	591.27
21/04/2004	112959.000	123.890	145.640	+9999	0.667	612.93
21/04/2004	115959.000	104.076	122.230	+9999	0.595	639.13
21/04/2004	122959.000	94.208	110.937	282.972	0.524	651.31
21/04/2004	125959.000	81.924	97.939	270.355	0.482	623.59
21/04/2004	132959.000	69.760	85.357	263.117	0.388	592.87
21/04/2004	135959.000	68.924	87.152	+9999	0.454	551.41
21/04/2004	142959.000	50.510	66.670	272.613	0.420	502.87
21/04/2004	145959.000	44.309	59.488	256.634	0.370	451.35
21/04/2004	152959.000	27.205	37.068	166.517	0.348	400.36
21/04/2004	155959.000	21.933	31.721	165.458	0.341	341.20
21/04/2004	162959.000	8.949	17.134	138.888	0.390	266.74
21/04/2004	165959.000	-19.719	-12.720	119.249	0.412	90.22
21/04/2004	172959.000	-25.236	-21.197	69.010	0.339	60.08
21/04/2004	175959.000	-42.576	-39.239	57.950	0.379	-31.84
21/04/2004	182959.000	-32.924	-31.060	32.269	0.305	-63.84
21/04/2004	185959.000	-18.766	-17.197	27.521	0.279	-53.08
21/04/2004	192959.000	-34.130	-31.593	44.135	0.297	-24.65
21/04/2004	195959.000	-30.997	-28.518	42.959	0.219	-22.58
21/04/2004	202959.000	-6.468	-6.013	7.796	0.143	-20.70
21/04/2004	205959.000	-24.310	-22.186	37.392	0.157	-20.93
21/04/2004	212959.000	-12.335	-11.542	13.887	0.080	-21.94
21/04/2004	215959.000	-15.426	-14.586	14.711	0.181	-21.97
21/04/2004	222959.000	-7.299	-6.751	9.054	0.117	-41.66
21/04/2004	225959.000	-16.507	-16.176	5.880	0.228	-72.09
21/04/2004	232959.000	-11.776	-11.715	1.172	0.223	-63.71
21/04/2004	235959.000	-13.380	-13.088	5.233	0.266	-42.09
22/04/2004	002959.000	-7.062	-6.820	4.569	0.096	-35.65
22/04/2004	005959.000	-28.372	-27.795	10.663	0.250	-28.33
22/04/2004	012959.000	-10.800	-10.618	3.503	0.128	-23.42
22/04/2004	015959.000	-6.804	-6.693	2.255	0.084	-20.98
22/04/2004	022959.000	-5.288	-5.247	1.041	0.084	-19.80
22/04/2004	025959.000	-2.027	-1.999	0.907	0.093	-21.10
22/04/2004	032959.000	-6.557	-6.991	-7.648	0.188	-16.22
22/04/2004	035959.000	-12.004	-10.934	21.187	0.239	-10.35
22/04/2004	042959.000	-3.668	-2.329	24.584	0.162	-8.82
22/04/2004	045959.000	-8.267	-7.480	14.395	0.134	-5.33
22/04/2004	052959.000	-5.306	-4.448	15.648	0.143	-4.38
22/04/2004	055959.000	-0.119	1.621	32.025	0.098	3.07
22/04/2004	062959.000	2.189	-0.854	+9999	0.092	3.58
22/04/2004	065959.000	6.520	-1.229	+9999	0.187	5.12
22/04/2004	072959.000	5.061	9.627	46.013	0.152	16.09
22/04/2004	075959.000	9.666	16.094	176.721	0.298	10.36
22/04/2004	082959.000	6.617	6.299	+9999	0.198	22.42
22/04/2004	085959.000	25.102	19.555	+9999	0.242	49.44
22/04/2004	092959.000	24.433	30.239	94.788	0.517	54.59
22/04/2004	095959.000	21.893	23.122	43.961	0.489	55.41
22/04/2004	102959.000	21.095	16.149	+9999	0.518	75.85
22/04/2004	105959.000	36.105	26.708	+9999	0.471	93.02
22/04/2004	112959.000	13.208	20.985	41.847	0.504	78.30
22/04/2004	115959.000	9.560	10.251	15.626	0.471	65.18
22/04/2004	122959.000	-3.715	14.446	+9999	0.490	74.33
22/04/2004	125959.000	7.852	10.345	44.907	0.420	65.78
22/04/2004	132959.000	-1.344	9.043	189.944	0.474	60.88
22/04/2004	135959.000	9.128	10.835	28.543	0.457	75.04
22/04/2004	142959.000	9.313	13.528	76.002	0.448	74.79
22/04/2004	145959.000	10.003	10.205	2.378	0.419	43.85
22/04/2004	152959.000	-14.138	-8.581	171.359	0.419	25.74
22/04/2004	155959.000	+9999	+9999	+9999	0.400	26.76
22/04/2004	162959.000	16.383	15.981	-15.572	0.360	28.16
22/04/2004	165959.000	-4.337	-1.220	50.985	0.428	12.72
22/04/2004	172959.000	-14.820	-8.774	+9999	0.423	10.16
22/04/2004	175959.000	1.050	-0.811	+9999	0.377	8.65
22/04/2004	182959.000	9.029	-1.247	+9999	0.371	-0.44
22/04/2004	185959.000	-2.143	-3.258	9.450	0.399	-2.60
22/04/2004	192959.000	-2.610	-1.274	+9999	0.298	-4.99
22/04/2004	195959.000	1.800	-5.458	+9999	0.324	-4.42
22/04/2004	202959.000	-5.215	-7.363	+9999	0.345	-3.45
22/04/2004	205959.000	-10.706	-10.244	15.266	0.338	-3.24
22/04/2004	212959.000	-7.781	-7.611	-31.265	0.370	-3.04
22/04/2004	215959.000	9.048	-7.629	+9999	0.392	-2.15
22/04/2004	222959.000	1.331	-1.242	+9999	0.411	-2.63
22/04/2004	225959.000	-3.635	-4.982	-25.549	0.408	-2.76
22/04/2004	232959.000	7.199	0.502	+9999	0.428	-2.04
22/04/2004	235959.000	-2.655	2.613	99.143	0.371	-2.03
23/04/2004	002959.000	-1.911	-3.902	-6.299	0.455	-3.41
23/04/2004	005959.000	-11.057	-8.569	41.201	0.413	-3.13
23/04/2004	012959.000	-12.203	-14.152	+9999	0.441	-2.96
23/04/2004	015959.000	-14.920	-7.897	+9999	0.384	-3.44
23/04/2004	022959.000	-10.003	-9.562	13.127	0.346	-4.20
23/04/2004	025959.000	-9.058	-7.123	37.937	0.401	-2.76
23/04/2004	032959.000	-2.271	-3.653	-19.183	0.359	-2.22
23/04/2004	035959.000	1.733	-6.369	+9999	0.314	-2.13
23/04/2004	042959.000	-3.967	-2.633	11.292	0.343	-1.83
23/04/2004	045959.000	-7.066	-3.668	97.050	0.306	-2.03
23/04/2004	052959.000	-12.063	-7.638	52.773	0.360	-5.44
23/04/2004	055959.000	5.379	-1.429	+9999	0.329	0.41
23/04/2004	062959.000	8.420	0.184	+9999	0.383	7.75
23/04/2004	065959.000	5.566	-1.096	+9999	0.327	10.62
23/04/2004	072959.000	1.040	1.461	4.775	0.315	19.59
23/04/2004	075959.000	-1.979	-0.879	29.001	0.325	25.65
23/04/2004	082959.000	-1.045	7.509	160.191	0.368	58.49
23/04/2004	085959.000	3.151	4.611	26.204	0.325	71.83
23/04/2004	092959.000	17.143	20.725	63.049	0.339	159.00
23/04/2004	095959.000	52.067	59.197	124.174	0.416	320.56
23/04/2004	102959.000	+9999	+9999	+9999	0.439	+9999
23/04/2004	105959.000	26.298	30.846	104.126	0.308	268.15
23/04/2004	112959.000	34.042	45.512	199.097	0.341	415.44
23/04/2004	115959.000	33.001	46.412	232.838	0.448	413.65
23/04/2004	122959.000	45.976	61.181	262.720	0.364	477.37
23/04/2004	125959.000	-17.320	-9.803	130.811	0.315	208.47
23/04/2004	132959.000	-32.330	-26.382	103.611	0.353	172.38
23/04/2004	135959.000	-16.151	-8.042	141.149	0.382	214.84
23/04/2004	142959.000	-7.867	-1.815	103.851	0.333	133.66
23/04/2004	145959.000	-42.684	-35.352	128.183	0.388	112.23
23/04/2004	152959.000	-20.802	-14.237	113.853	0.342	120.14
23/04/2004	155959.000	-24.492	-16.919	131.219	0.339	156.16
23/04/2004	162959.000	-27.332	-21.006	108.340	0.337	105.60
23/04/2004	165959.000	-40.207	-35.336	84.091	0.307	50.51
23/04/2004	172959.000	-15.486	-12.770	46.799	0.238	22.29
23/04/2004	175959.000	-13.513	-10.834	45.984	0.264	8.22
23/04/2004	182959.000	-10.015	-8.899	19.775	0.455	-26.66
23/04/2004	185959.000	-11.040	-9.670	24.272	0.439	-63.47
23/04/2004	192959.000	-25.011	-24.381	11.741	0.472	-77.49
23/04/2004	195959.000	-37.005	-36.425	11.487	0.493	-79.01
23/04/2004	202959.000	-32.871	-32.212	11.874	0.419	-81.26
23/04/2004	205959.000	-31.288	-30.997	6.111	0.318	-82.49
23/04/2004	212959.000	-23.575	-23.247	6.028	0.194	-81.46
23/04/2004	215959.000	-31.504	-30.944	10.205	0.238	-80.67
23/04/2004	222959.000	-35.208	-34.580	11.376	0.237	-80.22
23/04/2004	225959.000	-19.965	-19.601	6.462	0.102	-79.57
23/04/2004	232959.000	-9.755	-9.721	0.813	0.069	-78.89
23/04/2004	235959.000	-17.138	-17.339	-3.401	0.147	-79.10
24/04/2004	002959.000	-23.261	-23.557	-4.663	0.216	-79.51
24/04/2004	005959.000	-21.475	-21.335	2.927	0.173	-79.04
24/04/2004	012959.000	-12.659	-12.576	1.619	0.137	-79.78
24/04/2004	015959.000	-5.401	-5.676	-4.789	0.142	-80.51
24/04/2004	022959.000	-8.230	-8.405	-3.562	0.153	-80.89
24/04/2004	025959.000	-3.871	-4.099	-3.776	0.148	-79.98
24/04/2004	032959.000	-5.718	-5.770	-0.615	0.143	-80.59
24/04/2004	035959.000	-5.668	-5.708	-0.608	0.081	-80.31
24/04/2004	042959.000	-6.020	-6.149	-2.189	0.117	-79.65
24/04/2004	045959.000	-6.123	-6.249	-2.154	0.114	-78.49
24/04/2004	052959.000	-5.356	-5.430	-1.139	0.160	-64.70
24/04/2004	055959.000	2.095	2.337	4.486	0.144	-22.34
24/04/2004	062959.000	10.245	11.214	16.738	0.176	44.69
24/04/2004	065959.000	23.486	26.026	45.109	0.210	129.16
24/04/2004	072959.000	38.568	43.877	93.610	0.278	212.13
24/04/2004	075959.000	35.758	41.032	93.506	0.247	287.91
24/04/2004	082959.000	46.639	54.007	129.356	0.180	366.61
24/04/2004	085959.000	48.922	58.758	172.548	0.214	440.81
24/04/2004	092959.000	71.396	83.803	216.315	0.256	504.37
24/04/2004	095959.000	91.063	104.123	227.020	0.260	559.55
24/04/2004	102959.000	93.658	107.699	244.188	0.238	565.56
24/04/2004	105959.000	91.363	104.912	234.648	0.271	586.52
24/04/2004	112959.000	126.881	145.354	+9999	0.329	593.06
24/04/2004	115959.000	114.567	136.433	+9999	0.339	554.76
24/04/2004	122959.000	104.810	128.675	+9999	0.371	639.02
24/04/2004	125959.000	78.145	95.892	+9999	0.251	611.11
24/04/2004	132959.000	67.217	84.422	295.616	0.225	541.35
24/04/2004	135959.000	73.839	93.787	+9999	0.148	536.70
24/04/2004	142959.000	48.330	63.482	259.910	0.178	507.27
24/04/2004	145959.000	35.313	45.999	182.798	0.135	439.29
24/04/2004	152959.000	28.643	41.410	218.048	0.293	397.40
24/04/2004	155959.000	25.682	37.446	200.906	0.161	330.13
24/04/2004	162959.000	7.742	19.250	197.279	0.294	255.73
24/04/2004	165959.000	-5.462	1.891	124.428	0.157	173.15
24/04/2004	172959.000	-19.912	-14.608	90.219	0.212	86.32
24/04/2004	175959.000	-29.916	-26.587	57.150	0.210	4.40
24/04/2004	182959.000	-32.355	-30.632	29.931	0.200	-53.76
24/04/2004	185959.000	-41.032	-39.626	24.564	0.241	-80.66
24/04/2004	192959.000	-33.226	-31.976	21.825	0.231	-86.36
24/04/2004	195959.000	-27.217	-25.810	24.490	0.221	-84.47
24/04/2004	202959.000	-35.918	-34.532	24.378	0.235	-83.04
24/04/2004	205959.000	-30.591	-29.476	19.583	0.208	-81.70
24/04/2004	212959.000	-18.876	-18.014	15.207	0.184	-80.71
24/04/2004	215959.000	-13.552	-12.887	11.651	0.163	-80.13
24/04/2004	222959.000	-12.651	-12.109	9.450	0.156	-80.74
24/04/2004	225959.000	-6.876	-6.653	3.779	0.099	-80.48
24/04/2004	232959.000	-1.007	-0.972	0.734	0.096	-80.02
24/04/2004	235959.000	-7.667	-7.497	3.008	0.071	-78.77
25/04/2004	002959.000	-1.459	-1.466	-0.042	0.057	-78.06
25/04/2004	005959.000	1.072	1.051	-0.295	0.041	-78.49
25/04/2004	012959.000	-0.017	-0.037	-0.226	0.032	-78.61
25/04/2004	015959.000	-1.498	-1.473	0.453	0.044	-79.04
25/04/2004	022959.000	-1.333	-1.331	0.134	0.030	-78.82
25/04/2004	025959.000	-12.910	-12.527	7.302	0.070	-78.99
25/04/2004	032959.000	-2.072	-2.059	0.240	0.023	-78.95
25/04/2004	035959.000	-2.265	-2.273	-0.120	0.029	-78.35
25/04/2004	042959.000	-2.112	-2.118	-0.026	0.040	-78.46
25/04/2004	045959.000	-2.162	-2.094	1.621	0.049	-76.57
25/04/2004	052959.000	-2.819	-2.801	0.335	0.053	-62.63
25/04/2004	055959.000	-2.385	-2.386	-0.310	0.043	-19.69
25/04/2004	062959.000	-8.959	-8.181	13.799	0.111	47.60
25/04/2004	065959.000	-5.293	-2.087	56.498	0.158	131.37
25/04/2004	072959.000	3.732	7.862	72.118	0.158	214.86
25/04/2004	075959.000	9.358	13.043	64.366	0.075	293.15
25/04/2004	082959.000	33.877	41.864	138.593	0.189	369.38
25/04/2004	085959.000	35.726	45.013	160.863	0.157	447.65
25/04/2004	092959.000	46.461	57.954	198.063	0.181	504.26
25/04/2004	095959.000	57.754	75.225	+9999	0.172	531.44
25/04/2004	102959.000	49.640	64.896	262.052	0.150	554.60
25/04/2004	105959.000	55.860	72.210	279.707	0.192	571.40
25/04/2004	112959.000	49.680	64.606	253.724	0.115	594.24
25/04/2004	115959.000	58.601	74.805	278.894	0.203	609.16
25/04/2004	122959.000	85.699	106.867	+9999	0.162	620.94
25/04/2004	125959.000	62.978	83.394	+9999	0.255	615.79
25/04/2004	132959.000	54.979	76.453	+9999	0.232	592.69
25/04/2004	135959.000	64.686	89.896	+9999	0.264	550.91
25/04/2004	142959.000	32.050	47.387	259.974	0.087	470.73
25/04/2004	145959.000	36.656	51.981	258.817	0.276	415.74
25/04/2004	152959.000	22.035	37.152	255.338	0.162	384.86
25/04/2004	155959.000	11.012	24.068	221.217	0.146	353.01
25/04/2004	162959.000	1.781	14.264	210.451	0.112	275.28
25/04/2004	165959.000	-9.390	-1.222	136.861	0.133	196.42
25/04/2004	172959.000	-16.658	-10.867	98.873	0.179	109.51
25/04/2004	175959.000	-11.565	-9.580	33.557	0.091	26.05
25/04/2004	182959.000	-5.765	-5.045	12.170	0.070	-42.68
25/04/2004	185959.000	-4.296	-4.063	3.977	0.047	-83.42
25/04/2004	192959.000	-5.062	-4.891	2.955	0.049	-95.77
25/04/2004	195959.000	-5.857	-5.629	3.749	0.058	-94.31
25/04/2004	202959.000	-4.244	-4.091	2.557	0.063	-91.39
25/04/2004	205959.000	1.458	1.347	-1.843	0.075	-89.58
25/04/2004	212959.000	0.748	0.797	0.786	0.060	-88.35
25/04/2004	215959.000	-4.567	-4.432	2.399	0.075	-86.21
25/04/2004	222959.000	-14.011	-13.651	6.291	0.111	-85.00
25/04/2004	225959.000	-4.561	-4.337	3.931	0.094	-85.48
25/04/2004	232959.000	-1.875	-1.802	1.279	0.095	-86.94
25/04/2004	235959.000	-0.184	-0.161	0.454	0.053	-87.56
26/04/2004	002959.000	1.856	1.791	-1.119	0.043	-87.26
26/04/2004	005959.000	-0.592	-0.582	0.038	0.023	-87.59
26/04/2004	012959.000	-1.535	-1.512	0.418	0.044	-86.46
26/04/2004	015959.000	-0.309	-0.333	-0.435	0.015	-85.78
26/04/2004	022959.000	1.442	1.447	0.082	0.025	-84.31
26/04/2004	025959.000	-1.338	-1.108	4.142	0.040	-84.55
26/04/2004	032959.000	-0.626	-0.647	-0.406	0.041	-85.41
26/04/2004	035959.000	0.061	0.072	0.257	0.037	-85.14
26/04/2004	042959.000	-0.330	-0.371	-0.760	0.005	-83.83
26/04/2004	045959.000	3.478	3.697	3.791	0.074	-81.85
26/04/2004	052959.000	-0.267	-0.436	-2.864	0.058	-70.02
26/04/2004	055959.000	-3.901	-3.924	-0.490	0.036	-22.14
26/04/2004	062959.000	-1.646	-0.595	18.575	0.139	43.09
26/04/2004	065959.000	12.958	15.814	51.078	0.140	128.70
26/04/2004	072959.000	31.695	35.432	65.537	0.165	214.40
26/04/2004	075959.000	38.914	44.681	100.190	0.172	293.81
26/04/2004	082959.000	41.102	47.774	116.235	0.210	372.11
26/04/2004	085959.000	54.091	62.893	152.746	0.122	447.74
26/04/2004	092959.000	72.532	83.051	181.299	0.243	502.67
26/04/2004	095959.000	78.295	90.203	205.372	0.196	535.12
26/04/2004	102959.000	81.960	95.845	238.808	0.191	551.99
26/04/2004	105959.000	86.002	102.327	280.035	0.273	569.10
26/04/2004	112959.000	62.299	76.588	244.430	0.199	585.74
26/04/2004	115959.000	77.112	95.033	+9999	0.096	605.50
26/04/2004	122959.000	55.687	70.416	251.231	0.208	607.70
26/04/2004	125959.000	64.263	80.774	280.365	0.182	599.68
26/04/2004	132959.000	94.666	114.945	+9999	0.193	575.77
26/04/2004	135959.000	52.351	65.928	230.355	0.136	533.08
26/04/2004	142959.000	60.513	75.571	254.831	0.200	485.23
26/04/2004	145959.000	66.591	82.644	271.086	0.197	432.78
26/04/2004	152959.000	52.260	67.998	265.502	0.244	378.99
26/04/2004	155959.000	39.732	53.479	231.903	0.132	321.01
26/04/2004	162959.000	25.901	36.072	172.212	0.153	245.27
26/04/2004	165959.000	6.496	16.409	167.165	0.161	161.60
26/04/2004	172959.000	-7.530	-0.898	111.854	0.113	80.86
26/04/2004	175959.000	-2.496	-1.684	13.585	0.056	2.79
26/04/2004	182959.000	-1.067	-0.982	1.316	0.047	-62.73
26/04/2004	185959.000	0.847	0.807	-0.774	0.054	-81.60
26/04/2004	192959.000	2.374	2.310	-1.107	0.039	-92.39
26/04/2004	195959.000	3.013	2.972	-0.588	0.044	-80.96
26/04/2004	202959.000	0.668	0.655	-0.230	0.019	-80.45
26/04/2004	205959.000	2.901	2.854	-0.857	0.032	-81.04
26/04/2004	212959.000	-0.223	-0.217	0.009	0.024	-81.80
26/04/2004	215959.000	-17.433	-16.468	16.695	0.090	-80.36
26/04/2004	222959.000	-28.558	-27.403	19.981	0.156	-81.19
26/04/2004	225959.000	-42.338	-40.784	26.767	0.215	-80.83
26/04/2004	232959.000	-45.816	-44.124	29.337	0.228	-79.85
26/04/2004	235959.000	-16.475	-15.792	11.771	0.191	-80.93
27/04/2004	002959.000	-26.131	-25.435	12.238	0.149	-79.51
27/04/2004	005959.000	-24.185	-23.073	19.527	0.234	-78.15
27/04/2004	012959.000	-15.704	-14.938	13.738	0.201	-79.85
27/04/2004	015959.000	-22.295	-21.595	12.494	0.201	-80.10
27/04/2004	022959.000	-25.895	-25.515	6.857	0.247	-79.05
27/04/2004	025959.000	-6.186	-5.575	10.451	0.214	-78.58
27/04/2004	032959.000	-15.489	-15.135	6.120	0.316	-78.37
27/04/2004	035959.000	-5.628	-5.263	6.263	0.238	-78.28
27/04/2004	042959.000	-2.841	-2.587	5.030	0.247	-64.67
27/04/2004	045959.000	3.459	4.675	21.772	0.231	-20.59
27/04/2004	052959.000	4.262	6.228	34.075	0.264	-9.05
27/04/2004	055959.000	3.045	4.238	21.331	0.226	18.93
27/04/2004	062959.000	8.238	9.769	27.868	0.231	41.21
27/04/2004	065959.000	10.296	12.582	39.783	0.241	55.80
27/04/2004	072959.000	7.355	9.046	29.425	0.177	56.57
27/04/2004	075959.000	14.251	16.850	45.376	0.176	80.44
27/04/2004	082959.000	14.146	16.486	40.695	0.157	101.60
27/04/2004	085959.000	22.437	25.579	54.771	0.062	130.06
27/04/2004	092959.000	26.323	29.575	57.934	0.089	195.88
27/04/2004	095959.000	33.434	38.605	90.885	0.162	12.09
27/04/2004	102959.000	58.374	64.919	113.858	0.138	-0.87
27/04/2004	105959.000	73.230	82.807	167.386	0.208	-26.33
27/04/2004	112959.000	113.277	127.122	239.744	0.221	+9999
27/04/2004	115959.000	80.267	91.673	197.587	0.230	+9999
27/04/2004	122959.000	80.764	94.560	236.854	0.214	605.16
27/04/2004	125959.000	80.496	93.850	229.063	0.171	423.20
27/04/2004	132959.000	56.104	65.901	169.250	0.165	349.57
27/04/2004	135959.000	40.272	48.286	138.106	0.108	320.06
27/04/2004	142959.000	25.954	32.652	115.450	0.075	231.46
27/04/2004	145959.000	27.863	34.843	119.743	0.090	234.71
27/04/2004	152959.000	18.284	25.708	126.364	0.121	99.61
27/04/2004	155959.000	-0.845	2.573	59.881	0.063	10.74
27/04/2004	162959.000	-3.485	-1.229	39.077	0.165	-10.70
27/04/2004	165959.000	-7.389	-3.027	77.341	0.140	6.94
27/04/2004	172959.000	-4.426	-0.523	69.264	0.147	16.24
27/04/2004	175959.000	-1.155	0.326	26.568	0.090	-9.74
27/04/2004	182959.000	-1.103	-0.436	10.986	0.042	-19.39
27/04/2004	185959.000	-0.016	0.158	2.979	0.024	-22.49
27/04/2004	192959.000	-0.292	-0.092	3.910	0.089	-20.72
27/04/2004	195959.000	10.409	2.858	+9999	0.228	-18.41
27/04/2004	202959.000	-3.074	3.636	160.424	0.303	-19.07
27/04/2004	205959.000	-9.436	-9.371	15.158	0.209	-17.75
27/04/2004	212959.000	4.142	-4.035	+9999	0.226	-12.46
27/04/2004	215959.000	-3.361	-5.387	+9999	0.200	-8.43
27/04/2004	222959.000	-2.523	-2.441	2.091	0.199	-7.90
27/04/2004	225959.000	25.568	15.707	+9999	0.242	-7.90
27/04/2004	232959.000	3.610	2.037	34.804	0.170	-7.51
27/04/2004	235959.000	-0.735	-2.885	-26.959	0.115	-6.82
28/04/2004	002959.000	-2.366	-0.773	+9999	0.077	-7.97
28/04/2004	005959.000	-0.048	-0.894	+9999	0.052	-7.58
28/04/2004	012959.000	0.098	1.743	+9999	0.070	-6.25
28/04/2004	015959.000	-0.956	3.234	+9999	0.068	-5.86
28/04/2004	022959.000	+9999	2.976	+9999	0.073	-5.67
28/04/2004	025959.000	+9999	1.125	+9999	0.120	-5.34
28/04/2004	032959.000	-8.359	-5.678	+9999	0.205	-5.41
28/04/2004	035959.000	-6.853	-6.159	-3.215	0.277	-5.30
28/04/2004	042959.000	-8.046	-17.293	+9999	0.268	-6.23
28/04/2004	045959.000	-2.252	-3.681	+9999	0.296	-6.21
28/04/2004	052959.000	6.461	-7.000	+9999	0.276	-3.48
28/04/2004	055959.000	-9.318	-6.823	43.246	0.200	-0.68
28/04/2004	062959.000	-5.701	-4.603	+9999	0.221	4.05
28/04/2004	065959.000	5.235	1.919	+9999	0.184	19.24
28/04/2004	072959.000	-2.156	1.732	68.158	0.142	47.77
28/04/2004	075959.000	3.388	0.372	+9999	0.161	48.84
28/04/2004	082959.000	7.295	3.088	+9999	0.193	32.05
28/04/2004	085959.000	4.695	7.479	+9999	0.178	53.62
28/04/2004	092959.000	1.505	1.667	20.474	0.184	67.36
28/04/2004	095959.000	11.550	6.271	+9999	0.123	46.18
28/04/2004	102959.000	6.068	7.350	+9999	0.055	54.09
28/04/2004	105959.000	-0.819	6.333	+9999	0.122	58.69
28/04/2004	112959.000	8.388	5.371	-28.301	0.170	59.71
28/04/2004	115959.000	16.745	16.197	-14.313	0.180	128.72
28/04/2004	122959.000	5.045	10.674	117.499	0.126	121.61
28/04/2004	125959.000	14.550	13.714	-27.219	0.189	92.95
28/04/2004	132959.000	7.470	8.778	26.364	0.173	100.33
28/04/2004	135959.000	5.020	6.418	25.131	0.152	100.67
28/04/2004	142959.000	8.924	4.861	+9999	0.187	49.00
28/04/2004	145959.000	11.275	6.890	+9999	0.124	72.56
28/04/2004	152959.000	1.409	3.069	30.271	0.147	31.73
28/04/2004	155959.000	-1.475	-3.503	+9999	0.182	30.79
28/04/2004	162959.000	-4.821	-0.442	82.491	0.140	24.27
28/04/2004	165959.000	2.458	3.352	49.690	0.093	20.14
28/04/2004	172959.000	-3.066	0.321	55.608	0.113	10.04
28/04/2004	175959.000	-5.073	-5.114	51.400	0.148	5.60
28/04/2004	182959.000	0.328	-2.269	-22.358	0.104	-3.96
28/04/2004	185959.000	-1.055	-0.310	+9999	0.064	-9.48
28/04/2004	192959.000	0.858	0.102	-13.477	0.059	-7.77
28/04/2004	195959.000	-2.014	-0.023	37.606	0.085	-6.49
28/04/2004	202959.000	-3.716	-1.617	35.725	0.072	-7.95
28/04/2004	205959.000	-1.891	0.463	38.810	0.067	-8.32
28/04/2004	212959.000	-2.032	-1.355	4.972	0.046	-7.62
28/04/2004	215959.000	0.773	-0.260	-20.028	0.054	-6.88
28/04/2004	222959.000	-1.200	-1.466	-5.553	0.062	-5.77
28/04/2004	225959.000	0.280	-3.061	+9999	0.103	-6.06
28/04/2004	232959.000	-0.430	-2.573	-18.534	0.110	-5.59
28/04/2004	235959.000	-3.900	-3.065	10.689	0.153	-5.14
29/04/2004	002959.000	0.870	1.283	9.769	0.152	-5.15
29/04/2004	005959.000	-0.106	0.762	14.908	0.132	-5.14
29/04/2004	012959.000	-2.730	0.011	46.647	0.139	-5.29
29/04/2004	015959.000	2.387	0.454	+9999	0.170	-4.98
29/04/2004	022959.000	-0.735	1.126	34.666	0.161	-4.85
29/04/2004	025959.000	-0.292	-0.798	13.790	0.167	-4.70
29/04/2004	032959.000	-4.275	-2.787	20.298	0.133	-5.02
29/04/2004	035959.000	-2.872	-1.184	+9999	0.073	-4.54
29/04/2004	042959.000	-0.065	-0.292	+9999	0.098	-3.76
29/04/2004	045959.000	-2.534	-1.203	17.899	0.100	-1.93
29/04/2004	052959.000	-3.300	-5.174	+9999	0.165	9.86
29/04/2004	055959.000	-7.597	-2.252	+9999	0.187	37.66
29/04/2004	062959.000	-4.202	5.001	+9999	0.129	40.31
29/04/2004	065959.000	-9.077	-1.955	+9999	0.169	48.03
29/04/2004	072959.000	12.781	3.624	+9999	0.121	44.74
29/04/2004	075959.000	-2.368	-3.569	+9999	0.180	20.18
29/04/2004	082959.000	-3.239	-3.065	14.309	0.160	37.38
29/04/2004	085959.000	6.923	1.895	+9999	0.120	42.42
29/04/2004	092959.000	4.686	8.675	+9999	0.185	152.59
29/04/2004	095959.000	8.067	7.787	+9999	0.184	193.48
29/04/2004	102959.000	16.704	8.793	+9999	0.128	259.12
29/04/2004	105959.000	16.901	24.300	138.679	0.105	245.74
29/04/2004	112959.000	14.947	20.123	91.859	0.098	165.77
29/04/2004	115959.000	-3.492	3.298	120.890	0.162	60.30
29/04/2004	122959.000	-1.131	2.146	57.826	0.102	82.56
29/04/2004	125959.000	-0.633	4.244	86.609	0.133	93.97
29/04/2004	132959.000	5.399	14.765	166.647	0.107	153.53
29/04/2004	135959.000	10.894	13.598	48.003	0.096	135.53
29/04/2004	142959.000	27.163	37.696	191.618	0.163	130.34
29/04/2004	145959.000	23.548	24.942	+9999	0.201	92.43
29/04/2004	152959.000	6.520	18.956	+9999	0.128	143.73
29/04/2004	155959.000	18.271	22.928	+9999	0.140	113.47
29/04/2004	162959.000	19.517	16.342	+9999	0.164	78.63
29/04/2004	165959.000	11.646	17.934	+9999	0.142	95.23
29/04/2004	172959.000	35.586	15.040	+9999	0.166	35.02
29/04/2004	175959.000	1.533	1.064	-22.684	0.140	9.64
29/04/2004	182959.000	-0.598	-2.504	+9999	0.174	3.38
29/04/2004	185959.000	-0.912	0.699	29.793	0.159	-6.21
29/04/2004	192959.000	-2.553	-1.470	20.289	0.120	-8.32
29/04/2004	195959.000	0.491	1.077	10.524	0.078	-8.39
29/04/2004	202959.000	0.243	0.691	8.326	0.085	-7.51
29/04/2004	205959.000	0.925	1.658	13.214	0.120	-6.88
29/04/2004	212959.000	2.410	3.883	26.290	0.169	-6.40
29/04/2004	215959.000	3.797	2.684	-6.623	0.251	-7.12
29/04/2004	222959.000	-18.155	-0.346	+9999	0.251	-7.41
29/04/2004	225959.000	-5.263	-3.697	28.432	0.316	-5.93
29/04/2004	232959.000	-6.672	-4.769	33.036	0.342	-5.04
29/04/2004	235959.000	-3.417	-1.965	25.534	0.373	-4.27
30/04/2004	002959.000	-4.051	-3.028	16.233	0.349	-4.12
30/04/2004	005959.000	-5.040	-3.378	28.621	0.303	-3.84
30/04/2004	012959.000	-1.195	0.406	29.186	0.288	-5.78
30/04/2004	015959.000	-0.858	0.929	30.934	0.327	-8.71
30/04/2004	022959.000	3.301	4.562	22.183	0.256	-10.36
30/04/2004	025959.000	-7.355	-6.384	17.210	0.236	-14.72
30/04/2004	032959.000	-7.058	-6.574	7.982	0.229	-14.99
30/04/2004	035959.000	-10.347	-9.775	10.711	0.223	-13.36
30/04/2004	042959.000	-7.715	-7.261	7.920	0.183	-12.69
30/04/2004	045959.000	-7.575	-7.027	9.037	0.167	-9.60
30/04/2004	052959.000	-5.537	-4.730	14.339	0.212	21.86
30/04/2004	055959.000	-1.610	-0.021	28.293	0.250	48.14
30/04/2004	062959.000	6.924	8.659	30.871	0.273	73.29
30/04/2004	065959.000	19.527	22.343	50.194	0.309	88.58
30/04/2004	072959.000	17.763	20.859	54.815	0.322	49.32
30/04/2004	075959.000	18.012	21.309	57.698	0.294	42.98
30/04/2004	082959.000	21.186	20.555	-14.794	0.309	72.01
30/04/2004	085959.000	55.890	54.568	78.057	0.347	217.69
30/04/2004	092959.000	65.969	51.440	+9999	0.380	121.54
30/04/2004	095959.000	33.461	43.628	219.931	0.350	125.45
30/04/2004	102959.000	23.902	17.206	+9999	0.227	98.27
30/04/2004	105959.000	21.646	15.299	+9999	0.236	107.97
30/04/2004	112959.000	19.872	23.552	65.448	0.226	109.57
30/04/2004	115959.000	14.843	17.871	53.938	0.139	95.93
30/04/2004	122959.000	26.475	30.863	78.030	0.158	170.24
30/04/2004	125959.000	39.379	46.233	120.847	0.123	309.49
30/04/2004	132959.000	63.229	72.176	157.899	0.175	540.82
30/04/2004	135959.000	66.578	75.954	164.755	0.175	460.45
30/04/2004	142959.000	47.701	55.310	134.712	0.203	20.74
30/04/2004	145959.000	17.033	20.340	58.214	0.089	106.68
30/04/2004	152959.000	87.046	96.883	173.096	0.133	521.02
30/04/2004	155959.000	83.651	91.997	146.528	0.169	405.17
30/04/2004	162959.000	70.463	78.194	135.586	0.223	245.98
30/04/2004	165959.000	40.021	45.973	103.924	0.218	131.46
30/04/2004	172959.000	15.523	18.539	53.453	0.249	14.03
30/04/2004	175959.000	25.177	28.557	58.951	0.256	7.29
30/04/2004	182959.000	-8.716	-7.189	27.396	0.303	-75.79
30/04/2004	185959.000	-12.731	-12.427	5.670	0.160	-76.68
30/04/2004	192959.000	-13.206	-13.061	2.508	0.143	-92.87
30/04/2004	195959.000	-8.556	-8.428	2.135	0.180	-92.19
30/04/2004	202959.000	-13.404	-13.365	0.819	0.242	-91.18
30/04/2004	205959.000	-7.589	-7.683	-1.571	0.165	-90.11
30/04/2004	212959.000	-10.457	-10.592	-2.463	0.195	-88.54
30/04/2004	215959.000	-9.530	-9.543	-0.319	0.210	-88.25
30/04/2004	222959.000	-11.189	-11.289	-1.620	0.193	-80.61
30/04/2004	225959.000	-7.697	-7.681	0.081	0.175	-63.96
30/04/2004	232959.000	-2.150	-2.037	2.232	0.094	-44.58
30/04/2004	235959.000	-6.806	-6.448	6.402	0.132	-32.54
