Fichier CAPITOUL-FLX-30MN
MOIS : 2004/10 
PLATFORME = saint-sardos
LATITUDE = 43°53'
LONGITUDE =01°06'
ALTITUDE = 187 m
TYPE = ASCII
DATE_creation_fichier = 07/12/2006
#LISTE DES PARAMETRES#
'DATE'	'HEURE'		'HS_TAIR-flx'	'HS_TSON-flx'	'LE_TAIR-flx'	'USTAR-vit'	'RN-ray'	
#UNITES#
'JJ/MM/AAAA'	'HHMMSS.SSS'	'W/m2'	'W/m2'	'W/m2'	'm/s'	'W/m2'	
#FIN ENTETE#
01/10/2004	002959.000	-4.913	-5.024	-1.883	0.077	-7.87
01/10/2004	005959.000	-1.339	-1.322	0.294	0.039	-6.56
01/10/2004	012959.000	-0.068	-0.042	0.273	0.025	-6.53
01/10/2004	015959.000	-0.001	0.001	0.036	0.016	-6.81
01/10/2004	022959.000	0.259	0.262	-0.064	0.027	-6.93
01/10/2004	025959.000	0.009	-0.032	-0.655	0.020	-7.47
01/10/2004	032959.000	0.041	0.070	0.397	0.025	-8.11
01/10/2004	035959.000	0.204	0.217	0.225	0.017	-10.13
01/10/2004	042959.000	-0.055	-0.013	0.349	0.020	-15.22
01/10/2004	045959.000	-1.626	-1.624	0.346	0.021	-27.65
01/10/2004	052959.000	-0.656	-0.627	0.540	0.036	-24.21
01/10/2004	055959.000	-0.065	-0.093	-0.304	0.020	-9.68
01/10/2004	062959.000	-0.365	-0.412	-0.879	0.028	-16.53
01/10/2004	065959.000	-1.421	-1.510	-1.557	0.035	-13.75
01/10/2004	072959.000	-1.532	-1.179	5.913	0.057	17.80
01/10/2004	075959.000	16.069	17.851	30.382	0.128	85.73
01/10/2004	082959.000	68.126	73.253	86.038	0.211	226.86
01/10/2004	085959.000	95.749	102.256	108.561	0.271	278.56
01/10/2004	092959.000	111.686	118.125	107.184	0.282	318.64
01/10/2004	095959.000	130.535	137.427	113.707	0.235	399.14
01/10/2004	102959.000	179.172	189.510	172.567	0.205	428.32
01/10/2004	105959.000	186.946	199.054	201.291	0.319	418.49
01/10/2004	112959.000	157.245	165.908	144.174	0.254	499.92
01/10/2004	115959.000	178.303	188.974	176.793	0.273	462.79
01/10/2004	122959.000	181.537	192.956	189.676	0.280	465.74
01/10/2004	125959.000	161.883	173.030	184.763	0.241	462.80
01/10/2004	132959.000	138.684	147.817	151.240	0.240	429.08
01/10/2004	135959.000	142.233	152.980	178.589	0.226	379.60
01/10/2004	142959.000	66.097	72.765	110.353	0.139	312.46
01/10/2004	145959.000	30.335	35.997	94.390	0.138	174.97
01/10/2004	152959.000	29.042	34.435	89.137	0.133	195.97
01/10/2004	155959.000	11.860	15.235	56.368	0.189	102.77
01/10/2004	162959.000	-3.250	-0.892	39.284	0.124	73.74
01/10/2004	165959.000	-3.687	-3.121	9.435	0.078	-23.34
01/10/2004	172959.000	-0.405	-0.373	0.514	0.023	-48.00
01/10/2004	175959.000	-0.178	-0.191	-0.220	0.020	-60.11
01/10/2004	182959.000	-2.616	-2.628	-0.165	0.059	-56.17
01/10/2004	185959.000	-0.510	-0.494	0.224	0.026	-56.01
01/10/2004	192959.000	1.186	1.181	-0.272	0.038	-54.09
01/10/2004	195959.000	1.825	1.868	0.812	0.045	-54.25
01/10/2004	202959.000	-24.326	-24.518	-2.918	0.118	-62.71
01/10/2004	205959.000	-37.332	-37.992	-10.612	0.152	-66.74
01/10/2004	212959.000	-40.197	-41.096	-14.528	0.162	-66.03
01/10/2004	215959.000	-37.916	-38.653	-11.752	0.156	-66.53
01/10/2004	222959.000	-47.226	-48.066	-13.022	0.245	-51.87
01/10/2004	225959.000	-34.819	-34.751	2.149	0.286	-46.68
01/10/2004	232959.000	-39.717	-39.819	-0.424	0.310	-52.16
01/10/2004	235959.000	-33.237	-32.993	5.880	0.345	-31.83
02/10/2004	002959.000	-31.938	-30.538	25.238	0.274	-31.27
02/10/2004	005959.000	-26.256	-24.412	32.491	0.224	-21.92
02/10/2004	012959.000	-15.908	-14.723	21.072	0.160	-12.07
02/10/2004	015959.000	-11.864	-10.720	20.226	0.138	-10.42
02/10/2004	022959.000	-4.179	-3.438	12.711	0.064	-11.73
02/10/2004	025959.000	-3.720	-3.142	10.520	0.076	-9.19
02/10/2004	032959.000	-3.286	-2.700	10.123	0.075	-10.32
02/10/2004	035959.000	-2.513	-2.148	6.103	0.068	-13.74
02/10/2004	042959.000	-1.311	-1.186	2.261	0.045	-16.15
02/10/2004	045959.000	-0.163	-0.114	0.830	0.042	-11.02
02/10/2004	052959.000	-3.183	-2.822	6.383	0.084	-17.22
02/10/2004	055959.000	-1.739	-1.461	4.725	0.063	-24.25
02/10/2004	062959.000	-4.330	-4.166	2.801	0.073	-41.09
02/10/2004	065959.000	-0.928	-0.916	0.405	0.048	-22.44
02/10/2004	072959.000	-5.863	-4.523	23.264	0.101	31.22
02/10/2004	075959.000	15.387	19.228	65.705	0.163	115.13
02/10/2004	082959.000	39.086	43.470	74.336	0.209	162.62
02/10/2004	085959.000	115.886	123.180	124.686	0.328	269.58
02/10/2004	092959.000	155.426	162.891	126.772	0.313	330.21
02/10/2004	095959.000	182.464	191.187	147.764	0.287	382.27
02/10/2004	102959.000	183.591	191.837	140.754	0.183	425.37
02/10/2004	105959.000	249.639	260.116	177.803	0.258	457.81
02/10/2004	112959.000	221.412	231.814	175.974	0.259	469.67
02/10/2004	115959.000	201.038	211.488	175.798	0.258	481.79
02/10/2004	122959.000	181.341	191.701	174.528	0.215	464.17
02/10/2004	125959.000	184.760	195.002	171.778	0.244	446.23
02/10/2004	132959.000	154.156	163.514	156.880	0.287	398.32
02/10/2004	135959.000	69.297	75.754	108.255	0.155	298.02
02/10/2004	142959.000	76.709	84.157	124.835	0.208	282.47
02/10/2004	145959.000	114.012	123.869	165.042	0.296	285.51
02/10/2004	152959.000	19.949	25.223	88.224	0.303	88.27
02/10/2004	155959.000	5.389	9.530	69.028	0.315	57.00
02/10/2004	162959.000	-6.890	-3.889	51.625	0.253	24.45
02/10/2004	165959.000	-16.245	-15.339	15.300	0.124	-29.77
02/10/2004	172959.000	-4.407	-4.268	2.347	0.060	-47.48
02/10/2004	175959.000	-5.081	-5.072	0.141	0.059	-50.03
02/10/2004	182959.000	-15.785	-15.732	0.906	0.090	-49.44
02/10/2004	185959.000	-5.243	-5.258	-0.239	0.062	-45.49
02/10/2004	192959.000	-3.106	-3.117	-0.273	0.034	-41.60
02/10/2004	195959.000	-17.029	-17.027	0.247	0.111	-33.79
02/10/2004	202959.000	-20.902	-20.485	7.205	0.152	-15.89
02/10/2004	205959.000	-18.543	-18.006	9.266	0.160	-16.91
02/10/2004	212959.000	-7.495	-7.230	4.498	0.103	-23.44
02/10/2004	215959.000	-5.818	-5.640	3.087	0.078	-32.45
02/10/2004	222959.000	-1.445	-1.436	0.173	0.034	-46.30
02/10/2004	225959.000	-5.424	-5.468	-0.583	0.042	-51.44
02/10/2004	232959.000	-5.428	-5.413	0.216	0.045	-41.48
02/10/2004	235959.000	-0.765	-0.732	0.200	0.040	-52.86
03/10/2004	002959.000	-0.192	-0.202	-0.146	0.040	-49.44
03/10/2004	005959.000	-0.182	-0.178	0.104	0.025	-38.96
03/10/2004	012959.000	-1.346	-1.316	0.610	0.032	-30.01
03/10/2004	015959.000	-1.091	-1.068	0.225	0.017	-56.38
03/10/2004	022959.000	-0.309	-0.307	-0.060	0.008	-58.29
03/10/2004	025959.000	0.026	0.023	0.002	0.010	-58.51
03/10/2004	032959.000	0.211	0.196	-0.253	0.028	-56.57
03/10/2004	035959.000	0.377	0.384	-0.049	0.043	-56.98
03/10/2004	042959.000	0.560	0.561	0.055	0.041	-41.81
03/10/2004	045959.000	0.299	0.316	0.232	0.017	-30.06
03/10/2004	052959.000	-0.570	-0.574	-0.042	0.017	-56.37
03/10/2004	055959.000	0.078	0.048	-0.476	0.036	-53.17
03/10/2004	062959.000	2.652	2.672	0.281	0.039	-34.29
03/10/2004	065959.000	1.584	1.639	0.943	0.039	7.53
03/10/2004	072959.000	0.720	2.030	22.724	0.094	53.04
03/10/2004	075959.000	16.304	20.098	65.306	0.157	149.66
03/10/2004	082959.000	39.743	44.858	87.632	0.169	182.26
03/10/2004	085959.000	71.044	76.522	93.218	0.199	250.88
03/10/2004	092959.000	126.510	132.897	108.063	0.233	335.56
03/10/2004	095959.000	148.753	155.354	110.519	0.239	389.66
03/10/2004	102959.000	207.394	217.291	165.166	0.371	453.77
03/10/2004	105959.000	149.326	157.167	131.303	0.332	383.17
03/10/2004	112959.000	153.268	161.057	129.960	0.367	451.93
03/10/2004	115959.000	183.874	193.509	160.539	0.334	452.61
03/10/2004	122959.000	143.815	152.770	148.841	0.341	432.77
03/10/2004	125959.000	133.864	143.001	151.283	0.306	400.81
03/10/2004	132959.000	165.084	174.294	152.964	0.336	421.41
03/10/2004	135959.000	133.434	141.323	130.501	0.382	385.58
03/10/2004	142959.000	108.197	115.183	115.540	0.337	300.58
03/10/2004	145959.000	68.885	74.403	91.488	0.317	257.61
03/10/2004	152959.000	39.506	43.778	70.521	0.290	192.26
03/10/2004	155959.000	17.648	21.113	57.249	0.279	117.77
03/10/2004	162959.000	-14.116	-11.988	35.297	0.240	17.40
03/10/2004	165959.000	-3.565	-3.360	3.456	0.084	-29.85
03/10/2004	172959.000	-12.961	-12.796	2.950	0.110	-48.56
03/10/2004	175959.000	-14.162	-14.120	0.827	0.107	-61.89
03/10/2004	182959.000	-13.921	-13.844	1.371	0.086	-66.37
03/10/2004	185959.000	-40.052	-39.501	9.662	0.263	-67.35
03/10/2004	192959.000	-37.805	-37.296	8.719	0.261	-67.40
03/10/2004	195959.000	-38.118	-37.539	9.703	0.283	-57.47
03/10/2004	202959.000	-50.304	-49.384	15.687	0.341	-58.27
03/10/2004	205959.000	-41.964	-41.197	13.038	0.335	-58.90
03/10/2004	212959.000	-37.743	-37.150	10.171	0.336	-62.95
03/10/2004	215959.000	-31.772	-31.225	9.287	0.258	-65.65
03/10/2004	222959.000	-23.499	-23.285	3.559	0.162	-68.84
03/10/2004	225959.000	-23.833	-23.783	0.670	0.146	-71.27
03/10/2004	232959.000	-27.874	-28.013	-2.413	0.197	-70.64
03/10/2004	235959.000	-41.392	-41.226	2.887	0.362	-72.51
04/10/2004	002959.000	-39.778	-38.823	16.249	0.406	-75.43
04/10/2004	005959.000	-46.408	-46.002	6.781	0.390	-75.88
04/10/2004	012959.000	-52.376	-51.900	8.064	0.512	-77.45
04/10/2004	015959.000	-43.043	-42.564	8.421	0.494	-76.96
04/10/2004	022959.000	-38.082	-37.948	2.440	0.404	-75.58
04/10/2004	025959.000	-28.813	-28.896	-1.178	0.412	-75.13
04/10/2004	032959.000	-32.329	-32.236	1.881	0.539	-75.51
04/10/2004	035959.000	-26.926	-27.323	-6.291	0.521	-75.59
04/10/2004	042959.000	-21.453	-20.401	19.240	0.536	-77.05
04/10/2004	045959.000	-30.978	-27.057	70.765	0.540	-78.79
04/10/2004	052959.000	-28.736	-26.866	34.508	0.507	-80.28
04/10/2004	055959.000	-35.793	-29.245	116.779	0.527	-80.24
04/10/2004	062959.000	-31.236	-26.709	81.385	0.541	-64.43
04/10/2004	065959.000	-16.132	-10.815	93.624	0.617	-17.55
04/10/2004	072959.000	15.219	23.710	146.367	0.681	51.30
04/10/2004	075959.000	56.824	65.696	151.030	0.674	126.85
04/10/2004	082959.000	102.160	106.060	63.661	0.711	201.13
04/10/2004	085959.000	126.640	131.083	72.149	0.733	268.50
04/10/2004	092959.000	140.839	146.938	100.080	0.646	328.14
04/10/2004	095959.000	171.880	179.091	117.833	0.687	377.96
04/10/2004	102959.000	201.856	209.138	118.709	0.701	416.60
04/10/2004	105959.000	215.486	223.489	130.859	0.715	445.49
04/10/2004	112959.000	212.695	220.036	119.978	0.736	463.40
04/10/2004	115959.000	197.368	205.079	126.127	0.688	469.13
04/10/2004	122959.000	222.684	232.524	160.312	0.737	461.46
04/10/2004	125959.000	207.243	215.785	139.519	0.680	440.99
04/10/2004	132959.000	156.688	162.598	96.497	0.587	409.55
04/10/2004	135959.000	167.797	175.984	134.561	0.596	367.73
04/10/2004	142959.000	129.186	135.432	102.520	0.626	315.99
04/10/2004	145959.000	112.685	118.444	94.272	0.667	256.92
04/10/2004	152959.000	88.048	94.721	109.107	0.626	190.32
04/10/2004	155959.000	38.209	41.759	58.641	0.563	116.96
04/10/2004	162959.000	12.306	14.647	39.366	0.556	42.56
04/10/2004	165959.000	-3.590	-1.989	26.837	0.620	-22.50
04/10/2004	172959.000	-27.567	-26.844	12.397	0.467	-66.56
04/10/2004	175959.000	-28.039	-27.440	10.794	0.467	-81.56
04/10/2004	182959.000	-35.790	-35.323	8.226	0.536	-82.20
04/10/2004	185959.000	-34.356	-34.166	3.967	0.525	-80.28
04/10/2004	192959.000	-34.930	-34.894	1.027	0.494	-79.10
04/10/2004	195959.000	-24.229	-23.983	4.813	0.609	-78.93
04/10/2004	202959.000	-21.346	-20.627	12.625	0.645	-78.88
04/10/2004	205959.000	-25.277	-25.266	0.632	0.597	-77.67
04/10/2004	212959.000	-25.025	-24.769	5.009	0.632	-77.27
04/10/2004	215959.000	-24.093	-24.017	1.850	0.578	-77.26
04/10/2004	222959.000	-22.362	-22.838	-7.551	0.524	-76.68
04/10/2004	225959.000	-29.395	-29.946	-8.452	0.511	-77.26
04/10/2004	232959.000	-28.527	-28.513	1.471	0.546	-76.87
04/10/2004	235959.000	-32.758	-33.064	-3.631	0.538	-77.47
05/10/2004	002959.000	-44.714	-41.664	55.870	0.498	-77.71
05/10/2004	005959.000	-33.808	-34.876	-17.009	0.351	-76.85
05/10/2004	012959.000	-32.938	-34.220	-20.672	0.368	-74.95
05/10/2004	015959.000	-30.081	-31.607	-25.125	0.318	-74.07
05/10/2004	022959.000	-32.053	-33.389	-21.650	0.349	-74.13
05/10/2004	025959.000	-34.789	-36.431	-26.877	0.376	-73.96
05/10/2004	032959.000	-30.589	-32.244	-27.303	0.303	-74.13
05/10/2004	035959.000	-31.900	-32.956	-16.795	0.340	-73.99
05/10/2004	042959.000	100.637	76.951	+9999	0.876	-74.09
05/10/2004	045959.000	144.116	101.782	+9999	1.020	-73.56
05/10/2004	052959.000	187.210	160.112	+9999	1.142	-66.06
05/10/2004	055959.000	169.017	103.738	+9999	1.125	-58.94
05/10/2004	062959.000	141.857	74.710	+9999	0.970	-40.59
05/10/2004	065959.000	174.458	95.952	+9999	0.996	37.47
05/10/2004	072959.000	320.099	211.873	+9999	1.158	77.03
05/10/2004	075959.000	561.539	462.560	+9999	1.444	125.51
05/10/2004	082959.000	480.729	401.218	+9999	1.583	166.37
05/10/2004	085959.000	595.660	376.486	+9999	1.893	246.67
05/10/2004	092959.000	880.327	677.809	+9999	1.865	294.50
05/10/2004	095959.000	810.483	607.999	+9999	1.948	341.27
05/10/2004	102959.000	1161.927	952.074	+9999	1.968	377.71
05/10/2004	105959.000	982.977	750.622	+9999	2.020	405.10
05/10/2004	112959.000	993.935	762.917	+9999	1.837	424.59
05/10/2004	115959.000	869.789	659.704	+9999	1.829	432.70
05/10/2004	122959.000	753.335	524.323	+9999	1.757	431.94
05/10/2004	125959.000	1041.760	800.984	+9999	1.928	416.13
05/10/2004	132959.000	1173.696	923.928	+9999	1.929	387.78
05/10/2004	135959.000	868.103	635.710	+9999	1.890	337.27
05/10/2004	142959.000	925.639	661.733	+9999	1.779	303.06
05/10/2004	145959.000	638.831	469.453	+9999	1.308	184.55
05/10/2004	152959.000	502.663	353.516	+9999	1.274	154.46
05/10/2004	155959.000	578.830	425.438	+9999	1.232	42.94
05/10/2004	162959.000	428.484	312.169	+9999	1.280	30.59
05/10/2004	165959.000	638.749	514.722	+9999	1.628	-16.36
05/10/2004	172959.000	565.257	376.764	+9999	1.575	-26.96
05/10/2004	175959.000	575.261	365.529	+9999	1.747	-30.33
05/10/2004	182959.000	671.916	478.184	+9999	1.613	-37.23
05/10/2004	185959.000	349.119	186.900	+9999	1.114	-42.79
05/10/2004	192959.000	409.502	329.873	+9999	1.346	-30.91
05/10/2004	195959.000	104.525	217.653	+9999	1.540	-25.62
05/10/2004	202959.000	144.954	104.621	+9999	1.254	-27.60
05/10/2004	205959.000	137.641	159.492	+9999	1.335	-26.83
05/10/2004	212959.000	155.772	153.020	-73.472	0.540	-8.87
05/10/2004	215959.000	125.998	119.175	-142.639	0.571	-6.57
05/10/2004	222959.000	45.809	35.890	+9999	0.774	-12.06
05/10/2004	225959.000	69.584	67.510	-44.123	0.293	-8.23
05/10/2004	232959.000	-51.904	-25.569	459.405	0.169	-7.25
05/10/2004	235959.000	-108.178	-79.653	497.002	0.253	-6.84
06/10/2004	002959.000	+9999	-49.453	+9999	0.157	-8.08
06/10/2004	005959.000	+9999	+9999	+9999	+9999	-8.44
06/10/2004	012959.000	+9999	+9999	+9999	+9999	-10.58
06/10/2004	015959.000	-37.182	-6.831	+9999	+9999	-10.23
06/10/2004	022959.000	+9999	-59.663	+9999	0.444	-16.95
06/10/2004	025959.000	-4.571	-3.931	11.279	0.099	-22.34
06/10/2004	032959.000	-7.058	-6.054	18.156	0.141	-17.03
06/10/2004	035959.000	-1.565	-1.128	7.649	0.087	-14.95
06/10/2004	042959.000	-1.173	0.958	37.382	0.294	-23.76
06/10/2004	045959.000	-4.873	-4.977	-1.708	0.153	-39.07
06/10/2004	052959.000	-5.417	-5.639	-3.892	0.148	-40.27
06/10/2004	055959.000	-1.022	-0.978	0.909	0.050	-35.56
06/10/2004	062959.000	-4.049	-4.535	-8.350	0.101	-24.18
06/10/2004	065959.000	1.442	1.843	7.316	0.186	5.77
06/10/2004	072959.000	13.221	17.382	72.529	0.324	43.71
06/10/2004	075959.000	15.473	18.417	50.762	0.288	52.65
06/10/2004	082959.000	51.196	55.061	65.716	0.259	116.88
06/10/2004	085959.000	81.373	86.999	95.968	0.318	197.30
06/10/2004	092959.000	77.707	82.820	86.299	0.222	234.56
06/10/2004	095959.000	67.339	72.363	85.607	0.224	200.54
06/10/2004	102959.000	56.848	62.371	93.758	0.280	209.07
06/10/2004	105959.000	35.066	39.236	70.672	0.299	193.02
06/10/2004	112959.000	39.732	44.358	78.511	0.282	174.46
06/10/2004	115959.000	47.027	51.565	76.924	0.260	167.15
06/10/2004	122959.000	85.890	91.722	98.714	0.175	194.58
06/10/2004	125959.000	130.093	137.017	117.114	0.218	291.09
06/10/2004	132959.000	136.957	143.260	106.201	0.261	277.66
06/10/2004	135959.000	91.227	97.250	100.752	0.232	210.34
06/10/2004	142959.000	45.191	49.423	70.865	0.259	139.85
06/10/2004	145959.000	20.306	23.635	56.051	0.320	84.65
06/10/2004	152959.000	9.623	12.394	46.873	0.342	63.74
06/10/2004	155959.000	-3.985	-2.136	30.931	0.258	48.21
06/10/2004	162959.000	-12.870	-11.064	31.140	0.270	9.92
06/10/2004	165959.000	-11.899	-10.171	29.107	0.362	-16.13
06/10/2004	172959.000	-12.593	-11.631	16.450	0.375	-29.16
06/10/2004	175959.000	-29.804	-28.739	17.788	0.369	-41.47
06/10/2004	182959.000	-37.136	-36.151	16.037	0.364	-48.12
06/10/2004	185959.000	-27.844	-26.765	18.095	0.348	-34.99
06/10/2004	192959.000	-14.905	-14.019	15.119	0.306	-27.38
06/10/2004	195959.000	-4.323	-3.466	14.395	0.248	-26.28
06/10/2004	202959.000	2.157	3.043	14.968	0.263	-21.86
06/10/2004	205959.000	3.314	4.184	14.711	0.215	-26.51
06/10/2004	212959.000	-3.501	-2.763	12.482	0.207	-50.49
06/10/2004	215959.000	-5.889	-5.887	-0.049	0.096	-64.90
06/10/2004	222959.000	-3.667	-3.737	-1.132	0.069	-62.92
06/10/2004	225959.000	-0.557	-0.581	-0.281	0.043	-60.68
06/10/2004	232959.000	-0.736	-0.725	0.137	0.035	-41.37
06/10/2004	235959.000	-2.688	-2.290	6.968	0.124	-6.65
07/10/2004	002959.000	-15.171	-13.616	26.097	0.287	-12.52
07/10/2004	005959.000	-1.862	-1.188	11.933	0.158	-8.89
07/10/2004	012959.000	-1.124	-0.776	6.024	0.097	-10.03
07/10/2004	015959.000	-0.247	-0.080	2.556	0.047	-23.40
07/10/2004	022959.000	-2.352	-1.962	6.811	0.101	-20.61
07/10/2004	025959.000	-3.251	-3.042	3.466	0.094	-45.00
07/10/2004	032959.000	-0.286	-0.284	-0.108	0.049	-59.70
07/10/2004	035959.000	1.082	1.043	-0.596	0.045	-31.54
07/10/2004	042959.000	-1.211	-1.187	0.439	0.052	-35.04
07/10/2004	045959.000	-0.928	-0.998	-1.256	0.067	-41.23
07/10/2004	052959.000	-2.990	-3.233	-4.006	0.051	-55.94
07/10/2004	055959.000	-3.013	-3.080	-0.951	0.095	-58.13
07/10/2004	062959.000	0.359	0.345	-0.084	0.047	-46.31
07/10/2004	065959.000	-2.348	-2.400	-0.829	0.044	-5.27
07/10/2004	072959.000	0.255	1.097	14.188	0.050	52.82
07/10/2004	075959.000	35.127	37.595	42.478	0.099	120.30
07/10/2004	082959.000	53.006	55.658	45.858	0.158	206.07
07/10/2004	085959.000	90.216	93.741	60.183	0.323	229.97
07/10/2004	092959.000	88.639	91.623	50.828	0.250	242.01
07/10/2004	095959.000	182.387	187.941	93.674	0.348	355.14
07/10/2004	102959.000	166.134	170.882	79.591	0.351	353.28
07/10/2004	105959.000	197.861	203.466	92.103	0.533	426.33
07/10/2004	112959.000	199.659	205.586	97.615	0.598	409.99
07/10/2004	115959.000	216.500	223.423	114.062	0.625	384.34
07/10/2004	122959.000	118.957	123.736	79.171	0.456	279.04
07/10/2004	125959.000	97.446	101.337	63.925	0.363	223.88
07/10/2004	132959.000	54.965	58.296	54.928	0.252	191.74
07/10/2004	135959.000	65.841	69.168	54.520	0.325	213.42
07/10/2004	142959.000	75.933	80.345	72.597	0.281	203.29
07/10/2004	145959.000	127.488	132.458	81.091	0.360	262.30
07/10/2004	152959.000	48.138	51.003	47.506	0.323	151.21
07/10/2004	155959.000	20.761	23.401	43.580	0.327	82.01
07/10/2004	162959.000	-14.291	-13.238	17.927	0.375	-19.98
07/10/2004	165959.000	-20.270	-19.305	16.523	0.400	-29.53
07/10/2004	172959.000	-25.115	-24.738	6.783	0.356	-59.65
07/10/2004	175959.000	-26.357	-26.534	-2.426	0.296	-55.21
07/10/2004	182959.000	-28.188	-28.197	0.438	0.311	-43.48
07/10/2004	185959.000	-24.216	-23.576	11.367	0.380	-49.80
07/10/2004	192959.000	-33.845	-33.443	7.454	0.468	-49.16
07/10/2004	195959.000	-30.484	-30.294	3.595	0.470	-52.44
07/10/2004	202959.000	-26.750	-26.955	-3.378	0.481	-52.18
07/10/2004	205959.000	-24.390	-24.535	-2.416	0.478	-47.42
07/10/2004	212959.000	-18.865	-18.926	-0.840	0.408	-45.87
07/10/2004	215959.000	-18.932	-19.117	-2.707	0.376	-52.20
07/10/2004	222959.000	-21.189	-21.547	-5.846	0.472	-64.22
07/10/2004	225959.000	-31.416	-31.961	-8.686	0.429	-68.94
07/10/2004	232959.000	-30.542	-30.842	-4.233	0.407	-64.84
07/10/2004	235959.000	-25.592	-25.764	-2.275	0.409	-63.39
08/10/2004	002959.000	-23.774	-24.282	-8.239	0.415	-68.84
08/10/2004	005959.000	-24.095	-24.569	-7.694	0.376	-67.36
08/10/2004	012959.000	-29.137	-29.923	-12.840	0.356	-58.54
08/10/2004	015959.000	-30.381	-31.346	-15.978	0.337	-62.28
08/10/2004	022959.000	-23.828	-24.951	-18.750	0.288	-62.92
08/10/2004	025959.000	-23.573	-24.492	-15.362	0.292	-61.34
08/10/2004	032959.000	-21.139	-21.959	-13.545	0.275	-53.38
08/10/2004	035959.000	-22.525	-24.094	-26.672	0.260	-51.29
08/10/2004	042959.000	-31.489	-34.428	+9999	0.328	-64.26
08/10/2004	045959.000	-29.755	-33.124	+9999	0.346	-64.92
08/10/2004	052959.000	-18.549	-21.402	+9999	0.340	-56.62
08/10/2004	055959.000	-12.738	-15.197	+9999	0.303	-47.61
08/10/2004	062959.000	-16.189	-18.696	+9999	0.315	-24.42
08/10/2004	065959.000	-18.140	-19.861	-29.160	0.289	3.28
08/10/2004	072959.000	-0.279	1.185	25.411	0.417	53.22
08/10/2004	075959.000	32.850	36.762	65.403	0.576	114.48
08/10/2004	082959.000	62.590	67.211	76.699	0.565	181.37
08/10/2004	085959.000	99.293	103.163	62.131	0.704	202.28
08/10/2004	092959.000	84.859	88.048	51.372	0.753	155.43
08/10/2004	095959.000	115.626	120.677	82.021	0.794	217.01
08/10/2004	102959.000	86.516	92.423	97.604	0.723	162.72
08/10/2004	105959.000	71.797	77.904	101.150	0.692	174.90
08/10/2004	112959.000	199.065	210.676	190.150	0.789	401.42
08/10/2004	115959.000	204.167	216.345	199.589	0.810	344.64
08/10/2004	122959.000	143.115	152.768	158.450	0.782	297.15
08/10/2004	125959.000	255.559	266.610	179.571	0.850	435.85
08/10/2004	132959.000	185.468	195.478	163.772	0.823	314.01
08/10/2004	135959.000	197.124	206.995	161.626	0.782	360.84
08/10/2004	142959.000	170.674	180.175	155.466	0.820	293.09
08/10/2004	145959.000	135.792	145.041	152.516	0.785	240.02
08/10/2004	152959.000	107.126	112.328	85.287	0.764	173.20
08/10/2004	155959.000	40.725	43.982	54.173	0.751	18.42
08/10/2004	162959.000	23.239	24.828	26.478	0.664	10.26
08/10/2004	165959.000	4.442	5.850	23.945	0.674	-42.25
08/10/2004	172959.000	-9.225	-9.032	2.686	0.608	-60.29
08/10/2004	175959.000	-29.753	-29.924	-2.644	0.441	-76.69
08/10/2004	182959.000	-34.164	-34.067	2.613	0.438	-79.31
08/10/2004	185959.000	-39.196	-39.551	-4.985	0.493	-77.92
08/10/2004	192959.000	-39.514	-39.897	-5.819	0.449	-76.18
08/10/2004	195959.000	-33.536	-34.148	-9.757	0.384	-74.09
08/10/2004	202959.000	-26.975	-27.671	-11.122	0.272	-67.17
08/10/2004	205959.000	-29.630	-30.646	-16.592	0.267	-63.79
08/10/2004	212959.000	-25.240	-25.948	-11.439	0.255	-62.31
08/10/2004	215959.000	-21.915	-22.841	-15.306	0.227	-61.72
08/10/2004	222959.000	-18.737	-19.228	-7.879	0.173	-58.80
08/10/2004	225959.000	-21.201	-21.553	-5.400	0.179	-53.45
08/10/2004	232959.000	-16.979	-17.262	-4.340	0.199	-50.36
08/10/2004	235959.000	-15.339	-15.488	-2.218	0.208	-46.95
09/10/2004	002959.000	-27.600	-28.643	-17.492	0.252	-45.23
09/10/2004	005959.000	-23.224	-23.444	-3.270	0.209	-51.75
09/10/2004	012959.000	-31.888	-33.136	-20.730	0.249	-57.46
09/10/2004	015959.000	-47.950	-49.445	-24.593	0.324	-54.13
09/10/2004	022959.000	-29.876	-30.479	-9.809	0.265	-47.77
09/10/2004	025959.000	-21.785	-22.095	-5.064	0.242	-36.98
09/10/2004	032959.000	-38.813	-39.975	-18.898	0.299	-38.54
09/10/2004	035959.000	-26.533	-27.280	-12.236	0.242	-48.62
09/10/2004	042959.000	-25.228	-25.772	-8.546	0.252	-29.88
09/10/2004	045959.000	-15.986	-16.263	-4.410	0.228	-28.49
09/10/2004	052959.000	-19.001	-19.790	-13.000	0.236	-36.74
09/10/2004	055959.000	-20.734	-21.619	-14.631	0.321	-36.08
09/10/2004	062959.000	-18.364	-19.002	-9.918	0.294	-32.02
09/10/2004	065959.000	-4.801	-5.228	-6.863	0.127	-23.30
09/10/2004	072959.000	-12.039	-12.439	-6.588	0.176	-10.81
09/10/2004	075959.000	-9.666	-9.360	5.586	0.223	3.55
09/10/2004	082959.000	13.802	15.978	37.108	0.339	80.82
09/10/2004	085959.000	29.446	32.180	45.404	0.471	103.70
09/10/2004	092959.000	86.214	91.355	84.500	0.453	216.98
09/10/2004	095959.000	83.113	86.911	61.504	0.388	222.04
09/10/2004	102959.000	149.641	156.421	110.907	0.388	386.72
09/10/2004	105959.000	241.016	253.264	200.825	0.193	426.91
09/10/2004	112959.000	208.306	217.135	145.472	0.325	472.15
09/10/2004	115959.000	194.460	203.895	155.068	0.186	483.67
09/10/2004	122959.000	45.653	48.461	46.398	0.274	129.77
09/10/2004	125959.000	91.958	99.449	125.176	0.183	260.04
09/10/2004	132959.000	44.580	48.839	70.856	0.260	171.12
09/10/2004	135959.000	132.805	139.597	112.416	0.243	305.91
09/10/2004	142959.000	83.600	90.717	117.837	0.365	208.65
09/10/2004	145959.000	54.522	60.742	103.344	0.338	188.73
09/10/2004	152959.000	8.757	12.624	64.525	0.273	60.92
09/10/2004	155959.000	10.950	15.366	73.818	0.331	95.38
09/10/2004	162959.000	-5.887	-2.811	50.236	0.337	25.98
09/10/2004	165959.000	-14.931	+9999	+9999	0.289	5.94
09/10/2004	172959.000	+9999	-6.640	+9999	0.126	-43.22
09/10/2004	175959.000	+9999	-0.044	+9999	0.030	-63.07
09/10/2004	182959.000	+9999	-5.722	+9999	0.062	-64.23
09/10/2004	185959.000	-29.914	-2.002	+9999	0.076	-61.76
09/10/2004	192959.000	-5.176	-4.821	9.198	0.089	-59.80
09/10/2004	195959.000	-4.070	-4.794	-12.248	0.055	-57.17
09/10/2004	202959.000	-26.909	-27.558	-10.922	0.158	-68.35
09/10/2004	205959.000	-20.016	-20.292	-4.685	0.158	-63.10
09/10/2004	212959.000	-34.703	-34.122	10.040	0.150	-48.87
09/10/2004	215959.000	-0.151	-0.191	-0.796	0.102	-62.88
09/10/2004	222959.000	0.015	0.046	0.691	0.047	-57.98
09/10/2004	225959.000	-5.306	-5.411	-1.677	0.064	-34.93
09/10/2004	232959.000	-2.993	-2.982	0.286	0.076	-32.87
09/10/2004	235959.000	-1.165	-1.136	0.433	0.132	-25.96
10/10/2004	002959.000	-0.407	-9.096	+9999	0.076	-12.86
10/10/2004	005959.000	-41.486	-30.931	+9999	0.177	-14.49
10/10/2004	012959.000	-5.908	-3.168	+9999	0.100	-20.96
10/10/2004	015959.000	-8.363	-9.010	-8.856	0.084	-37.98
10/10/2004	022959.000	-8.242	-7.911	5.358	0.065	-42.47
10/10/2004	025959.000	-5.563	-5.455	1.689	0.052	-40.00
10/10/2004	032959.000	-20.923	-20.442	7.920	0.138	-24.00
10/10/2004	035959.000	-13.961	-12.456	25.302	0.112	-12.82
10/10/2004	042959.000	-40.339	-28.955	201.854	0.270	-29.38
10/10/2004	045959.000	+9999	-42.448	+9999	0.229	-53.96
10/10/2004	052959.000	+9999	-19.707	+9999	0.167	-51.85
10/10/2004	055959.000	+9999	+9999	+9999	0.338	-49.15
10/10/2004	062959.000	+9999	-29.412	+9999	0.210	-36.56
10/10/2004	065959.000	+9999	39.653	+9999	0.169	-8.36
10/10/2004	072959.000	-26.906	27.329	+9999	0.125	59.16
10/10/2004	075959.000	64.848	19.059	+9999	0.362	174.70
10/10/2004	082959.000	178.327	59.157	+9999	+9999	222.82
10/10/2004	085959.000	282.310	142.907	+9999	+9999	278.35
10/10/2004	092959.000	320.358	216.925	+9999	0.692	328.11
10/10/2004	095959.000	260.610	175.855	+9999	0.554	374.85
10/10/2004	102959.000	175.381	190.527	257.921	0.291	417.71
10/10/2004	105959.000	89.072	133.127	+9999	0.298	406.52
10/10/2004	112959.000	49.694	124.676	+9999	0.203	312.56
10/10/2004	115959.000	222.646	157.113	+9999	0.554	405.18
10/10/2004	122959.000	328.409	219.702	+9999	0.698	464.78
10/10/2004	125959.000	270.979	176.018	+9999	0.693	437.31
10/10/2004	132959.000	319.499	193.181	+9999	+9999	405.19
10/10/2004	135959.000	358.326	216.659	+9999	+9999	369.08
10/10/2004	142959.000	165.703	100.657	+9999	0.578	217.38
10/10/2004	145959.000	241.411	199.751	+9999	0.599	187.54
10/10/2004	152959.000	159.733	35.632	+9999	0.609	38.98
10/10/2004	155959.000	184.637	93.922	+9999	0.635	109.67
10/10/2004	162959.000	225.677	93.700	+9999	0.553	-28.87
10/10/2004	165959.000	110.963	44.399	+9999	0.430	-20.49
10/10/2004	172959.000	109.575	64.771	+9999	0.419	-25.75
10/10/2004	175959.000	244.320	62.969	+9999	0.530	-36.93
10/10/2004	182959.000	+9999	-56.981	+9999	0.328	-38.62
10/10/2004	185959.000	+9999	+9999	+9999	0.237	-23.06
10/10/2004	192959.000	+9999	+9999	+9999	0.354	-36.26
10/10/2004	195959.000	+9999	-48.107	+9999	0.317	-52.22
10/10/2004	202959.000	+9999	-5.910	+9999	0.277	-65.56
10/10/2004	205959.000	+9999	-11.014	+9999	0.179	-69.54
10/10/2004	212959.000	+9999	8.242	+9999	0.267	-67.69
10/10/2004	215959.000	+9999	-13.190	+9999	0.263	-49.74
10/10/2004	222959.000	58.855	30.754	+9999	0.616	-50.73
10/10/2004	225959.000	20.763	4.866	+9999	0.460	-15.88
10/10/2004	232959.000	+9999	-30.976	+9999	0.222	-16.20
10/10/2004	235959.000	+9999	-25.106	+9999	0.088	-18.22
11/10/2004	002959.000	53.588	18.448	+9999	0.530	-13.87
11/10/2004	005959.000	+9999	11.820	+9999	0.397	-14.46
11/10/2004	012959.000	+9999	36.123	+9999	0.182	-21.48
11/10/2004	015959.000	298.196	101.302	+9999	+9999	-17.80
11/10/2004	022959.000	146.815	5.546	+9999	0.565	-19.64
11/10/2004	025959.000	120.340	29.174	+9999	0.426	-19.69
11/10/2004	032959.000	107.452	38.221	+9999	0.420	-53.71
11/10/2004	035959.000	28.806	10.274	+9999	0.262	-48.96
11/10/2004	042959.000	-11.876	-18.840	+9999	0.194	-19.11
11/10/2004	045959.000	-14.156	-13.417	11.989	0.176	-33.61
11/10/2004	052959.000	-0.838	-0.830	0.073	0.049	-32.23
11/10/2004	055959.000	-5.570	-5.334	3.834	0.045	-21.04
11/10/2004	062959.000	-3.334	-3.176	2.461	0.040	-30.58
11/10/2004	065959.000	-1.746	-1.749	0.038	0.059	-5.66
11/10/2004	072959.000	-10.885	-9.353	26.244	0.114	20.02
11/10/2004	075959.000	-6.397	-4.907	25.231	0.099	36.11
11/10/2004	082959.000	-1.364	0.858	37.895	0.161	48.81
11/10/2004	085959.000	10.276	13.546	55.709	0.211	89.23
11/10/2004	092959.000	19.259	22.408	53.420	0.181	115.40
11/10/2004	095959.000	16.447	18.216	30.190	0.076	99.92
11/10/2004	102959.000	95.241	99.175	68.753	0.216	261.46
11/10/2004	105959.000	33.492	35.989	42.177	0.243	97.60
11/10/2004	112959.000	86.045	90.702	80.248	0.386	197.45
11/10/2004	115959.000	44.430	47.163	47.098	0.304	166.31
11/10/2004	122959.000	-24.135	-18.485	96.685	0.353	17.43
11/10/2004	125959.000	-14.699	-11.892	47.092	0.198	57.58
11/10/2004	132959.000	-9.086	-3.288	97.082	0.430	88.12
11/10/2004	135959.000	12.885	16.676	64.310	0.393	135.27
11/10/2004	142959.000	65.085	70.265	87.782	0.359	227.45
11/10/2004	145959.000	5.906	9.918	67.112	0.399	57.00
11/10/2004	152959.000	33.989	38.477	75.582	0.431	141.58
11/10/2004	155959.000	13.494	16.899	57.429	0.451	92.41
11/10/2004	162959.000	-27.593	-25.585	33.057	0.403	-19.81
11/10/2004	165959.000	-37.883	-36.384	24.805	0.338	-34.78
11/10/2004	172959.000	-21.958	-21.047	15.245	0.278	-41.77
11/10/2004	175959.000	-8.653	-8.484	2.879	0.117	-44.93
11/10/2004	182959.000	-3.042	-2.966	1.062	0.032	-71.01
11/10/2004	185959.000	-4.151	-4.028	2.079	0.038	-72.36
11/10/2004	192959.000	-1.639	-1.693	-0.943	0.067	-63.60
11/10/2004	195959.000	-22.181	-21.776	6.451	0.219	-55.74
11/10/2004	202959.000	-37.690	-36.695	16.351	0.385	-75.67
11/10/2004	205959.000	-20.893	-21.101	-3.875	0.123	-57.28
11/10/2004	212959.000	-25.077	-25.472	-7.106	0.174	-45.22
11/10/2004	215959.000	-16.526	-16.435	1.484	0.127	-27.66
11/10/2004	222959.000	-14.040	-13.913	2.230	0.123	-30.72
11/10/2004	225959.000	-21.678	-21.323	5.812	0.155	-26.50
11/10/2004	232959.000	-10.655	-10.475	2.904	0.149	-23.88
11/10/2004	235959.000	-5.836	-5.743	1.261	0.140	-21.90
12/10/2004	002959.000	-8.121	-7.893	3.817	0.154	-22.82
12/10/2004	005959.000	-14.440	-14.282	2.412	0.147	-25.81
12/10/2004	012959.000	-12.507	-12.327	2.640	0.166	-25.89
12/10/2004	015959.000	-18.979	-18.696	4.553	0.148	-21.60
12/10/2004	022959.000	-13.294	-13.025	4.329	0.171	-23.89
12/10/2004	025959.000	-10.787	-10.689	1.993	0.145	-27.76
12/10/2004	032959.000	-5.624	-5.558	1.088	0.107	-26.34
12/10/2004	035959.000	-11.429	-11.175	4.378	0.152	-25.71
12/10/2004	042959.000	-10.728	-10.520	3.669	0.151	-26.87
12/10/2004	045959.000	-4.681	-4.556	2.100	0.086	-23.97
12/10/2004	052959.000	-12.512	-12.010	8.566	0.151	-24.69
12/10/2004	055959.000	-14.011	-13.538	8.131	0.153	-22.91
12/10/2004	062959.000	-16.694	-16.049	11.073	0.182	-19.30
12/10/2004	065959.000	-12.163	-11.601	9.767	0.159	-11.06
12/10/2004	072959.000	-9.742	-8.988	12.757	0.179	-0.05
12/10/2004	075959.000	-3.229	-1.625	27.560	0.305	11.15
12/10/2004	082959.000	5.106	8.330	55.137	0.273	20.30
12/10/2004	085959.000	10.482	16.630	105.574	0.288	49.08
12/10/2004	092959.000	49.750	53.979	73.176	0.345	101.22
12/10/2004	095959.000	58.605	62.330	64.406	0.307	130.36
12/10/2004	102959.000	95.808	100.948	89.205	0.337	173.77
12/10/2004	105959.000	94.428	98.477	70.324	0.353	191.76
12/10/2004	112959.000	54.381	58.453	108.473	0.398	75.07
12/10/2004	115959.000	+9999	24.580	+9999	0.285	115.41
12/10/2004	122959.000	61.929	49.775	+9999	0.262	166.01
12/10/2004	125959.000	48.331	54.806	106.831	0.247	147.30
12/10/2004	132959.000	48.288	52.356	70.172	0.310	85.88
12/10/2004	135959.000	9.063	11.960	50.160	0.376	46.29
12/10/2004	142959.000	-10.564	-7.074	64.768	0.273	16.75
12/10/2004	145959.000	7.544	10.681	54.487	0.266	69.83
12/10/2004	152959.000	23.344	26.250	49.935	0.244	60.39
12/10/2004	155959.000	19.102	21.582	42.847	0.252	30.36
12/10/2004	162959.000	-0.854	1.079	33.709	0.186	5.39
12/10/2004	165959.000	-3.918	-2.455	25.683	0.150	-8.47
12/10/2004	172959.000	-8.425	-7.464	16.886	0.146	-23.79
12/10/2004	175959.000	-19.330	-18.313	17.560	0.201	-22.97
12/10/2004	182959.000	-18.653	-16.368	39.639	0.246	-22.09
12/10/2004	185959.000	-21.854	-20.326	26.457	0.186	-20.19
12/10/2004	192959.000	-18.050	-6.222	+9999	0.140	-14.37
12/10/2004	195959.000	+9999	1.796	+9999	0.156	-9.36
12/10/2004	202959.000	+9999	0.949	+9999	0.249	-6.19
12/10/2004	205959.000	+9999	-1.951	+9999	0.239	-5.86
12/10/2004	212959.000	+9999	-18.102	+9999	0.324	-6.04
12/10/2004	215959.000	+9999	-19.893	+9999	0.315	-5.79
12/10/2004	222959.000	+9999	-21.023	+9999	0.274	-5.71
12/10/2004	225959.000	+9999	-10.132	+9999	0.168	-5.94
12/10/2004	232959.000	+9999	-30.439	+9999	0.272	-6.93
12/10/2004	235959.000	+9999	-32.107	+9999	0.250	-7.23
13/10/2004	002959.000	+9999	-29.462	+9999	0.267	-8.10
13/10/2004	005959.000	+9999	-21.490	+9999	0.187	-7.83
13/10/2004	012959.000	+9999	-7.932	+9999	0.077	-6.82
13/10/2004	015959.000	+9999	-4.582	+9999	0.039	-5.30
13/10/2004	022959.000	-30.281	-24.100	+9999	0.202	-6.95
13/10/2004	025959.000	-14.769	-30.395	+9999	0.199	-8.47
13/10/2004	032959.000	-6.938	-8.738	+9999	0.116	-7.93
13/10/2004	035959.000	-3.515	-4.872	-24.236	0.033	-7.10
13/10/2004	042959.000	-2.741	-2.591	2.137	0.034	-6.00
13/10/2004	045959.000	-3.087	-3.200	-1.859	0.020	-5.21
13/10/2004	052959.000	-3.419	-3.473	-1.102	0.032	-5.05
13/10/2004	055959.000	0.433	0.319	-2.204	0.081	-5.53
13/10/2004	062959.000	-1.922	-1.870	0.800	0.069	-0.15
13/10/2004	065959.000	-1.696	-1.755	-0.976	0.038	22.78
13/10/2004	072959.000	-4.249	-3.131	19.597	0.128	97.27
13/10/2004	075959.000	16.636	19.598	51.627	0.141	196.88
13/10/2004	082959.000	37.869	42.593	83.073	0.146	299.85
13/10/2004	085959.000	78.481	84.991	113.627	0.133	365.38
13/10/2004	092959.000	75.977	81.589	97.706	0.144	417.72
13/10/2004	095959.000	152.558	161.069	148.449	0.333	403.22
13/10/2004	102959.000	135.402	141.937	113.808	0.237	415.57
13/10/2004	105959.000	212.957	221.710	153.332	0.344	456.54
13/10/2004	112959.000	219.619	227.932	145.728	0.292	449.26
13/10/2004	115959.000	232.015	239.725	135.839	0.343	458.25
13/10/2004	122959.000	226.576	234.374	137.641	0.329	485.78
13/10/2004	125959.000	216.873	223.133	111.506	0.336	434.53
13/10/2004	132959.000	165.420	170.903	96.782	0.263	373.74
13/10/2004	135959.000	141.425	146.372	87.831	0.292	299.72
13/10/2004	142959.000	119.860	123.950	72.867	0.297	260.68
13/10/2004	145959.000	110.301	113.914	63.751	0.270	237.16
13/10/2004	152959.000	76.443	80.184	65.304	0.272	147.86
13/10/2004	155959.000	37.829	40.428	45.115	0.206	74.50
13/10/2004	162959.000	1.030	2.246	20.131	0.178	5.35
13/10/2004	165959.000	-5.470	-5.286	3.020	0.084	-56.59
13/10/2004	172959.000	-1.488	-1.459	0.438	0.065	-72.18
13/10/2004	175959.000	-10.600	-10.535	0.972	0.079	-73.59
13/10/2004	182959.000	-19.025	-18.912	1.571	0.116	-73.14
13/10/2004	185959.000	-18.602	-18.559	0.407	0.139	-75.21
13/10/2004	192959.000	-24.774	-24.716	0.624	0.155	-77.09
13/10/2004	195959.000	-27.861	-27.698	2.344	0.176	-76.99
13/10/2004	202959.000	-29.839	-29.593	3.673	0.178	-72.82
13/10/2004	205959.000	-35.167	-34.923	3.444	0.196	-75.26
13/10/2004	212959.000	-31.599	-31.298	4.764	0.143	-55.91
13/10/2004	215959.000	-24.303	-23.354	15.838	0.280	-29.49
13/10/2004	222959.000	-17.881	-16.984	15.208	0.333	-25.50
13/10/2004	225959.000	-18.323	-17.604	11.403	0.365	-30.00
13/10/2004	232959.000	-17.945	-17.442	8.027	0.333	-37.40
13/10/2004	235959.000	-22.227	-22.026	3.154	0.333	-51.05
14/10/2004	002959.000	-16.843	-16.825	0.325	0.219	-47.47
14/10/2004	005959.000	-7.191	-7.118	1.013	0.169	-31.67
14/10/2004	012959.000	-1.178	-1.115	0.984	0.068	-24.22
14/10/2004	015959.000	-3.281	-3.237	0.510	0.076	-23.27
14/10/2004	022959.000	-3.451	-3.370	1.576	0.074	-22.57
14/10/2004	025959.000	-3.677	-3.507	2.960	0.048	-22.44
14/10/2004	032959.000	-16.195	-15.060	19.846	0.137	-18.91
14/10/2004	035959.000	-25.271	-24.225	51.502	0.312	-12.82
14/10/2004	042959.000	+9999	-2.991	+9999	0.422	-10.72
14/10/2004	045959.000	+9999	-28.629	+9999	0.300	-9.64
14/10/2004	052959.000	+9999	-13.625	+9999	0.198	-7.26
14/10/2004	055959.000	+9999	-26.408	+9999	0.188	-4.96
14/10/2004	062959.000	+9999	-8.852	+9999	0.276	-3.40
14/10/2004	065959.000	+9999	-13.790	+9999	0.335	3.68
14/10/2004	072959.000	+9999	-10.532	+9999	0.317	2.32
14/10/2004	075959.000	+9999	-20.391	+9999	0.475	58.86
14/10/2004	082959.000	+9999	-1.001	+9999	0.608	135.93
14/10/2004	085959.000	+9999	-9.476	+9999	0.542	109.90
14/10/2004	092959.000	+9999	4.672	+9999	0.572	170.79
14/10/2004	095959.000	+9999	7.515	+9999	0.645	185.89
14/10/2004	102959.000	55.258	63.889	+9999	0.626	321.06
14/10/2004	105959.000	135.775	143.681	142.688	0.671	424.29
14/10/2004	112959.000	170.831	179.271	148.024	0.648	450.38
14/10/2004	115959.000	52.138	30.603	+9999	0.461	136.70
14/10/2004	122959.000	110.360	122.502	215.206	0.619	301.22
14/10/2004	125959.000	109.654	115.593	103.722	0.702	235.69
14/10/2004	132959.000	218.872	226.009	126.582	0.710	363.48
14/10/2004	135959.000	183.593	189.960	112.567	0.681	328.78
14/10/2004	142959.000	48.709	46.272	+9999	0.632	133.60
14/10/2004	145959.000	-7.194	-4.103	52.559	0.619	66.38
14/10/2004	152959.000	-35.940	-35.489	5.514	0.628	58.27
14/10/2004	155959.000	-55.131	-50.429	85.997	0.593	21.56
14/10/2004	162959.000	-42.657	-43.518	91.225	0.476	-0.33
14/10/2004	165959.000	+9999	-52.594	+9999	0.497	-11.74
14/10/2004	172959.000	+9999	+9999	228.720	0.612	-20.95
14/10/2004	175959.000	-58.062	+9999	+9999	0.678	-16.17
14/10/2004	182959.000	+9999	+9999	9.548	0.555	-17.14
14/10/2004	185959.000	+9999	+9999	269.991	0.645	-16.47
14/10/2004	192959.000	-43.767	-50.142	+9999	0.649	-10.55
14/10/2004	195959.000	-57.945	+9999	+9999	0.572	-12.70
14/10/2004	202959.000	-49.969	-51.806	+9999	0.531	-11.22
14/10/2004	205959.000	+9999	-39.298	+9999	0.442	-7.60
14/10/2004	212959.000	+9999	-56.721	+9999	0.463	-11.39
14/10/2004	215959.000	-57.999	+9999	+9999	0.534	-9.26
14/10/2004	222959.000	+9999	+9999	+9999	0.577	-8.29
14/10/2004	225959.000	-48.290	+9999	+9999	0.652	-9.38
14/10/2004	232959.000	-41.918	-39.875	35.156	0.573	-11.55
14/10/2004	235959.000	+9999	-59.323	+9999	0.697	-14.92
15/10/2004	002959.000	+9999	+9999	+9999	0.622	-37.80
15/10/2004	005959.000	+9999	-53.962	+9999	0.622	-14.39
15/10/2004	012959.000	+9999	-53.221	+9999	0.643	-13.87
15/10/2004	015959.000	+9999	-47.236	+9999	0.607	-16.12
15/10/2004	022959.000	+9999	-31.499	+9999	0.563	-13.23
15/10/2004	025959.000	+9999	-48.405	+9999	0.613	-11.78
15/10/2004	032959.000	+9999	+9999	+9999	0.732	-12.84
15/10/2004	035959.000	+9999	+9999	+9999	0.643	-12.74
15/10/2004	042959.000	+9999	+9999	+9999	0.667	-9.02
15/10/2004	045959.000	+9999	-34.838	+9999	0.546	-5.44
15/10/2004	052959.000	+9999	+9999	+9999	0.641	-11.63
15/10/2004	055959.000	+9999	+9999	+9999	0.733	-15.80
15/10/2004	062959.000	+9999	+9999	+9999	0.676	-18.18
15/10/2004	065959.000	+9999	-59.202	+9999	0.688	14.97
15/10/2004	072959.000	+9999	-43.808	+9999	0.579	18.44
15/10/2004	075959.000	+9999	-47.503	+9999	0.626	15.21
15/10/2004	082959.000	+9999	-50.159	+9999	0.770	32.48
15/10/2004	085959.000	+9999	-22.474	+9999	0.548	46.76
15/10/2004	092959.000	+9999	-20.963	+9999	0.666	67.36
15/10/2004	095959.000	+9999	-31.674	+9999	0.732	98.61
15/10/2004	102959.000	+9999	7.887	+9999	0.743	212.42
15/10/2004	105959.000	+9999	-24.275	+9999	0.709	87.65
15/10/2004	112959.000	+9999	-20.232	+9999	0.498	89.21
15/10/2004	115959.000	+9999	-8.811	+9999	0.508	155.65
15/10/2004	122959.000	+9999	-22.498	+9999	0.769	234.13
15/10/2004	125959.000	37.294	42.854	217.719	0.605	351.64
15/10/2004	132959.000	12.469	18.794	109.022	0.509	163.15
15/10/2004	135959.000	-9.216	-2.871	109.341	0.640	145.42
15/10/2004	142959.000	-5.975	3.679	167.266	0.583	155.05
15/10/2004	145959.000	70.565	77.325	117.581	0.669	260.07
15/10/2004	152959.000	31.219	35.322	71.556	0.653	121.20
15/10/2004	155959.000	57.118	20.527	+9999	0.477	86.16
15/10/2004	162959.000	+9999	-32.787	+9999	0.399	6.83
15/10/2004	165959.000	+9999	-47.861	+9999	0.384	-5.52
15/10/2004	172959.000	-50.805	-46.904	67.515	0.580	-25.84
15/10/2004	175959.000	-27.648	-27.685	-0.111	0.550	-25.21
15/10/2004	182959.000	-39.036	-27.311	211.919	0.439	-40.20
15/10/2004	185959.000	-14.586	-22.302	+9999	0.452	-20.77
15/10/2004	192959.000	+9999	-17.611	+9999	0.470	-6.98
15/10/2004	195959.000	+9999	-7.550	+9999	0.410	-13.31
15/10/2004	202959.000	+9999	-25.888	+9999	0.402	-21.36
15/10/2004	205959.000	+9999	-26.845	+9999	0.463	-17.87
15/10/2004	212959.000	+9999	-17.901	+9999	0.424	-19.16
15/10/2004	215959.000	+9999	-19.471	+9999	0.447	-14.23
15/10/2004	222959.000	-43.501	-15.206	+9999	0.481	-10.69
15/10/2004	225959.000	-16.699	-8.204	153.861	0.555	-11.81
15/10/2004	232959.000	-21.914	-19.209	47.692	0.479	-13.58
15/10/2004	235959.000	-23.398	-19.918	60.761	0.519	-12.56
16/10/2004	002959.000	-19.848	-18.738	20.107	0.438	-18.81
16/10/2004	005959.000	-25.110	-23.699	23.561	0.430	-25.44
16/10/2004	012959.000	-24.072	-22.580	25.270	0.472	-23.43
16/10/2004	015959.000	-8.132	-12.972	+9999	0.437	-15.16
16/10/2004	022959.000	-27.526	-21.788	+9999	0.435	-20.89
16/10/2004	025959.000	-26.018	-23.889	11.705	0.423	-22.07
16/10/2004	032959.000	-34.880	-34.878	-1.194	0.384	-33.41
16/10/2004	035959.000	-33.752	-33.498	3.636	0.406	-32.34
16/10/2004	042959.000	-3.705	-16.493	+9999	0.399	-11.89
16/10/2004	045959.000	-17.384	-28.774	+9999	0.385	-19.60
16/10/2004	052959.000	+9999	-30.351	+9999	0.339	-22.83
16/10/2004	055959.000	+9999	-22.949	+9999	0.366	-9.45
16/10/2004	062959.000	+9999	-9.754	+9999	0.307	-1.96
16/10/2004	065959.000	+9999	-12.914	+9999	0.271	0.92
16/10/2004	072959.000	+9999	-7.726	+9999	0.187	4.50
16/10/2004	075959.000	+9999	-1.078	+9999	0.086	12.85
16/10/2004	082959.000	+9999	0.024	+9999	0.143	21.51
16/10/2004	085959.000	+9999	-2.919	+9999	0.275	27.04
16/10/2004	092959.000	+9999	-0.742	+9999	0.151	37.18
16/10/2004	095959.000	+9999	1.573	+9999	0.148	42.16
16/10/2004	102959.000	+9999	6.586	+9999	0.194	37.08
16/10/2004	105959.000	+9999	-0.521	+9999	0.138	35.19
16/10/2004	112959.000	+9999	0.687	+9999	0.184	35.05
16/10/2004	115959.000	+9999	0.859	+9999	0.140	37.56
16/10/2004	122959.000	+9999	2.451	+9999	0.052	21.13
16/10/2004	125959.000	+9999	9.189	+9999	0.249	37.17
16/10/2004	132959.000	+9999	9.938	+9999	0.267	48.17
16/10/2004	135959.000	+9999	12.391	+9999	0.400	39.57
16/10/2004	142959.000	+9999	-0.942	+9999	0.432	50.96
16/10/2004	145959.000	+9999	-12.593	+9999	0.499	34.04
16/10/2004	152959.000	+9999	-37.643	+9999	0.654	30.25
16/10/2004	155959.000	+9999	-56.183	+9999	0.682	25.57
16/10/2004	162959.000	-56.625	+9999	+9999	0.723	6.69
16/10/2004	165959.000	-53.314	-51.394	34.906	0.733	-16.85
16/10/2004	172959.000	-49.468	-46.890	43.538	0.689	-18.52
16/10/2004	175959.000	-53.565	-51.847	28.643	0.600	-28.29
16/10/2004	182959.000	-47.124	-45.833	22.963	0.536	-35.74
16/10/2004	185959.000	-53.318	-51.449	31.445	0.516	-61.00
16/10/2004	192959.000	-40.946	-40.816	1.111	0.507	-69.25
16/10/2004	195959.000	-42.786	-42.459	4.831	0.556	-79.44
16/10/2004	202959.000	-30.976	-30.790	2.410	0.476	-78.36
16/10/2004	205959.000	-29.258	-29.186	0.510	0.439	-78.92
16/10/2004	212959.000	-24.926	-25.153	-4.580	0.408	-81.55
16/10/2004	215959.000	-25.942	-25.900	0.228	0.488	-80.10
16/10/2004	222959.000	-26.153	-26.199	-1.815	0.439	-82.27
16/10/2004	225959.000	-25.222	-25.414	-3.893	0.344	-66.96
16/10/2004	232959.000	-23.598	-23.374	3.329	0.320	-52.32
16/10/2004	235959.000	-20.925	-20.553	6.260	0.371	-49.75
17/10/2004	002959.000	-15.028	-14.493	9.353	0.383	-17.97
17/10/2004	005959.000	-16.759	-15.974	13.621	0.356	-35.88
17/10/2004	012959.000	-18.758	-18.826	-1.452	0.194	-58.62
17/10/2004	015959.000	-24.403	-24.064	5.439	0.265	-46.13
17/10/2004	022959.000	-18.249	-17.233	17.091	0.314	-33.27
17/10/2004	025959.000	-28.631	-28.203	6.832	0.337	-69.96
17/10/2004	032959.000	-29.361	-29.334	-0.249	0.333	-86.58
17/10/2004	035959.000	-32.866	-32.872	-0.836	0.309	-83.83
17/10/2004	042959.000	-41.880	-40.665	21.655	0.271	-82.10
17/10/2004	045959.000	-68.867	-34.924	603.364	0.283	-58.80
17/10/2004	052959.000	-71.913	-1.029	+9999	0.325	-38.81
17/10/2004	055959.000	-118.935	-55.012	+9999	0.287	-67.94
17/10/2004	062959.000	-86.512	1.411	+9999	0.295	-81.16
17/10/2004	065959.000	-120.384	-20.068	+9999	0.357	-58.73
17/10/2004	072959.000	-96.096	-12.874	+9999	0.312	10.31
17/10/2004	075959.000	-41.401	24.685	+9999	0.397	89.01
17/10/2004	082959.000	-4.164	55.476	+9999	0.417	124.26
17/10/2004	085959.000	2.553	65.841	+9999	0.433	254.15
17/10/2004	092959.000	33.192	75.420	+9999	0.404	261.41
17/10/2004	095959.000	50.889	131.735	+9999	0.386	221.09
17/10/2004	102959.000	-68.534	39.588	+9999	0.465	443.24
17/10/2004	105959.000	68.006	151.415	+9999	0.412	430.84
17/10/2004	112959.000	42.483	100.785	+9999	0.460	426.79
17/10/2004	115959.000	84.799	147.630	+9999	0.483	527.77
17/10/2004	122959.000	159.692	201.562	+9999	0.439	553.09
17/10/2004	125959.000	67.692	133.488	+9999	0.323	361.87
17/10/2004	132959.000	68.519	148.205	+9999	0.330	342.87
17/10/2004	135959.000	-48.309	72.363	+9999	0.354	265.70
17/10/2004	142959.000	34.128	121.446	+9999	0.339	182.43
17/10/2004	145959.000	-77.240	56.918	+9999	0.333	181.03
17/10/2004	152959.000	-179.356	0.261	+9999	0.323	94.40
17/10/2004	155959.000	-204.143	-36.240	+9999	0.316	33.45
17/10/2004	162959.000	-134.219	4.987	+9999	0.274	-17.17
17/10/2004	165959.000	-62.446	45.711	+9999	0.217	-41.63
17/10/2004	172959.000	-111.713	10.133	+9999	0.180	-28.67
17/10/2004	175959.000	-175.376	-27.779	+9999	0.226	-35.31
17/10/2004	182959.000	-100.402	-5.566	+9999	0.146	-31.18
17/10/2004	185959.000	-112.706	6.314	+9999	0.126	-29.68
17/10/2004	192959.000	176.577	3.666	+9999	0.413	-39.13
17/10/2004	195959.000	193.555	1.037	+9999	0.433	-36.12
17/10/2004	202959.000	138.809	11.076	+9999	0.318	-23.12
17/10/2004	205959.000	134.370	13.238	+9999	0.317	-20.61
17/10/2004	212959.000	180.644	-3.568	+9999	0.378	-20.04
17/10/2004	215959.000	42.568	3.395	+9999	0.323	-14.37
17/10/2004	222959.000	158.640	-15.278	+9999	0.594	-16.74
17/10/2004	225959.000	177.642	46.884	+9999	0.497	-19.23
17/10/2004	232959.000	126.776	-26.625	+9999	0.509	-21.94
17/10/2004	235959.000	175.091	8.052	+9999	0.517	-19.46
18/10/2004	002959.000	219.858	4.411	+9999	+9999	-20.32
18/10/2004	005959.000	171.489	25.692	+9999	0.588	-20.59
18/10/2004	012959.000	240.642	73.932	+9999	0.614	-20.56
18/10/2004	015959.000	212.370	53.231	+9999	0.611	-36.00
18/10/2004	022959.000	100.093	-32.545	+9999	0.545	-56.79
18/10/2004	025959.000	110.484	-38.091	+9999	0.567	-59.65
18/10/2004	032959.000	58.987	-44.689	+9999	0.567	-56.41
18/10/2004	035959.000	77.438	-51.083	+9999	0.626	-48.97
18/10/2004	042959.000	-7.905	-15.286	+9999	0.076	-56.14
18/10/2004	045959.000	-13.593	-13.604	-0.301	0.163	-49.00
18/10/2004	052959.000	-11.791	-11.733	0.618	0.161	-32.23
18/10/2004	055959.000	-10.747	-10.280	7.937	0.203	-30.61
18/10/2004	062959.000	-5.313	-5.428	-2.045	0.146	-36.44
18/10/2004	065959.000	-4.921	-4.571	6.463	0.171	-16.29
18/10/2004	072959.000	-4.989	-3.770	21.378	0.212	0.74
18/10/2004	075959.000	3.438	5.202	30.799	0.226	45.49
18/10/2004	082959.000	15.051	17.845	48.366	0.282	84.16
18/10/2004	085959.000	34.931	37.739	49.387	0.356	100.56
18/10/2004	092959.000	40.989	43.423	42.700	0.308	136.38
18/10/2004	095959.000	39.775	42.194	42.694	0.337	108.95
18/10/2004	102959.000	64.173	67.404	56.972	0.388	172.06
18/10/2004	105959.000	93.226	97.081	68.217	0.446	226.94
18/10/2004	112959.000	182.774	189.228	113.048	0.520	373.42
18/10/2004	115959.000	186.770	193.223	112.535	0.454	339.38
18/10/2004	122959.000	124.857	129.460	80.494	0.382	282.94
18/10/2004	125959.000	128.983	133.605	80.817	0.320	270.60
18/10/2004	132959.000	84.302	87.457	54.873	0.305	206.87
18/10/2004	135959.000	92.401	95.556	54.489	0.293	206.44
18/10/2004	142959.000	70.228	73.066	48.873	0.303	123.65
18/10/2004	145959.000	33.458	36.128	45.361	0.344	78.90
18/10/2004	152959.000	11.637	13.073	24.343	0.270	43.09
18/10/2004	155959.000	-2.750	-1.940	13.834	0.146	11.13
18/10/2004	162959.000	-3.241	-3.004	4.092	0.069	-9.94
18/10/2004	165959.000	-0.902	-0.841	0.775	0.036	-28.11
18/10/2004	172959.000	-17.344	-17.214	2.257	0.186	-46.25
18/10/2004	175959.000	-22.701	-22.753	-0.957	0.250	-39.15
18/10/2004	182959.000	-31.227	-31.134	1.324	0.297	-38.19
18/10/2004	185959.000	-19.066	-18.901	2.823	0.253	-35.33
18/10/2004	192959.000	-13.942	-13.956	-0.576	0.234	-29.12
18/10/2004	195959.000	-8.602	-8.696	-1.856	0.167	-25.93
18/10/2004	202959.000	-10.486	-10.676	-3.765	0.100	-22.83
18/10/2004	205959.000	-5.917	-6.093	-2.960	0.158	-15.33
18/10/2004	212959.000	-10.158	-10.009	2.800	0.209	-5.38
18/10/2004	215959.000	-8.211	-7.911	5.069	0.156	-4.88
18/10/2004	222959.000	-9.627	-8.526	19.656	0.139	-13.13
18/10/2004	225959.000	-9.348	-9.474	-1.767	0.113	-16.57
18/10/2004	232959.000	-11.109	-11.412	-4.901	0.147	-14.08
18/10/2004	235959.000	-8.374	-8.363	1.235	0.198	-8.10
19/10/2004	002959.000	-11.218	-8.699	46.832	0.195	-3.57
19/10/2004	005959.000	-8.839	-6.840	39.967	0.157	-2.22
19/10/2004	012959.000	+9999	-9.936	+9999	0.161	-3.15
19/10/2004	015959.000	+9999	-5.190	+9999	0.147	-6.01
19/10/2004	022959.000	+9999	-6.927	+9999	0.098	-11.32
19/10/2004	025959.000	+9999	-6.704	+9999	0.136	-8.57
19/10/2004	032959.000	+9999	-6.573	+9999	0.260	-6.39
19/10/2004	035959.000	+9999	-2.862	+9999	0.139	-6.56
19/10/2004	042959.000	+9999	-4.615	+9999	0.151	-5.78
19/10/2004	045959.000	+9999	-3.279	+9999	0.125	-5.50
19/10/2004	052959.000	+9999	-1.684	+9999	0.054	-5.10
19/10/2004	055959.000	+9999	-4.322	+9999	0.108	-4.30
19/10/2004	062959.000	+9999	-6.990	+9999	0.247	-3.25
19/10/2004	065959.000	-17.111	-10.249	+9999	0.185	0.63
19/10/2004	072959.000	-10.426	-9.432	17.450	0.284	10.09
19/10/2004	075959.000	-15.328	-13.463	32.326	0.280	22.76
19/10/2004	082959.000	-6.201	-4.352	31.553	0.268	43.80
19/10/2004	085959.000	-0.368	2.573	51.280	0.289	78.54
19/10/2004	092959.000	2.895	5.795	49.665	0.340	67.12
19/10/2004	095959.000	6.957	9.680	46.919	0.346	69.71
19/10/2004	102959.000	15.155	18.070	50.087	0.310	105.80
19/10/2004	105959.000	16.080	19.372	55.633	0.340	96.40
19/10/2004	112959.000	24.344	26.988	44.740	0.232	128.99
19/10/2004	115959.000	31.746	35.422	62.260	0.304	142.32
19/10/2004	122959.000	28.395	31.752	56.486	0.293	136.14
19/10/2004	125959.000	39.196	43.012	64.688	0.247	143.58
19/10/2004	132959.000	41.809	46.545	79.557	0.288	178.64
19/10/2004	135959.000	61.187	66.325	85.922	0.284	222.80
19/10/2004	142959.000	37.359	41.514	69.383	0.284	137.11
19/10/2004	145959.000	17.442	20.125	45.062	0.257	96.16
19/10/2004	152959.000	27.916	30.208	38.132	0.215	102.15
19/10/2004	155959.000	6.671	9.242	43.504	0.309	72.97
19/10/2004	162959.000	-8.104	-6.293	31.066	0.214	12.90
19/10/2004	165959.000	-30.223	-29.511	12.557	0.262	-51.01
19/10/2004	172959.000	-25.556	-25.393	3.313	0.172	-63.57
19/10/2004	175959.000	-39.824	-39.727	2.371	0.229	-63.04
19/10/2004	182959.000	-46.836	-47.369	-8.190	0.341	-64.38
19/10/2004	185959.000	-43.089	-43.624	-8.205	0.388	-66.46
19/10/2004	192959.000	-41.916	-41.758	4.233	0.485	-58.32
19/10/2004	195959.000	-24.424	-23.899	9.818	0.512	-44.84
19/10/2004	202959.000	-23.998	-22.609	24.557	0.568	-38.78
19/10/2004	205959.000	-20.695	-16.089	79.572	0.683	-48.22
19/10/2004	212959.000	-13.952	-10.561	58.217	0.691	-53.35
19/10/2004	215959.000	-6.487	-5.180	22.202	0.731	-35.10
19/10/2004	222959.000	5.129	7.208	35.514	0.687	-18.08
19/10/2004	225959.000	-4.707	-3.661	18.015	0.679	-22.44
19/10/2004	232959.000	-7.122	-7.815	-12.350	0.671	-18.98
19/10/2004	235959.000	-4.301	-2.937	23.521	0.651	-24.52
20/10/2004	002959.000	-2.742	-0.996	29.887	0.691	-31.19
20/10/2004	005959.000	-3.615	-5.200	-27.451	0.704	-20.72
20/10/2004	012959.000	-13.823	-12.264	26.969	0.734	-27.24
20/10/2004	015959.000	-9.522	-8.352	19.865	0.736	-27.83
20/10/2004	022959.000	-15.465	-17.067	-27.775	0.496	-18.11
20/10/2004	025959.000	-31.210	-32.176	-16.169	0.439	-18.28
20/10/2004	032959.000	-39.761	-28.095	213.604	0.350	-10.82
20/10/2004	035959.000	-13.239	-16.633	+9999	0.209	-9.14
20/10/2004	042959.000	-16.799	-15.927	15.230	0.408	-14.52
20/10/2004	045959.000	-21.865	-20.573	22.872	0.562	-12.92
20/10/2004	052959.000	-45.128	-33.460	206.243	0.574	-13.11
20/10/2004	055959.000	-20.978	-19.959	17.439	0.507	-15.91
20/10/2004	062959.000	-13.989	-13.621	6.085	0.431	-23.56
20/10/2004	065959.000	-13.677	-13.262	7.804	0.388	-15.98
20/10/2004	072959.000	-17.258	-16.484	13.678	0.425	-5.40
20/10/2004	075959.000	-4.936	-3.955	17.105	0.415	11.51
20/10/2004	082959.000	26.359	29.343	50.479	0.392	127.24
20/10/2004	085959.000	21.917	25.067	52.952	0.530	86.08
20/10/2004	092959.000	70.652	74.977	72.822	0.552	215.07
20/10/2004	095959.000	60.249	64.128	65.001	0.567	149.67
20/10/2004	102959.000	13.254	16.775	59.664	0.471	86.63
20/10/2004	105959.000	40.767	43.863	51.929	0.484	143.75
20/10/2004	112959.000	63.826	67.561	61.962	0.536	169.06
20/10/2004	115959.000	97.903	103.038	84.869	0.592	287.09
20/10/2004	122959.000	100.315	105.423	84.008	0.565	268.17
20/10/2004	125959.000	16.950	19.179	36.810	0.473	65.88
20/10/2004	132959.000	17.312	19.525	37.448	0.505	64.46
20/10/2004	135959.000	36.457	39.799	56.496	0.629	102.24
20/10/2004	142959.000	123.417	128.483	82.473	0.570	312.45
20/10/2004	145959.000	81.227	84.690	56.315	0.422	211.87
20/10/2004	152959.000	46.997	50.012	49.367	0.355	142.51
20/10/2004	155959.000	16.537	18.871	39.184	0.349	67.81
20/10/2004	162959.000	-9.000	-8.266	12.517	0.334	-15.55
20/10/2004	165959.000	-21.531	-21.513	0.901	0.260	-53.19
20/10/2004	172959.000	-26.059	-26.384	-4.718	0.239	-72.34
20/10/2004	175959.000	-38.624	-39.135	-8.087	0.266	-76.62
20/10/2004	182959.000	-41.493	-41.518	0.335	0.395	-57.21
20/10/2004	185959.000	-45.010	-45.338	-3.946	0.409	-62.76
20/10/2004	192959.000	-33.031	-33.763	-11.667	0.311	-71.26
20/10/2004	195959.000	-34.234	-35.217	-15.804	0.325	-74.44
20/10/2004	202959.000	-4.456	-4.761	-5.120	0.096	-61.09
20/10/2004	205959.000	1.473	1.490	0.365	0.094	-64.08
20/10/2004	212959.000	-4.862	-4.871	-0.141	0.059	-52.41
20/10/2004	215959.000	-37.045	-36.857	3.277	0.156	-49.96
20/10/2004	222959.000	+9999	+9999	74.836	0.370	-79.77
20/10/2004	225959.000	+9999	+9999	73.036	0.652	-83.22
20/10/2004	232959.000	+9999	+9999	72.571	+9999	-86.55
20/10/2004	235959.000	+9999	+9999	24.530	0.678	-85.40
21/10/2004	002959.000	-51.371	-51.973	-11.810	0.570	-83.22
21/10/2004	005959.000	+9999	+9999	8.969	0.573	-82.81
21/10/2004	012959.000	+9999	+9999	26.125	0.456	-81.26
21/10/2004	015959.000	-33.909	-33.988	-1.290	0.294	-65.00
21/10/2004	022959.000	-18.773	-18.455	5.665	0.349	-42.11
21/10/2004	025959.000	-2.284	-2.352	-1.217	0.067	-27.55
21/10/2004	032959.000	-9.232	-9.046	3.277	0.149	-13.87
21/10/2004	035959.000	-8.581	-8.419	2.724	0.116	-25.70
21/10/2004	042959.000	-7.205	-7.059	2.634	0.132	-21.08
21/10/2004	045959.000	-8.469	-8.258	3.631	0.129	-18.55
21/10/2004	052959.000	-3.409	-3.385	0.503	0.076	-19.89
21/10/2004	055959.000	-1.268	-1.213	1.146	0.042	-23.02
21/10/2004	062959.000	-4.702	-4.613	1.680	0.089	-10.38
21/10/2004	065959.000	-2.571	-2.445	2.059	0.075	-3.08
21/10/2004	072959.000	-1.657	-0.883	13.354	0.096	24.39
21/10/2004	075959.000	19.902	22.207	39.260	0.121	85.33
21/10/2004	082959.000	30.419	32.753	40.298	0.196	80.28
21/10/2004	085959.000	45.211	47.782	43.930	0.196	150.47
21/10/2004	092959.000	108.837	112.579	63.684	0.199	244.23
21/10/2004	095959.000	101.187	104.651	58.290	0.230	183.22
21/10/2004	102959.000	150.204	155.503	89.158	0.270	279.60
21/10/2004	105959.000	97.168	100.829	61.282	0.296	199.51
21/10/2004	112959.000	118.625	123.797	87.614	0.282	208.20
21/10/2004	115959.000	187.705	194.394	113.966	0.289	331.34
21/10/2004	122959.000	191.734	198.433	114.477	0.225	328.51
21/10/2004	125959.000	124.215	128.912	80.347	0.273	224.49
21/10/2004	132959.000	97.012	101.801	81.132	0.303	202.33
21/10/2004	135959.000	130.168	135.775	94.901	0.346	201.29
21/10/2004	142959.000	136.771	142.047	88.749	0.327	240.85
21/10/2004	145959.000	49.695	52.821	52.605	0.253	84.77
21/10/2004	152959.000	11.126	13.611	42.253	0.209	58.89
21/10/2004	155959.000	-11.534	-9.233	39.052	0.223	17.53
21/10/2004	162959.000	-7.327	-6.844	8.076	0.092	-12.05
21/10/2004	165959.000	-5.500	-4.986	8.760	0.061	-24.10
21/10/2004	172959.000	-12.496	-10.262	38.355	0.101	-19.95
21/10/2004	175959.000	-10.178	-9.255	15.861	0.082	-16.68
21/10/2004	182959.000	-25.195	-23.452	30.045	0.158	-23.73
21/10/2004	185959.000	-18.502	-17.399	19.054	0.128	-27.00
21/10/2004	192959.000	-15.370	-14.547	14.257	0.147	-32.66
21/10/2004	195959.000	-10.370	-9.846	9.083	0.091	-33.75
21/10/2004	202959.000	-8.136	-7.685	7.708	0.068	-31.56
21/10/2004	205959.000	-4.756	-4.272	8.340	0.085	-16.80
21/10/2004	212959.000	-11.114	-10.135	16.903	0.234	-28.10
21/10/2004	215959.000	-27.965	-27.520	7.999	0.330	-38.16
21/10/2004	222959.000	-13.970	-13.489	8.823	0.277	-41.69
21/10/2004	225959.000	-0.560	-0.219	5.840	0.264	-51.31
21/10/2004	232959.000	-5.702	-6.037	-5.700	0.122	-70.29
21/10/2004	235959.000	-5.270	-5.701	-7.393	0.060	-60.92
22/10/2004	002959.000	-4.868	-5.566	-12.029	0.062	-46.31
22/10/2004	005959.000	-5.400	-6.081	-11.827	0.064	-36.57
22/10/2004	012959.000	-1.902	-2.157	-4.309	0.043	-29.09
22/10/2004	015959.000	-0.270	-0.232	0.655	0.028	-20.66
22/10/2004	022959.000	-2.212	-2.766	-9.654	0.055	-17.43
22/10/2004	025959.000	-0.399	-0.728	-5.745	0.042	-25.42
22/10/2004	032959.000	-0.952	-0.432	10.369	0.031	-25.86
22/10/2004	035959.000	+9999	-0.636	+9999	0.037	-24.11
22/10/2004	042959.000	+9999	0.352	+9999	0.036	-22.23
22/10/2004	045959.000	+9999	-0.414	+9999	0.060	-22.35
22/10/2004	052959.000	+9999	-0.865	+9999	0.039	-21.99
22/10/2004	055959.000	+9999	-1.664	+9999	0.033	-19.88
22/10/2004	062959.000	+9999	-0.114	+9999	0.028	-12.44
22/10/2004	065959.000	+9999	-0.344	+9999	0.051	10.93
22/10/2004	072959.000	4.361	0.481	+9999	0.041	70.62
22/10/2004	075959.000	9.932	13.836	68.785	0.160	146.16
22/10/2004	082959.000	30.507	33.707	55.340	0.204	155.50
22/10/2004	085959.000	77.050	82.643	95.952	0.267	227.32
22/10/2004	092959.000	85.493	89.717	71.872	0.259	290.36
22/10/2004	095959.000	127.652	131.892	71.302	0.274	342.96
22/10/2004	102959.000	205.833	212.932	118.602	0.408	385.92
22/10/2004	105959.000	210.967	220.533	161.097	0.500	476.89
22/10/2004	112959.000	168.248	174.553	105.938	0.528	391.12
22/10/2004	115959.000	207.311	215.399	134.755	0.553	451.58
22/10/2004	122959.000	87.277	91.162	65.224	0.460	251.88
22/10/2004	125959.000	76.015	80.496	74.908	0.469	195.91
22/10/2004	132959.000	112.481	117.346	81.307	0.421	312.01
22/10/2004	135959.000	111.389	115.376	66.488	0.403	276.63
22/10/2004	142959.000	118.886	123.008	68.045	0.389	257.61
22/10/2004	145959.000	76.325	79.462	52.150	0.288	184.66
22/10/2004	152959.000	36.345	39.140	46.855	0.333	102.05
22/10/2004	155959.000	-1.962	-0.445	25.636	0.240	24.35
22/10/2004	162959.000	-3.629	-3.252	6.283	0.094	-1.46
22/10/2004	165959.000	-4.755	-4.523	3.841	0.093	-33.29
22/10/2004	172959.000	-6.988	-6.938	0.793	0.066	-65.41
22/10/2004	175959.000	-22.468	-22.628	-2.702	0.066	-66.51
22/10/2004	182959.000	-7.430	-7.551	-1.977	0.089	-67.41
22/10/2004	185959.000	-12.423	-12.655	-3.850	0.103	-66.67
22/10/2004	192959.000	-33.738	-34.224	-7.953	0.182	-67.28
22/10/2004	195959.000	-14.420	-14.687	-4.558	0.111	-67.21
22/10/2004	202959.000	-38.721	-39.775	-17.662	0.235	-68.55
22/10/2004	205959.000	-40.584	-41.547	-16.029	0.292	-74.17
22/10/2004	212959.000	-30.806	-31.562	-12.458	0.275	-75.07
22/10/2004	215959.000	-35.147	-36.435	-21.340	0.270	-74.83
22/10/2004	222959.000	-31.420	-32.988	-26.560	0.262	-74.42
22/10/2004	225959.000	-31.983	-34.017	+9999	0.241	-72.67
22/10/2004	232959.000	-31.016	-32.855	-30.982	0.199	-64.49
22/10/2004	235959.000	-17.570	-19.129	-26.598	0.143	-58.83
23/10/2004	002959.000	-18.331	-22.796	+9999	0.131	-40.29
23/10/2004	005959.000	-14.150	-18.918	+9999	0.153	-30.61
23/10/2004	012959.000	-16.522	-20.474	+9999	0.212	-27.70
23/10/2004	015959.000	-8.630	-8.304	7.303	0.253	-25.15
23/10/2004	022959.000	-0.582	-1.286	-12.789	0.284	-15.24
23/10/2004	025959.000	-4.089	-1.781	42.439	0.268	-10.95
23/10/2004	032959.000	3.383	1.882	-27.718	0.326	-4.23
23/10/2004	035959.000	-5.686	-4.374	25.001	0.261	-13.63
23/10/2004	042959.000	-14.868	-18.261	+9999	0.301	-22.02
23/10/2004	045959.000	+9999	+9999	+9999	+9999	-10.76
23/10/2004	052959.000	+9999	+9999	+9999	+9999	-10.32
23/10/2004	055959.000	+9999	+9999	+9999	+9999	-11.14
23/10/2004	062959.000	+9999	+9999	+9999	+9999	-14.02
23/10/2004	065959.000	+9999	+9999	+9999	+9999	2.69
23/10/2004	072959.000	+9999	+9999	+9999	+9999	34.89
23/10/2004	075959.000	+9999	+9999	+9999	+9999	104.06
23/10/2004	082959.000	+9999	+9999	+9999	+9999	179.71
23/10/2004	085959.000	+9999	+9999	+9999	+9999	209.44
23/10/2004	092959.000	+9999	+9999	+9999	+9999	276.47
23/10/2004	095959.000	+9999	+9999	+9999	+9999	334.81
23/10/2004	102959.000	+9999	+9999	+9999	+9999	375.51
23/10/2004	105959.000	+9999	+9999	+9999	+9999	401.89
23/10/2004	112959.000	+9999	+9999	+9999	+9999	413.28
23/10/2004	115959.000	+9999	+9999	+9999	+9999	425.25
23/10/2004	122959.000	+9999	+9999	+9999	+9999	387.20
23/10/2004	125959.000	+9999	+9999	+9999	+9999	389.51
23/10/2004	132959.000	+9999	+9999	+9999	+9999	331.83
23/10/2004	135959.000	+9999	+9999	+9999	+9999	269.03
23/10/2004	142959.000	+9999	+9999	+9999	+9999	224.85
23/10/2004	145959.000	+9999	+9999	+9999	+9999	132.94
23/10/2004	152959.000	+9999	+9999	+9999	+9999	121.97
23/10/2004	155959.000	+9999	+9999	+9999	+9999	46.76
23/10/2004	162959.000	+9999	+9999	+9999	+9999	-26.38
23/10/2004	165959.000	+9999	+9999	+9999	+9999	-80.96
23/10/2004	172959.000	+9999	+9999	+9999	+9999	-97.85
23/10/2004	175959.000	+9999	+9999	+9999	+9999	-96.87
23/10/2004	182959.000	+9999	+9999	+9999	+9999	-96.49
23/10/2004	185959.000	+9999	+9999	+9999	+9999	-94.88
23/10/2004	192959.000	+9999	+9999	+9999	+9999	-93.75
23/10/2004	195959.000	+9999	+9999	+9999	+9999	-91.11
23/10/2004	202959.000	+9999	+9999	+9999	+9999	-90.38
23/10/2004	205959.000	+9999	+9999	+9999	+9999	-88.45
23/10/2004	212959.000	+9999	+9999	+9999	+9999	-87.68
23/10/2004	215959.000	+9999	+9999	+9999	+9999	-86.84
23/10/2004	222959.000	+9999	+9999	+9999	+9999	-85.44
23/10/2004	225959.000	+9999	+9999	+9999	+9999	-85.02
23/10/2004	232959.000	+9999	+9999	+9999	+9999	-83.29
23/10/2004	235959.000	+9999	+9999	+9999	+9999	-82.85
24/10/2004	002959.000	-9.999999e-99	-9.999999e-99	-9.999999e-99	-9.999999e-99	-83.48
24/10/2004	005959.000	-9.999999e-99	-9.999999e-99	-9.999999e-99	-9.999999e-99	-81.13
24/10/2004	012959.000	-9.999999e-99	-9.999999e-99	-9.999999e-99	-9.999999e-99	-78.38
24/10/2004	015959.000	-9.999999e-99	-9.999999e-99	-9.999999e-99	-9.999999e-99	-76.88
24/10/2004	022959.000	-9.999999e-99	-9.999999e-99	-9.999999e-99	-9.999999e-99	-75.72
24/10/2004	025959.000	-9.999999e-99	-9.999999e-99	-9.999999e-99	-9.999999e-99	-74.25
24/10/2004	032959.000	-9.999999e-99	-9.999999e-99	-9.999999e-99	-9.999999e-99	-73.79
24/10/2004	035959.000	-9.999999e-99	-9.999999e-99	-9.999999e-99	-9.999999e-99	-73.82
24/10/2004	042959.000	-9.999999e-99	-9.999999e-99	-9.999999e-99	-9.999999e-99	-73.42
24/10/2004	045959.000	-9.999999e-99	-9.999999e-99	-9.999999e-99	-9.999999e-99	-72.79
24/10/2004	052959.000	-9.999999e-99	-9.999999e-99	-9.999999e-99	-9.999999e-99	-72.42
24/10/2004	055959.000	-9.999999e-99	-9.999999e-99	-9.999999e-99	-9.999999e-99	-73.80
24/10/2004	062959.000	-9.999999e-99	-9.999999e-99	-9.999999e-99	-9.999999e-99	-70.59
24/10/2004	065959.000	-9.999999e-99	-9.999999e-99	-9.999999e-99	-9.999999e-99	-49.23
24/10/2004	072959.000	-9.999999e-99	-9.999999e-99	-9.999999e-99	-9.999999e-99	-7.65
24/10/2004	075959.000	-9.999999e-99	-9.999999e-99	-9.999999e-99	-9.999999e-99	68.67
24/10/2004	082959.000	-9.999999e-99	-9.999999e-99	-9.999999e-99	-9.999999e-99	148.68
24/10/2004	085959.000	-9.999999e-99	-9.999999e-99	-9.999999e-99	-9.999999e-99	160.59
24/10/2004	092959.000	-9.999999e-99	-9.999999e-99	-9.999999e-99	-9.999999e-99	216.20
24/10/2004	095959.000	-9.999999e-99	-9.999999e-99	-9.999999e-99	-9.999999e-99	340.19
24/10/2004	102959.000	-9.999999e-99	-9.999999e-99	-9.999999e-99	-9.999999e-99	399.28
24/10/2004	105959.000	-9.999999e-99	-9.999999e-99	-9.999999e-99	-9.999999e-99	326.11
24/10/2004	112959.000	-9.999999e-99	-9.999999e-99	-9.999999e-99	-9.999999e-99	248.52
24/10/2004	115959.000	-9.999999e-99	-9.999999e-99	-9.999999e-99	-9.999999e-99	236.41
24/10/2004	122959.000	-9.999999e-99	-9.999999e-99	-9.999999e-99	-9.999999e-99	223.51
24/10/2004	125959.000	-9.999999e-99	-9.999999e-99	-9.999999e-99	-9.999999e-99	198.58
24/10/2004	132959.000	-9.999999e-99	-9.999999e-99	-9.999999e-99	-9.999999e-99	253.62
24/10/2004	135959.000	-9.999999e-99	-9.999999e-99	-9.999999e-99	-9.999999e-99	311.46
24/10/2004	142959.000	-9.999999e-99	-9.999999e-99	-9.999999e-99	-9.999999e-99	123.03
24/10/2004	145959.000	-9.999999e-99	-9.999999e-99	-9.999999e-99	-9.999999e-99	74.62
24/10/2004	152959.000	-9.999999e-99	-9.999999e-99	-9.999999e-99	-9.999999e-99	52.19
24/10/2004	155959.000	-9.999999e-99	-9.999999e-99	-9.999999e-99	-9.999999e-99	41.27
24/10/2004	162959.000	-9.999999e-99	-9.999999e-99	-9.999999e-99	-9.999999e-99	-19.30
24/10/2004	165959.000	-9.999999e-99	-9.999999e-99	-9.999999e-99	-9.999999e-99	-54.80
24/10/2004	172959.000	-9.999999e-99	-9.999999e-99	-9.999999e-99	-9.999999e-99	-71.23
24/10/2004	175959.000	-9.999999e-99	-9.999999e-99	-9.999999e-99	-9.999999e-99	-74.24
24/10/2004	182959.000	-9.999999e-99	-9.999999e-99	-9.999999e-99	-9.999999e-99	-61.99
24/10/2004	185959.000	-9.999999e-99	-9.999999e-99	-9.999999e-99	-9.999999e-99	-59.37
24/10/2004	192959.000	-9.999999e-99	-9.999999e-99	-9.999999e-99	-9.999999e-99	-68.04
24/10/2004	195959.000	-9.999999e-99	-9.999999e-99	-9.999999e-99	-9.999999e-99	-67.02
24/10/2004	202959.000	-9.999999e-99	-9.999999e-99	-9.999999e-99	-9.999999e-99	-27.62
24/10/2004	205959.000	-9.999999e-99	-9.999999e-99	-9.999999e-99	-9.999999e-99	-27.79
24/10/2004	212959.000	-9.999999e-99	-9.999999e-99	-9.999999e-99	-9.999999e-99	-26.92
24/10/2004	215959.000	-9.999999e-99	-9.999999e-99	-9.999999e-99	-9.999999e-99	-41.49
24/10/2004	222959.000	-9.999999e-99	-9.999999e-99	-9.999999e-99	-9.999999e-99	-45.13
24/10/2004	225959.000	-9.999999e-99	-9.999999e-99	-9.999999e-99	-9.999999e-99	-44.72
24/10/2004	232959.000	-9.999999e-99	-9.999999e-99	-9.999999e-99	-9.999999e-99	-23.77
24/10/2004	235959.000	-9.999999e-99	-9.999999e-99	-9.999999e-99	-9.999999e-99	-12.65
25/10/2004	002959.000	-9.999999e-99	-9.999999e-99	-9.999999e-99	-9.999999e-99	-25.90
25/10/2004	005959.000	-9.999999e-99	-9.999999e-99	-9.999999e-99	-9.999999e-99	-13.27
25/10/2004	012959.000	-9.999999e-99	-9.999999e-99	-9.999999e-99	-9.999999e-99	-10.23
25/10/2004	015959.000	-9.999999e-99	-9.999999e-99	-9.999999e-99	-9.999999e-99	-13.56
25/10/2004	022959.000	-9.999999e-99	-9.999999e-99	-9.999999e-99	-9.999999e-99	-14.18
25/10/2004	025959.000	-9.999999e-99	-9.999999e-99	-9.999999e-99	-9.999999e-99	-26.60
25/10/2004	032959.000	-9.999999e-99	-9.999999e-99	-9.999999e-99	-9.999999e-99	-30.54
25/10/2004	035959.000	-9.999999e-99	-9.999999e-99	-9.999999e-99	-9.999999e-99	-36.35
25/10/2004	042959.000	-9.999999e-99	-9.999999e-99	-9.999999e-99	-9.999999e-99	-33.25
25/10/2004	045959.000	-9.999999e-99	-9.999999e-99	-9.999999e-99	-9.999999e-99	-27.98
25/10/2004	052959.000	-9.999999e-99	-9.999999e-99	-9.999999e-99	-9.999999e-99	-34.99
25/10/2004	055959.000	-9.999999e-99	-9.999999e-99	-9.999999e-99	-9.999999e-99	-47.54
25/10/2004	062959.000	-9.999999e-99	-9.999999e-99	-9.999999e-99	-9.999999e-99	-24.43
25/10/2004	065959.000	-9.999999e-99	-9.999999e-99	-9.999999e-99	-9.999999e-99	-26.75
25/10/2004	072959.000	-9.999999e-99	-9.999999e-99	-9.999999e-99	-9.999999e-99	-7.59
25/10/2004	075959.000	-9.999999e-99	-9.999999e-99	-9.999999e-99	-9.999999e-99	32.44
25/10/2004	082959.000	-9.999999e-99	-9.999999e-99	-9.999999e-99	-9.999999e-99	29.08
25/10/2004	085959.000	-9.999999e-99	-9.999999e-99	-9.999999e-99	-9.999999e-99	47.60
25/10/2004	092959.000	-9.999999e-99	-9.999999e-99	-9.999999e-99	-9.999999e-99	167.16
25/10/2004	095959.000	-9.999999e-99	-9.999999e-99	-9.999999e-99	-9.999999e-99	142.63
25/10/2004	102959.000	-9.999999e-99	-9.999999e-99	-9.999999e-99	-9.999999e-99	51.59
25/10/2004	105959.000	-9.999999e-99	-9.999999e-99	-9.999999e-99	-9.999999e-99	16.02
25/10/2004	112959.000	-9.999999e-99	-9.999999e-99	-9.999999e-99	-9.999999e-99	18.82
25/10/2004	115959.000	-9.999999e-99	-9.999999e-99	-9.999999e-99	-9.999999e-99	27.31
25/10/2004	122959.000	-9.999999e-99	-9.999999e-99	-9.999999e-99	-9.999999e-99	36.95
25/10/2004	125959.000	-9.999999e-99	-9.999999e-99	-9.999999e-99	-9.999999e-99	52.38
25/10/2004	132959.000	-9.999999e-99	-9.999999e-99	-9.999999e-99	-9.999999e-99	103.30
25/10/2004	135959.000	-9.999999e-99	-9.999999e-99	-9.999999e-99	-9.999999e-99	56.40
25/10/2004	142959.000	-9.999999e-99	-9.999999e-99	-9.999999e-99	-9.999999e-99	74.97
25/10/2004	145959.000	-9.999999e-99	-9.999999e-99	-9.999999e-99	-9.999999e-99	33.44
25/10/2004	152959.000	-9.999999e-99	-9.999999e-99	-9.999999e-99	-9.999999e-99	49.50
25/10/2004	155959.000	-9.999999e-99	-9.999999e-99	-9.999999e-99	-9.999999e-99	46.87
25/10/2004	162959.000	-9.999999e-99	-9.999999e-99	-9.999999e-99	-9.999999e-99	11.45
25/10/2004	165959.000	-9.999999e-99	-9.999999e-99	-9.999999e-99	-9.999999e-99	2.58
25/10/2004	172959.000	-9.999999e-99	-9.999999e-99	-9.999999e-99	-9.999999e-99	-4.37
25/10/2004	175959.000	-9.999999e-99	-9.999999e-99	-9.999999e-99	-9.999999e-99	-3.48
25/10/2004	182959.000	-9.999999e-99	-9.999999e-99	-9.999999e-99	-9.999999e-99	-3.09
25/10/2004	185959.000	-9.999999e-99	-9.999999e-99	-9.999999e-99	-9.999999e-99	-3.23
25/10/2004	192959.000	-9.999999e-99	-9.999999e-99	-9.999999e-99	-9.999999e-99	-3.88
25/10/2004	195959.000	-9.999999e-99	-9.999999e-99	-9.999999e-99	-9.999999e-99	-6.31
25/10/2004	202959.000	-9.999999e-99	-9.999999e-99	-9.999999e-99	-9.999999e-99	-7.00
25/10/2004	205959.000	-9.999999e-99	-9.999999e-99	-9.999999e-99	-9.999999e-99	-6.44
25/10/2004	212959.000	-9.999999e-99	-9.999999e-99	-9.999999e-99	-9.999999e-99	-4.60
25/10/2004	215959.000	-9.999999e-99	-9.999999e-99	-9.999999e-99	-9.999999e-99	-5.53
25/10/2004	222959.000	-9.999999e-99	-9.999999e-99	-9.999999e-99	-9.999999e-99	-3.88
25/10/2004	225959.000	-9.999999e-99	-9.999999e-99	-9.999999e-99	-9.999999e-99	-3.72
25/10/2004	232959.000	-9.999999e-99	-9.999999e-99	-9.999999e-99	-9.999999e-99	-4.08
25/10/2004	235959.000	-9.999999e-99	-9.999999e-99	-9.999999e-99	-9.999999e-99	-3.64
26/10/2004	002959.000	+9999	+9999	+9999	+9999	-4.80
26/10/2004	005959.000	+9999	+9999	+9999	+9999	-8.49
26/10/2004	012959.000	+9999	+9999	+9999	+9999	-9.46
26/10/2004	015959.000	+9999	+9999	+9999	+9999	-7.14
26/10/2004	022959.000	+9999	+9999	+9999	+9999	-3.61
26/10/2004	025959.000	+9999	+9999	+9999	+9999	-6.65
26/10/2004	032959.000	+9999	+9999	+9999	+9999	-5.27
26/10/2004	035959.000	+9999	+9999	+9999	+9999	-4.29
26/10/2004	042959.000	+9999	+9999	+9999	+9999	-3.47
26/10/2004	045959.000	+9999	+9999	+9999	+9999	-3.22
26/10/2004	052959.000	+9999	+9999	+9999	+9999	-3.92
26/10/2004	055959.000	+9999	+9999	+9999	+9999	-3.77
26/10/2004	062959.000	+9999	+9999	+9999	+9999	-4.32
26/10/2004	065959.000	+9999	+9999	+9999	0.574	-0.19
26/10/2004	072959.000	-15.709	-17.945	+9999	0.441	9.47
26/10/2004	075959.000	-24.172	-20.291	60.085	0.443	39.97
26/10/2004	082959.000	-16.816	-12.708	72.670	0.438	77.95
26/10/2004	085959.000	-6.833	-2.013	84.659	0.444	131.63
26/10/2004	092959.000	5.581	12.507	121.246	0.450	160.31
26/10/2004	095959.000	7.987	13.428	95.210	0.394	151.50
26/10/2004	102959.000	2.781	6.825	71.224	0.353	115.14
26/10/2004	105959.000	38.048	45.303	126.005	0.401	202.48
26/10/2004	112959.000	90.187	99.052	154.091	0.448	293.32
26/10/2004	115959.000	116.396	125.324	155.125	0.448	348.36
26/10/2004	122959.000	142.894	152.769	171.570	0.519	432.04
26/10/2004	125959.000	188.687	198.375	168.850	0.511	432.13
26/10/2004	132959.000	143.066	151.256	143.048	0.463	325.28
26/10/2004	135959.000	159.356	167.356	139.739	0.414	304.09
26/10/2004	142959.000	67.923	72.086	72.089	0.369	153.67
26/10/2004	145959.000	80.271	84.775	78.990	0.420	161.55
26/10/2004	152959.000	63.347	67.636	74.573	0.396	101.06
26/10/2004	155959.000	32.977	35.222	38.790	0.313	28.47
26/10/2004	162959.000	-3.000	-2.160	14.221	0.234	-37.36
26/10/2004	165959.000	-17.389	-17.298	1.338	0.138	-84.30
26/10/2004	172959.000	-19.743	-19.437	5.041	0.120	-89.67
26/10/2004	175959.000	-14.480	-14.327	2.421	0.096	-86.98
26/10/2004	182959.000	-1.709	-1.716	-0.154	0.032	-82.58
26/10/2004	185959.000	-0.395	-0.437	-0.778	0.014	-80.03
26/10/2004	192959.000	0.392	0.382	-0.162	0.030	-74.93
26/10/2004	195959.000	0.882	0.902	0.270	0.018	-72.38
26/10/2004	202959.000	0.720	0.708	-0.173	0.013	-68.50
26/10/2004	205959.000	-0.152	-0.157	-0.109	0.027	-67.52
26/10/2004	212959.000	2.437	2.450	0.203	0.034	-64.92
26/10/2004	215959.000	-1.847	-1.837	-0.112	0.082	-50.26
26/10/2004	222959.000	-2.933	-3.092	-2.954	0.069	-41.08
26/10/2004	225959.000	-11.797	-12.298	-9.059	0.100	-36.71
26/10/2004	232959.000	-5.847	-6.086	-4.197	0.088	-35.07
26/10/2004	235959.000	-14.964	-15.974	-18.027	0.145	-33.64
27/10/2004	002959.000	-15.492	-16.570	-19.273	0.251	-31.35
27/10/2004	005959.000	-7.663	-9.957	+9999	0.257	-24.25
27/10/2004	012959.000	-15.663	-17.748	+9999	0.313	-24.97
27/10/2004	015959.000	-7.195	-7.673	-8.447	0.350	-17.21
27/10/2004	022959.000	-9.369	-9.300	1.058	0.303	-17.55
27/10/2004	025959.000	-6.265	-7.005	-11.827	0.365	-14.41
27/10/2004	032959.000	-6.616	-6.736	-1.563	0.265	-15.93
27/10/2004	035959.000	-12.546	-13.124	-8.916	0.300	-18.88
27/10/2004	042959.000	-11.815	-13.055	-21.645	0.304	-19.04
27/10/2004	045959.000	-3.164	-4.642	-27.206	0.417	-14.42
27/10/2004	052959.000	2.650	4.650	38.951	0.417	-6.07
27/10/2004	055959.000	-1.016	2.922	72.295	0.403	-5.51
27/10/2004	062959.000	-4.832	-1.841	54.504	0.445	-5.70
27/10/2004	065959.000	-10.954	-7.869	54.518	0.373	-2.45
27/10/2004	072959.000	-6.709	-4.125	45.142	0.402	8.56
27/10/2004	075959.000	-6.547	-3.871	46.964	0.392	20.14
27/10/2004	082959.000	-2.484	0.060	45.266	0.390	29.16
27/10/2004	085959.000	3.837	6.563	47.740	0.392	38.59
27/10/2004	092959.000	3.532	6.416	50.892	0.407	62.72
27/10/2004	095959.000	9.958	13.280	58.022	0.522	85.41
27/10/2004	102959.000	24.738	28.011	57.205	0.508	95.88
27/10/2004	105959.000	23.388	26.437	53.275	0.526	83.61
27/10/2004	112959.000	37.074	40.790	65.007	0.665	95.15
27/10/2004	115959.000	46.539	50.440	68.186	0.660	112.60
27/10/2004	122959.000	43.118	46.249	55.350	0.662	92.52
27/10/2004	125959.000	23.915	26.157	38.872	0.511	61.72
27/10/2004	132959.000	20.388	22.921	43.180	0.492	56.26
27/10/2004	135959.000	1.348	3.898	44.970	0.390	38.22
27/10/2004	142959.000	-6.569	-3.581	51.757	0.293	29.37
27/10/2004	145959.000	-7.716	-5.691	35.953	0.230	15.39
27/10/2004	152959.000	-2.971	-2.462	9.308	0.056	6.61
27/10/2004	155959.000	-6.340	-7.085	-1.385	0.130	3.34
27/10/2004	162959.000	-11.207	-8.601	+9999	0.145	1.20
27/10/2004	165959.000	-3.373	-6.208	+9999	0.204	-2.87
27/10/2004	172959.000	-3.925	-7.541	+9999	0.214	-4.14
27/10/2004	175959.000	-7.084	-5.838	+9999	0.196	-3.19
27/10/2004	182959.000	-4.703	-4.212	+9999	0.136	-3.05
27/10/2004	185959.000	-5.095	-6.034	+9999	0.099	-3.11
27/10/2004	192959.000	-6.248	-3.920	+9999	0.062	-3.00
27/10/2004	195959.000	-4.359	-3.900	+9999	0.078	-3.61
27/10/2004	202959.000	0.894	-0.433	+9999	0.049	-3.43
27/10/2004	205959.000	-5.254	-1.305	+9999	0.057	-2.70
27/10/2004	212959.000	2.735	0.618	-21.999	0.039	-2.79
27/10/2004	215959.000	-1.269	-0.349	+9999	0.057	-2.63
27/10/2004	222959.000	1.693	0.924	+9999	0.075	-2.81
27/10/2004	225959.000	-1.813	0.654	+9999	0.030	-2.71
27/10/2004	232959.000	-7.092	-6.237	+9999	0.203	-3.33
27/10/2004	235959.000	-6.954	-2.379	+9999	0.131	-3.44
28/10/2004	002959.000	+9999	-2.045	+9999	0.101	-3.14
28/10/2004	005959.000	+9999	4.742	+9999	0.151	-2.83
28/10/2004	012959.000	+9999	-3.711	+9999	0.085	-3.19
28/10/2004	015959.000	3.813	1.479	+9999	0.054	-2.70
28/10/2004	022959.000	1.120	1.101	-0.149	0.051	-2.66
28/10/2004	025959.000	-2.508	-2.429	1.302	0.079	-3.00
28/10/2004	032959.000	-2.479	-2.456	0.390	0.038	-2.42
28/10/2004	035959.000	-1.232	-1.244	-0.091	0.039	-2.27
28/10/2004	042959.000	-2.277	-2.261	0.375	0.043	-2.31
28/10/2004	045959.000	-0.403	-0.364	0.584	0.031	-2.49
28/10/2004	052959.000	-0.263	-0.211	0.573	0.038	-2.47
28/10/2004	055959.000	2.311	2.133	-3.116	0.055	-2.41
28/10/2004	062959.000	-0.554	-0.558	0.008	0.052	-1.82
28/10/2004	065959.000	1.197	1.237	0.559	0.046	17.22
28/10/2004	072959.000	1.384	2.078	12.246	0.068	82.56
28/10/2004	075959.000	9.848	11.968	37.052	0.067	132.79
28/10/2004	082959.000	8.696	11.458	48.904	0.115	130.26
28/10/2004	085959.000	47.237	53.771	112.677	0.214	295.30
28/10/2004	092959.000	87.661	94.357	114.976	0.325	385.92
28/10/2004	095959.000	123.214	131.071	134.709	0.372	384.26
28/10/2004	102959.000	146.361	154.058	131.651	0.313	377.05
28/10/2004	105959.000	194.635	203.632	154.054	0.326	394.84
28/10/2004	112959.000	235.370	245.049	167.453	0.372	419.01
28/10/2004	115959.000	197.018	204.094	122.307	0.321	408.45
28/10/2004	122959.000	204.832	211.913	123.235	0.247	407.02
28/10/2004	125959.000	200.230	205.820	97.366	0.299	379.70
28/10/2004	132959.000	181.095	186.336	91.649	0.310	353.41
28/10/2004	135959.000	165.646	171.021	93.321	0.197	302.43
28/10/2004	142959.000	139.184	143.086	67.991	0.158	237.68
28/10/2004	145959.000	91.061	93.254	38.399	0.151	172.19
28/10/2004	152959.000	43.127	44.150	18.075	0.122	100.18
28/10/2004	155959.000	17.683	18.345	11.887	0.102	33.23
28/10/2004	162959.000	-0.172	0.058	4.064	0.043	-32.76
28/10/2004	165959.000	-0.501	-0.488	0.421	0.030	-70.06
28/10/2004	172959.000	-1.054	-1.038	0.264	0.038	-74.89
28/10/2004	175959.000	-0.358	-0.372	-0.305	0.031	-72.04
28/10/2004	182959.000	-1.806	-1.765	0.668	0.050	-72.19
28/10/2004	185959.000	-8.152	-8.087	1.049	0.077	-73.67
28/10/2004	192959.000	-7.480	-7.473	0.129	0.073	-73.74
28/10/2004	195959.000	-1.976	-1.912	0.978	0.078	-71.14
28/10/2004	202959.000	-27.604	-27.531	0.975	0.136	-71.17
28/10/2004	205959.000	-33.751	-33.760	-0.510	0.136	-69.81
28/10/2004	212959.000	-23.551	-23.743	-3.412	0.136	-71.09
28/10/2004	215959.000	-17.983	-18.134	-2.641	0.119	-71.10
28/10/2004	222959.000	-18.650	-18.796	-2.812	0.149	-72.56
28/10/2004	225959.000	-32.304	-32.761	-8.146	0.150	-72.53
28/10/2004	232959.000	-24.611	-24.855	-4.683	0.098	-74.09
28/10/2004	235959.000	-14.724	-15.286	-9.781	0.100	-75.91
29/10/2004	002959.000	-32.679	-32.856	-3.716	0.284	-75.94
29/10/2004	005959.000	-27.564	-28.012	-8.018	0.137	-73.13
29/10/2004	012959.000	-19.262	-19.503	-4.338	0.107	-45.89
29/10/2004	015959.000	-11.155	-11.133	0.305	0.089	-34.37
29/10/2004	022959.000	-6.648	-6.658	-0.261	0.096	-47.12
29/10/2004	025959.000	-14.415	-14.900	-8.829	0.200	-56.66
29/10/2004	032959.000	-8.768	-8.849	-1.606	0.189	-39.45
29/10/2004	035959.000	-7.990	-8.216	-3.871	0.125	-30.29
29/10/2004	042959.000	-8.296	-8.165	2.292	0.177	-24.71
29/10/2004	045959.000	-5.298	-5.463	-2.816	0.093	-56.27
29/10/2004	052959.000	-4.549	-4.457	1.604	0.079	-12.51
29/10/2004	055959.000	-0.470	-0.403	1.331	0.058	-22.57
29/10/2004	062959.000	-2.607	-2.492	1.906	0.066	-19.85
29/10/2004	065959.000	-1.289	-1.307	-0.408	0.029	-38.52
29/10/2004	072959.000	-1.008	-0.404	10.420	0.091	27.08
29/10/2004	075959.000	7.123	8.546	25.182	0.092	49.88
29/10/2004	082959.000	1.597	2.297	11.924	0.063	13.95
29/10/2004	085959.000	-5.773	-3.717	35.866	0.146	50.27
29/10/2004	092959.000	6.701	10.512	66.720	0.162	102.77
29/10/2004	095959.000	4.159	6.999	49.244	0.206	108.44
29/10/2004	102959.000	-2.020	-0.236	30.700	0.204	59.23
29/10/2004	105959.000	-23.981	-27.069	+9999	0.285	17.48
29/10/2004	112959.000	-42.196	-24.179	+9999	0.251	13.17
29/10/2004	115959.000	+9999	-2.198	+9999	0.159	12.88
29/10/2004	122959.000	3.072	-7.687	+9999	0.331	24.20
29/10/2004	125959.000	-1.465	-6.442	+9999	0.205	22.11
29/10/2004	132959.000	+9999	+9999	+9999	+9999	+9999
29/10/2004	135959.000	+9999	+9999	+9999	+9999	+9999
29/10/2004	142959.000	+9999	+9999	+9999	+9999	+9999
29/10/2004	145959.000	+9999	+9999	+9999	+9999	+9999
29/10/2004	152959.000	+9999	+9999	+9999	+9999	+9999
29/10/2004	155959.000	+9999	+9999	+9999	+9999	+9999
29/10/2004	162959.000	+9999	+9999	+9999	+9999	+9999
29/10/2004	165959.000	+9999	+9999	+9999	+9999	+9999
29/10/2004	172959.000	+9999	+9999	+9999	+9999	+9999
29/10/2004	175959.000	+9999	+9999	+9999	+9999	+9999
29/10/2004	182959.000	+9999	+9999	+9999	+9999	+9999
29/10/2004	185959.000	+9999	+9999	+9999	+9999	+9999
29/10/2004	192959.000	+9999	+9999	+9999	+9999	+9999
29/10/2004	195959.000	+9999	+9999	+9999	+9999	+9999
29/10/2004	202959.000	+9999	+9999	+9999	+9999	+9999
29/10/2004	205959.000	+9999	+9999	+9999	+9999	+9999
29/10/2004	212959.000	+9999	+9999	+9999	+9999	+9999
29/10/2004	215959.000	+9999	+9999	+9999	+9999	+9999
29/10/2004	222959.000	+9999	+9999	+9999	+9999	+9999
29/10/2004	225959.000	+9999	+9999	+9999	+9999	+9999
29/10/2004	232959.000	+9999	+9999	+9999	+9999	+9999
29/10/2004	235959.000	+9999	+9999	+9999	+9999	+9999
30/10/2004	002959.000	-14.915	-17.959	+9999	0.326	-5.01
30/10/2004	005959.000	-11.762	-13.771	+9999	0.311	-4.85
30/10/2004	012959.000	-10.058	-14.027	+9999	0.307	-4.81
30/10/2004	015959.000	-17.943	-17.541	10.041	0.337	-4.64
30/10/2004	022959.000	-16.257	-18.093	+9999	0.323	-4.39
30/10/2004	025959.000	-11.870	-11.962	-0.925	0.251	-4.18
30/10/2004	032959.000	-11.855	-12.055	-3.126	0.230	-4.24
30/10/2004	035959.000	-9.957	-10.355	-7.293	0.187	-4.43
30/10/2004	042959.000	-12.864	-13.943	-19.669	0.239	-5.20
30/10/2004	045959.000	-13.427	-14.061	-11.637	0.184	-5.58
30/10/2004	052959.000	-14.913	-14.988	-1.803	0.196	-5.84
30/10/2004	055959.000	-1.562	-1.573	-0.267	0.048	-5.88
30/10/2004	062959.000	0.095	0.068	-0.342	0.026	-5.36
30/10/2004	065959.000	0.600	0.402	-3.706	0.061	1.23
30/10/2004	072959.000	-1.592	-1.385	3.555	0.088	25.97
30/10/2004	075959.000	12.166	14.097	33.982	0.148	113.73
30/10/2004	082959.000	34.786	39.800	88.976	0.222	216.24
30/10/2004	085959.000	40.870	46.703	102.752	0.231	303.15
30/10/2004	092959.000	63.117	70.028	122.031	0.262	371.77
30/10/2004	095959.000	91.587	98.774	127.227	0.275	418.17
30/10/2004	102959.000	157.678	166.285	152.567	0.294	384.48
30/10/2004	105959.000	188.832	196.569	138.287	0.283	389.68
30/10/2004	112959.000	194.741	201.053	112.571	0.234	403.85
30/10/2004	115959.000	209.066	214.718	101.325	0.250	404.92
30/10/2004	122959.000	214.796	219.972	92.675	0.264	392.77
30/10/2004	125959.000	198.229	203.529	94.047	0.240	373.12
30/10/2004	132959.000	146.912	150.425	62.552	0.154	309.11
30/10/2004	135959.000	51.058	53.048	35.184	0.092	140.61
30/10/2004	142959.000	128.744	132.191	61.291	0.244	255.66
30/10/2004	145959.000	84.844	88.033	56.119	0.266	170.98
30/10/2004	152959.000	3.869	4.634	12.974	0.163	22.79
30/10/2004	155959.000	7.271	8.184	15.328	0.125	28.67
30/10/2004	162959.000	-1.375	-1.242	2.232	0.037	-34.44
30/10/2004	165959.000	-0.438	-0.423	0.315	0.018	-48.53
30/10/2004	172959.000	0.033	0.021	-0.066	0.038	-37.40
30/10/2004	175959.000	-12.195	-12.079	1.695	0.083	-50.98
30/10/2004	182959.000	-3.788	-3.774	0.099	0.068	-43.05
30/10/2004	185959.000	-0.948	-0.943	-0.030	0.028	-56.44
30/10/2004	192959.000	-0.241	-0.237	0.078	0.018	-37.43
30/10/2004	195959.000	-8.352	-8.338	0.028	0.081	-56.20
30/10/2004	202959.000	-11.455	-11.578	-2.277	0.088	-63.22
30/10/2004	205959.000	-0.538	-0.541	-0.249	0.023	-59.66
30/10/2004	212959.000	11.166	11.098	-0.960	0.112	-36.55
30/10/2004	215959.000	-1.579	-1.598	-0.333	0.042	-51.59
30/10/2004	222959.000	-2.370	-2.413	-0.789	0.048	-69.27
30/10/2004	225959.000	-0.564	-0.569	0.009	0.049	-40.65
30/10/2004	232959.000	-0.982	-0.949	0.518	0.056	-30.29
30/10/2004	235959.000	-2.238	-2.246	-0.146	0.055	-55.56
31/10/2004	002959.000	-2.291	-2.319	-0.642	0.067	-36.75
31/10/2004	005959.000	-2.069	-2.084	-0.183	0.056	-30.60
31/10/2004	012959.000	-2.185	-2.199	-0.330	0.051	-18.97
31/10/2004	015959.000	-1.713	-1.718	-0.097	0.054	-25.92
31/10/2004	022959.000	-0.684	-0.658	0.222	0.046	-24.47
31/10/2004	025959.000	-2.516	-2.474	0.727	0.061	-23.68
31/10/2004	032959.000	-1.355	-1.341	0.236	0.043	-25.12
31/10/2004	035959.000	-1.492	-1.378	2.203	0.104	-20.55
31/10/2004	042959.000	-7.863	0.288	143.600	0.046	-19.53
31/10/2004	045959.000	-200.354	-33.905	+9999	0.182	-18.18
31/10/2004	052959.000	-108.623	-26.115	+9999	0.150	-12.08
31/10/2004	055959.000	-48.747	8.397	+9999	0.167	-2.54
31/10/2004	062959.000	48.446	6.971	+9999	0.280	-2.63
31/10/2004	065959.000	65.982	37.695	+9999	0.405	-1.31
31/10/2004	072959.000	14.227	-3.796	+9999	0.505	1.07
31/10/2004	075959.000	71.420	29.784	+9999	0.428	8.35
31/10/2004	082959.000	-20.227	-42.627	+9999	0.192	22.63
31/10/2004	085959.000	-11.870	-23.864	+9999	0.177	63.47
31/10/2004	092959.000	-89.210	-15.486	200.797	0.573	62.56
31/10/2004	095959.000	-12.994	23.240	642.703	0.420	44.88
31/10/2004	102959.000	11.943	5.734	-118.962	0.179	33.22
31/10/2004	105959.000	39.160	16.949	+9999	0.218	66.92
31/10/2004	112959.000	-93.102	-10.908	+9999	0.633	59.52
31/10/2004	115959.000	-86.948	-9.154	+9999	0.579	62.68
31/10/2004	122959.000	-106.150	-43.255	+9999	0.579	69.30
31/10/2004	125959.000	-78.748	-11.143	+9999	0.554	76.45
31/10/2004	132959.000	-21.002	46.515	+9999	0.655	51.57
31/10/2004	135959.000	-27.939	38.533	+9999	0.649	44.43
31/10/2004	142959.000	-94.932	16.882	+9999	1.047	41.56
31/10/2004	145959.000	-101.822	31.374	+9999	1.039	26.35
31/10/2004	152959.000	-206.607	+9999	+9999	1.033	14.78
31/10/2004	155959.000	-210.166	-51.916	+9999	0.798	6.59
31/10/2004	162959.000	-86.954	33.304	+9999	1.034	2.26
31/10/2004	165959.000	-78.826	19.547	+9999	0.911	-1.36
31/10/2004	172959.000	-174.177	-49.561	+9999	0.907	-2.31
31/10/2004	175959.000	-106.326	-2.053	+9999	0.792	-2.51
31/10/2004	182959.000	-140.266	+9999	+9999	0.682	-2.86
31/10/2004	185959.000	-6.089	56.182	+9999	0.575	-2.34
31/10/2004	192959.000	-49.143	27.095	+9999	0.252	-2.16
31/10/2004	195959.000	-36.920	38.646	+9999	0.205	-2.22
31/10/2004	202959.000	-86.204	2.000	+9999	0.232	-2.45
31/10/2004	205959.000	-65.648	2.481	+9999	0.159	-2.72
31/10/2004	212959.000	-69.153	-7.081	+9999	0.149	-3.61
31/10/2004	215959.000	-65.382	0.138	+9999	0.154	-5.34
31/10/2004	222959.000	54.400	-5.520	+9999	0.310	-4.45
31/10/2004	225959.000	96.423	5.691	+9999	0.486	-4.47
31/10/2004	232959.000	126.199	15.953	+9999	0.610	-4.84
31/10/2004	235959.000	82.886	2.383	+9999	0.610	-4.88
