Fichier CAPITOUL-FLX-30MN
MOIS : 2004/06 
PLATFORME = saint-sardos
LATITUDE = 43°53'
LONGITUDE =01°06'
ALTITUDE = 187 m
TYPE = ASCII
DATE_creation_fichier = 07/12/2006
#LISTE DES PARAMETRES#
'DATE'	'HEURE'		'HS_TAIR-flx'	'HS_TSON-flx'	'LE_TAIR-flx'	'USTAR-vit'	'RN-ray'	
#UNITES#
'JJ/MM/AAAA'	'HHMMSS.SSS'	'W/m2'	'W/m2'	'W/m2'	'm/s'	'W/m2'	
#FIN ENTETE#
01/06/2004	002959.000	+9999	+9999	+9999	0.208	+9999
01/06/2004	005959.000	+9999	+9999	+9999	0.178	+9999
01/06/2004	012959.000	+9999	+9999	+9999	0.225	+9999
01/06/2004	015959.000	+9999	+9999	+9999	0.335	+9999
01/06/2004	022959.000	+9999	+9999	+9999	0.285	+9999
01/06/2004	025959.000	+9999	+9999	+9999	0.269	+9999
01/06/2004	032959.000	+9999	+9999	+9999	0.250	+9999
01/06/2004	035959.000	+9999	+9999	+9999	0.332	+9999
01/06/2004	042959.000	+9999	+9999	+9999	0.281	+9999
01/06/2004	045959.000	+9999	+9999	+9999	0.302	+9999
01/06/2004	052959.000	+9999	+9999	+9999	0.286	+9999
01/06/2004	055959.000	+9999	+9999	+9999	0.378	+9999
01/06/2004	062959.000	+9999	+9999	+9999	0.346	+9999
01/06/2004	065959.000	+9999	+9999	+9999	0.371	+9999
01/06/2004	072959.000	+9999	+9999	+9999	0.313	+9999
01/06/2004	075959.000	+9999	+9999	+9999	0.374	+9999
01/06/2004	082959.000	+9999	+9999	+9999	0.455	+9999
01/06/2004	085959.000	+9999	+9999	+9999	0.396	+9999
01/06/2004	092959.000	+9999	+9999	+9999	0.393	+9999
01/06/2004	095959.000	+9999	+9999	+9999	0.344	+9999
01/06/2004	102959.000	+9999	+9999	+9999	0.510	+9999
01/06/2004	105959.000	+9999	+9999	+9999	0.448	+9999
01/06/2004	112959.000	+9999	+9999	+9999	0.476	+9999
01/06/2004	115959.000	+9999	+9999	+9999	0.502	+9999
01/06/2004	122959.000	+9999	+9999	+9999	0.483	+9999
01/06/2004	125959.000	+9999	+9999	+9999	0.524	+9999
01/06/2004	132959.000	+9999	+9999	+9999	0.544	+9999
01/06/2004	135959.000	+9999	+9999	+9999	0.539	+9999
01/06/2004	142959.000	+9999	+9999	+9999	0.574	+9999
01/06/2004	145959.000	+9999	+9999	+9999	0.489	+9999
01/06/2004	152959.000	276.220	23.875	244.035	0.562	177.66
01/06/2004	155959.000	38.009	53.716	202.009	0.643	198.66
01/06/2004	162959.000	21.007	22.314	188.220	0.520	86.78
01/06/2004	165959.000	-15.943	-5.936	+9999	0.385	95.90
01/06/2004	172959.000	-22.651	-10.251	175.337	0.525	67.30
01/06/2004	175959.000	-24.187	-21.374	50.550	0.454	36.20
01/06/2004	182959.000	-31.825	-27.960	71.410	0.565	24.13
01/06/2004	185959.000	-36.302	-33.399	52.437	0.461	1.66
01/06/2004	192959.000	-41.339	-38.939	45.121	0.446	-12.67
01/06/2004	195959.000	-39.487	-30.727	159.091	0.507	-13.30
01/06/2004	202959.000	-31.139	-26.579	82.897	0.471	-11.90
01/06/2004	205959.000	-21.487	-19.328	39.163	0.572	-11.61
01/06/2004	212959.000	-39.362	-34.106	95.209	0.509	-11.61
01/06/2004	215959.000	-42.105	-41.444	13.849	0.487	-11.43
01/06/2004	222959.000	-59.121	-57.209	36.049	0.441	-19.31
01/06/2004	225959.000	-39.993	-38.909	21.557	0.399	-17.38
01/06/2004	232959.000	-42.517	-41.477	19.854	0.435	-14.94
01/06/2004	235959.000	-31.864	-30.070	33.941	0.404	-13.48
02/06/2004	002959.000	-38.356	-37.347	19.395	0.418	-13.06
02/06/2004	005959.000	-20.345	-18.748	29.067	0.370	-14.09
02/06/2004	012959.000	-0.350	1.926	40.641	0.435	-12.50
02/06/2004	015959.000	-6.407	-4.513	34.013	0.329	-14.58
02/06/2004	022959.000	-4.362	-3.002	24.410	0.297	-15.70
02/06/2004	025959.000	-4.993	-3.938	18.562	0.324	-13.73
02/06/2004	032959.000	-0.141	1.277	25.460	0.274	-12.96
02/06/2004	035959.000	-7.285	-6.000	23.578	0.322	-19.20
02/06/2004	042959.000	-8.821	-7.042	32.510	0.352	-15.05
02/06/2004	045959.000	-11.199	-9.625	28.061	0.299	-3.67
02/06/2004	052959.000	-2.875	-1.730	21.952	0.306	12.93
02/06/2004	055959.000	9.316	12.024	47.732	0.300	42.08
02/06/2004	062959.000	13.519	16.569	53.025	0.307	63.75
02/06/2004	065959.000	10.014	13.491	61.497	0.327	84.20
02/06/2004	072959.000	14.337	18.369	70.826	0.379	181.95
02/06/2004	075959.000	38.655	44.551	102.329	0.347	176.50
02/06/2004	082959.000	41.947	47.680	98.758	0.346	162.38
02/06/2004	085959.000	51.792	60.554	151.865	0.368	257.49
02/06/2004	092959.000	26.916	37.102	176.984	0.458	242.50
02/06/2004	095959.000	20.736	31.500	188.250	0.448	260.91
02/06/2004	102959.000	64.672	78.584	240.873	0.395	374.82
02/06/2004	105959.000	97.297	117.895	+9999	0.429	421.34
02/06/2004	112959.000	44.295	56.388	209.213	0.408	306.87
02/06/2004	115959.000	11.846	19.658	135.532	0.427	154.41
02/06/2004	122959.000	97.095	116.814	+9999	0.428	602.30
02/06/2004	125959.000	102.230	123.186	+9999	0.364	686.17
02/06/2004	132959.000	49.553	65.153	268.367	0.409	375.33
02/06/2004	135959.000	53.132	68.716	267.268	0.375	422.43
02/06/2004	142959.000	126.757	148.425	+9999	0.414	527.36
02/06/2004	145959.000	+9999	+9999	+9999	0.388	+9999
02/06/2004	152959.000	+9999	+9999	+9999	0.433	+9999
02/06/2004	155959.000	+9999	+9999	+9999	0.378	+9999
02/06/2004	162959.000	+9999	+9999	+9999	0.426	+9999
02/06/2004	165959.000	+9999	+9999	+9999	0.361	+9999
02/06/2004	172959.000	+9999	+9999	+9999	0.359	+9999
02/06/2004	175959.000	+9999	+9999	+9999	0.332	+9999
02/06/2004	182959.000	+9999	+9999	+9999	0.281	+9999
02/06/2004	185959.000	+9999	+9999	+9999	0.205	+9999
02/06/2004	192959.000	+9999	+9999	+9999	0.198	+9999
02/06/2004	195959.000	+9999	+9999	+9999	0.187	+9999
02/06/2004	202959.000	+9999	+9999	+9999	0.220	+9999
02/06/2004	205959.000	+9999	+9999	+9999	0.259	+9999
02/06/2004	212959.000	+9999	+9999	+9999	0.267	+9999
02/06/2004	215959.000	+9999	+9999	+9999	0.263	+9999
02/06/2004	222959.000	+9999	+9999	+9999	0.305	+9999
02/06/2004	225959.000	+9999	+9999	+9999	0.316	+9999
02/06/2004	232959.000	+9999	+9999	+9999	0.314	+9999
02/06/2004	235959.000	+9999	+9999	+9999	0.280	+9999
03/06/2004	002959.000	+9999	+9999	+9999	0.239	+9999
03/06/2004	005959.000	+9999	+9999	+9999	0.265	+9999
03/06/2004	012959.000	+9999	+9999	+9999	0.230	+9999
03/06/2004	015959.000	+9999	+9999	+9999	0.209	+9999
03/06/2004	022959.000	+9999	+9999	+9999	0.252	+9999
03/06/2004	025959.000	+9999	+9999	+9999	0.250	+9999
03/06/2004	032959.000	+9999	+9999	+9999	0.251	+9999
03/06/2004	035959.000	+9999	+9999	+9999	0.258	+9999
03/06/2004	042959.000	+9999	+9999	+9999	0.290	+9999
03/06/2004	045959.000	+9999	+9999	+9999	0.253	+9999
03/06/2004	052959.000	+9999	+9999	+9999	0.294	+9999
03/06/2004	055959.000	+9999	+9999	+9999	0.314	+9999
03/06/2004	062959.000	+9999	+9999	+9999	0.306	+9999
03/06/2004	065959.000	+9999	+9999	+9999	0.291	+9999
03/06/2004	072959.000	+9999	+9999	+9999	0.351	+9999
03/06/2004	075959.000	+9999	+9999	+9999	0.304	+9999
03/06/2004	082959.000	+9999	+9999	+9999	0.306	+9999
03/06/2004	085959.000	+9999	+9999	+9999	0.313	+9999
03/06/2004	092959.000	+9999	+9999	+9999	0.384	+9999
03/06/2004	095959.000	+9999	+9999	+9999	0.427	+9999
03/06/2004	102959.000	+9999	+9999	+9999	0.387	+9999
03/06/2004	105959.000	+9999	+9999	+9999	0.335	+9999
03/06/2004	112959.000	+9999	176.217	+9999	0.457	524.91
03/06/2004	115959.000	215.775	238.423	+9999	0.352	533.40
03/06/2004	122959.000	192.974	211.143	308.890	0.408	474.37
03/06/2004	125959.000	211.226	229.685	313.303	0.301	645.33
03/06/2004	132959.000	174.313	188.956	248.071	0.367	437.57
03/06/2004	135959.000	216.282	235.168	+9999	0.394	482.68
03/06/2004	142959.000	151.864	164.916	221.039	0.353	394.20
03/06/2004	145959.000	136.534	149.865	225.487	0.331	311.63
03/06/2004	152959.000	65.522	73.431	135.093	0.386	195.35
03/06/2004	155959.000	60.785	67.181	108.325	0.334	163.01
03/06/2004	162959.000	22.051	27.988	101.191	0.287	92.55
03/06/2004	165959.000	35.883	41.921	101.822	0.247	133.79
03/06/2004	172959.000	22.081	28.448	109.387	0.292	95.20
03/06/2004	175959.000	30.136	36.300	104.905	0.277	73.95
03/06/2004	182959.000	4.726	8.609	66.629	0.233	5.86
03/06/2004	185959.000	-19.215	-16.811	40.908	0.224	-56.32
03/06/2004	192959.000	-34.138	-33.222	16.453	0.169	-80.99
03/06/2004	195959.000	-12.575	-12.394	3.444	0.099	-85.52
03/06/2004	202959.000	-3.757	-3.706	0.965	0.058	-83.18
03/06/2004	205959.000	-11.813	-11.641	3.301	0.114	-82.49
03/06/2004	212959.000	-12.210	-11.911	5.594	0.135	-82.56
03/06/2004	215959.000	-0.425	-0.353	1.345	0.080	-81.74
03/06/2004	222959.000	-0.318	-0.267	0.897	0.038	-81.25
03/06/2004	225959.000	0.102	0.114	0.176	0.014	-80.50
03/06/2004	232959.000	-1.540	-1.527	0.288	0.061	-81.61
03/06/2004	235959.000	-2.544	-2.459	1.591	0.059	-81.31
04/06/2004	002959.000	-4.311	-4.290	0.565	0.055	-80.78
04/06/2004	005959.000	-5.786	-5.737	1.060	0.061	-80.42
04/06/2004	012959.000	-1.423	-1.399	0.344	0.013	-80.12
04/06/2004	015959.000	-4.011	-3.993	0.415	0.039	-79.68
04/06/2004	022959.000	-1.666	-1.674	-0.006	0.017	-79.33
04/06/2004	025959.000	-2.386	-2.376	0.183	0.041	-79.41
04/06/2004	032959.000	-5.274	-5.257	0.465	0.067	-79.14
04/06/2004	035959.000	-4.247	-4.216	0.593	0.061	-78.48
04/06/2004	042959.000	-1.131	-1.141	-0.185	0.036	-74.47
04/06/2004	045959.000	-2.964	-2.961	0.130	0.052	-58.19
04/06/2004	052959.000	-5.473	-5.094	6.996	0.091	-21.63
04/06/2004	055959.000	-6.707	-5.232	26.469	0.138	33.20
04/06/2004	062959.000	10.358	13.148	49.225	0.156	112.15
04/06/2004	065959.000	34.721	39.310	79.327	0.150	175.40
04/06/2004	072959.000	81.413	88.371	119.283	0.231	244.23
04/06/2004	075959.000	119.920	129.224	159.670	0.268	311.83
04/06/2004	082959.000	156.782	167.515	182.298	0.344	377.38
04/06/2004	085959.000	131.750	141.066	158.048	0.341	412.31
04/06/2004	092959.000	182.839	195.978	222.634	0.364	492.23
04/06/2004	095959.000	212.342	226.879	247.123	0.318	511.23
04/06/2004	102959.000	200.243	214.644	242.958	0.397	542.69
04/06/2004	105959.000	167.539	178.324	181.270	0.312	530.99
04/06/2004	112959.000	222.157	238.873	280.724	0.313	509.76
04/06/2004	115959.000	220.824	235.914	252.311	0.293	561.28
04/06/2004	122959.000	191.794	203.318	191.391	0.267	601.08
04/06/2004	125959.000	265.743	285.353	+9999	0.464	578.60
04/06/2004	132959.000	241.393	258.002	276.121	0.338	532.89
04/06/2004	135959.000	194.316	209.910	259.904	0.253	478.30
04/06/2004	142959.000	157.446	168.597	185.831	0.313	420.63
04/06/2004	145959.000	184.077	198.434	239.360	0.371	426.32
04/06/2004	152959.000	135.006	145.521	174.869	0.356	307.38
04/06/2004	155959.000	108.920	117.894	149.447	0.336	279.89
04/06/2004	162959.000	66.953	75.597	144.552	0.238	207.22
04/06/2004	165959.000	51.202	58.358	120.405	0.298	171.70
04/06/2004	172959.000	21.757	28.618	115.911	0.349	95.99
04/06/2004	175959.000	-7.568	-3.856	63.098	0.284	-2.13
04/06/2004	182959.000	-10.397	-7.956	41.819	0.201	-19.46
04/06/2004	185959.000	-13.558	-12.659	15.935	0.126	-43.47
04/06/2004	192959.000	-11.794	-11.282	9.134	0.100	-66.20
04/06/2004	195959.000	-4.051	-4.000	1.262	0.054	-73.48
04/06/2004	202959.000	-10.287	-10.134	2.837	0.099	-73.15
04/06/2004	205959.000	-13.450	-13.237	4.206	0.096	-73.80
04/06/2004	212959.000	-10.928	-10.897	1.160	0.098	-71.90
04/06/2004	215959.000	-13.118	-13.018	2.276	0.115	-68.98
04/06/2004	222959.000	-11.618	-11.526	2.010	0.110	-66.21
04/06/2004	225959.000	-6.510	-6.375	2.527	0.084	-68.24
04/06/2004	232959.000	-10.485	-10.155	6.201	0.085	-69.45
04/06/2004	235959.000	-7.731	-7.725	0.544	0.083	-68.23
05/06/2004	002959.000	-3.741	-3.699	0.982	0.066	-67.32
05/06/2004	005959.000	-2.026	-1.984	0.831	0.050	-65.86
05/06/2004	012959.000	-3.767	-3.765	0.285	0.060	-65.82
05/06/2004	015959.000	-2.500	-2.499	-0.008	0.049	-66.46
05/06/2004	022959.000	-5.948	-5.922	0.556	0.082	-67.42
05/06/2004	025959.000	-5.099	-5.104	0.084	0.077	-68.09
05/06/2004	032959.000	-3.927	-3.912	0.379	0.064	-68.78
05/06/2004	035959.000	-6.056	-5.963	1.816	0.079	-68.29
05/06/2004	042959.000	-3.305	-3.305	-0.039	0.074	-62.98
05/06/2004	045959.000	-3.157	-3.150	0.156	0.053	-45.90
05/06/2004	052959.000	-1.311	-0.539	13.411	0.089	47.71
05/06/2004	055959.000	11.843	15.094	56.208	0.155	113.41
05/06/2004	062959.000	10.434	12.925	42.861	0.168	85.62
05/06/2004	065959.000	18.379	22.874	77.319	0.274	113.33
05/06/2004	072959.000	46.438	51.431	84.178	0.226	225.37
05/06/2004	075959.000	66.059	73.603	127.381	0.222	300.83
05/06/2004	082959.000	67.688	74.890	121.386	0.204	365.11
05/06/2004	085959.000	100.999	110.726	163.753	0.205	390.40
05/06/2004	092959.000	137.992	147.034	148.509	0.227	461.03
05/06/2004	095959.000	127.599	137.565	166.673	0.307	390.65
05/06/2004	102959.000	164.730	176.783	199.641	0.326	479.21
05/06/2004	105959.000	184.260	196.218	196.052	0.205	558.21
05/06/2004	112959.000	234.220	247.609	218.677	0.360	599.94
05/06/2004	115959.000	187.833	198.891	180.390	0.276	530.75
05/06/2004	122959.000	232.200	246.567	234.566	0.390	535.76
05/06/2004	125959.000	151.484	163.757	202.195	0.327	400.52
05/06/2004	132959.000	207.958	220.766	208.652	0.380	508.81
05/06/2004	135959.000	180.207	192.212	196.562	0.230	468.38
05/06/2004	142959.000	212.846	229.102	266.412	0.369	435.75
05/06/2004	145959.000	157.941	168.717	176.417	0.406	393.15
05/06/2004	152959.000	134.630	145.304	174.681	0.288	308.55
05/06/2004	155959.000	53.374	61.675	139.007	0.308	183.44
05/06/2004	162959.000	74.849	82.183	121.390	0.294	139.39
05/06/2004	165959.000	44.801	52.546	129.796	0.306	166.05
05/06/2004	172959.000	54.597	62.700	134.705	0.345	173.51
05/06/2004	175959.000	14.257	20.363	103.897	0.294	58.57
05/06/2004	182959.000	-5.019	-1.288	63.641	0.261	-14.61
05/06/2004	185959.000	-10.254	-8.822	24.799	0.137	-54.33
05/06/2004	192959.000	-5.856	-5.529	5.830	0.080	-76.19
05/06/2004	195959.000	-0.943	-0.905	0.701	0.043	-78.52
05/06/2004	202959.000	-0.682	-0.636	0.855	0.035	-76.46
05/06/2004	205959.000	-1.357	-1.368	-0.109	0.042	-74.11
05/06/2004	212959.000	-1.162	-1.146	0.236	0.032	-71.54
05/06/2004	215959.000	-1.295	-1.267	0.474	0.027	-71.11
05/06/2004	222959.000	-1.048	-1.070	-0.421	0.034	-71.61
05/06/2004	225959.000	-10.041	-10.077	-0.156	0.077	-72.76
05/06/2004	232959.000	-6.832	-6.790	0.972	0.062	-73.69
05/06/2004	235959.000	-7.179	-7.259	-1.029	0.070	-73.84
06/06/2004	002959.000	-14.175	-14.570	-6.083	0.104	-75.07
06/06/2004	005959.000	-14.330	-14.339	0.436	0.093	-75.14
06/06/2004	012959.000	-9.833	-9.780	1.441	0.093	-75.34
06/06/2004	015959.000	-1.458	-1.525	-1.184	0.045	-75.46
06/06/2004	022959.000	-2.147	-2.155	0.007	0.063	-75.10
06/06/2004	025959.000	-3.072	-3.112	-0.583	0.051	-74.18
06/06/2004	032959.000	-2.896	-2.923	-0.362	0.029	-72.89
06/06/2004	035959.000	-0.679	-0.683	0.155	0.036	-74.00
06/06/2004	042959.000	-0.849	-0.832	0.170	0.027	-70.54
06/06/2004	045959.000	-0.749	-0.748	0.137	0.036	-54.71
06/06/2004	052959.000	-1.724	-1.590	2.248	0.038	-17.88
06/06/2004	055959.000	1.622	3.686	35.822	0.119	39.99
06/06/2004	062959.000	20.246	22.708	42.090	0.149	113.77
06/06/2004	065959.000	28.638	31.612	50.611	0.063	181.25
06/06/2004	072959.000	57.272	61.012	61.681	0.145	241.10
06/06/2004	075959.000	101.721	110.480	147.424	0.143	310.10
06/06/2004	082959.000	125.223	133.371	136.244	0.186	368.93
06/06/2004	085959.000	150.919	161.649	178.971	0.159	423.51
06/06/2004	092959.000	145.248	154.216	148.047	0.198	472.56
06/06/2004	095959.000	167.593	178.746	184.071	0.146	519.47
06/06/2004	102959.000	181.309	192.478	182.858	0.208	491.16
06/06/2004	105959.000	209.339	223.448	232.801	0.287	568.58
06/06/2004	112959.000	174.965	184.591	157.373	0.175	576.79
06/06/2004	115959.000	183.544	195.576	198.670	0.223	575.27
06/06/2004	122959.000	205.988	219.188	217.642	0.200	575.56
06/06/2004	125959.000	195.456	206.705	183.901	0.212	560.60
06/06/2004	132959.000	223.291	237.488	231.526	0.324	538.57
06/06/2004	135959.000	197.911	211.402	221.316	0.200	506.49
06/06/2004	142959.000	170.358	183.663	217.721	0.119	466.22
06/06/2004	145959.000	166.760	180.322	222.867	0.155	419.09
06/06/2004	152959.000	142.607	154.462	194.674	0.252	352.07
06/06/2004	155959.000	124.277	137.359	215.499	0.198	301.89
06/06/2004	162959.000	72.296	82.171	163.212	0.209	238.73
06/06/2004	165959.000	59.831	69.080	153.366	0.204	175.27
06/06/2004	172959.000	27.144	34.980	129.728	0.180	109.98
06/06/2004	175959.000	-0.394	5.486	98.784	0.143	33.68
06/06/2004	182959.000	-5.856	-4.230	27.348	0.080	-42.29
06/06/2004	185959.000	-0.879	-0.854	0.380	0.029	-65.05
06/06/2004	192959.000	-0.254	-0.248	0.263	0.023	-83.42
06/06/2004	195959.000	-0.537	-0.501	0.658	0.021	-89.89
06/06/2004	202959.000	-1.861	-1.818	0.729	0.044	-86.72
06/06/2004	205959.000	-4.163	-4.099	1.143	0.062	-83.42
06/06/2004	212959.000	-32.217	-30.924	23.407	0.219	-88.07
06/06/2004	215959.000	-40.625	-38.225	42.471	0.321	-90.07
06/06/2004	222959.000	-31.102	-29.475	28.739	0.276	-89.19
06/06/2004	225959.000	-12.164	-11.793	6.768	0.139	-87.00
06/06/2004	232959.000	-18.060	-17.222	14.945	0.158	-85.49
06/06/2004	235959.000	-14.512	-14.353	3.113	0.116	-84.25
07/06/2004	002959.000	-29.745	-29.338	7.875	0.168	-83.83
07/06/2004	005959.000	-42.100	-41.484	11.884	0.223	-83.54
07/06/2004	012959.000	+9999	-59.888	21.223	0.223	-82.44
07/06/2004	015959.000	+9999	-59.722	21.468	0.275	-81.29
07/06/2004	022959.000	-29.873	-29.671	4.316	0.204	-77.56
07/06/2004	025959.000	-25.076	-24.878	4.246	0.190	-75.77
07/06/2004	032959.000	-16.303	-16.256	1.373	0.137	-73.03
07/06/2004	035959.000	-11.249	-11.244	0.432	0.120	-68.90
07/06/2004	042959.000	-55.283	-55.372	0.373	0.228	-61.71
07/06/2004	045959.000	-44.924	-44.354	11.532	0.205	-50.07
07/06/2004	052959.000	-23.266	-22.564	13.116	0.175	-32.86
07/06/2004	055959.000	-7.469	-5.955	26.750	0.203	23.13
07/06/2004	062959.000	12.999	16.002	51.815	0.248	80.93
07/06/2004	065959.000	35.584	40.429	82.854	0.285	147.76
07/06/2004	072959.000	36.426	40.565	69.836	0.305	181.56
07/06/2004	075959.000	60.047	66.554	110.656	0.352	271.14
07/06/2004	082959.000	83.392	91.359	133.689	0.421	325.11
07/06/2004	085959.000	125.819	136.359	175.711	0.394	385.58
07/06/2004	092959.000	121.560	131.101	157.964	0.598	392.21
07/06/2004	095959.000	142.407	154.495	200.205	0.616	450.82
07/06/2004	102959.000	179.615	194.123	239.701	0.629	530.66
07/06/2004	105959.000	202.582	218.417	260.947	0.615	537.41
07/06/2004	112959.000	183.896	197.397	221.251	0.563	528.23
07/06/2004	115959.000	215.398	231.887	269.687	0.548	593.11
07/06/2004	122959.000	174.562	187.115	204.650	0.580	586.64
07/06/2004	125959.000	157.824	169.634	192.766	0.516	574.11
07/06/2004	132959.000	190.862	207.456	271.393	0.538	548.54
07/06/2004	135959.000	181.203	196.991	258.405	0.534	515.64
07/06/2004	142959.000	160.073	173.497	219.625	0.546	474.57
07/06/2004	145959.000	127.110	139.677	206.664	0.451	427.47
07/06/2004	152959.000	144.435	158.073	223.419	0.593	369.22
07/06/2004	155959.000	78.518	89.093	174.641	0.472	265.77
07/06/2004	162959.000	53.675	63.181	157.836	0.473	187.28
07/06/2004	165959.000	35.441	42.454	117.292	0.447	164.84
07/06/2004	172959.000	9.675	14.619	82.465	0.479	76.52
07/06/2004	175959.000	-1.978	2.917	81.903	0.425	12.35
07/06/2004	182959.000	-6.148	-2.468	62.929	0.411	-19.82
07/06/2004	185959.000	-17.704	-15.027	45.571	0.392	-53.65
07/06/2004	192959.000	-22.014	-20.540	25.611	0.338	-84.59
07/06/2004	195959.000	-33.511	-32.380	20.046	0.276	-88.91
07/06/2004	202959.000	-29.251	-28.600	11.867	0.227	-83.81
07/06/2004	205959.000	-18.977	-18.223	13.456	0.218	-77.86
07/06/2004	212959.000	-22.846	-22.164	12.344	0.218	-76.25
07/06/2004	215959.000	-31.490	-30.293	21.670	0.272	-74.88
07/06/2004	222959.000	-33.948	-32.807	20.736	0.280	-70.02
07/06/2004	225959.000	-16.784	-16.163	11.118	0.167	-67.68
07/06/2004	232959.000	-21.450	-20.920	9.718	0.185	-66.29
07/06/2004	235959.000	-24.657	-23.857	14.228	0.245	-63.13
08/06/2004	002959.000	-13.681	-12.929	13.109	0.155	-63.90
08/06/2004	005959.000	-18.808	-18.164	11.552	0.213	-76.14
08/06/2004	012959.000	-14.205	-13.960	4.799	0.174	-84.94
08/06/2004	015959.000	-14.396	-14.207	3.737	0.167	-85.56
08/06/2004	022959.000	-13.005	-12.889	2.339	0.166	-85.15
08/06/2004	025959.000	-15.499	-15.300	3.847	0.175	-84.49
08/06/2004	032959.000	-9.457	-9.389	1.544	0.127	-83.80
08/06/2004	035959.000	-7.014	-7.040	-0.452	0.105	-81.71
08/06/2004	042959.000	-7.998	-8.026	-0.180	0.121	-75.65
08/06/2004	045959.000	-14.178	-14.111	1.599	0.187	-57.79
08/06/2004	052959.000	-3.293	-2.733	10.327	0.239	-21.19
08/06/2004	055959.000	11.722	13.289	26.692	0.301	29.15
08/06/2004	062959.000	44.426	48.061	61.646	0.393	108.49
08/06/2004	065959.000	76.652	81.442	80.332	0.466	179.28
08/06/2004	072959.000	104.565	111.226	111.262	0.489	233.72
08/06/2004	075959.000	114.771	121.677	114.996	0.472	299.16
08/06/2004	082959.000	107.510	114.713	119.463	0.411	359.75
08/06/2004	085959.000	126.607	135.437	146.087	0.418	414.91
08/06/2004	092959.000	162.863	173.077	167.754	0.415	462.65
08/06/2004	095959.000	202.792	214.467	190.005	0.408	502.32
08/06/2004	102959.000	212.609	227.406	241.785	0.394	534.21
08/06/2004	105959.000	213.770	228.472	239.901	0.370	554.65
08/06/2004	112959.000	246.944	264.875	292.371	0.469	569.82
08/06/2004	115959.000	191.111	206.603	253.105	0.324	572.55
08/06/2004	122959.000	171.549	185.211	222.387	0.363	568.20
08/06/2004	125959.000	152.344	167.420	247.624	0.359	554.96
08/06/2004	132959.000	156.570	169.352	208.219	0.418	527.60
08/06/2004	135959.000	153.378	168.107	240.427	0.362	500.96
08/06/2004	142959.000	115.023	129.791	243.320	0.339	463.34
08/06/2004	145959.000	84.264	95.747	189.694	0.236	410.91
08/06/2004	152959.000	129.798	142.951	215.106	0.333	351.12
08/06/2004	155959.000	101.492	115.240	225.491	0.284	297.57
08/06/2004	162959.000	83.293	96.388	215.672	0.395	236.33
08/06/2004	165959.000	29.179	36.442	120.311	0.369	160.18
08/06/2004	172959.000	12.545	20.537	132.918	0.383	100.62
08/06/2004	175959.000	-6.214	-0.041	103.513	0.368	42.77
08/06/2004	182959.000	-17.732	-12.904	81.378	0.382	-14.57
08/06/2004	185959.000	-26.371	-24.276	36.500	0.269	-61.36
08/06/2004	192959.000	-16.359	-15.898	8.566	0.139	-83.36
08/06/2004	195959.000	-16.852	-16.256	10.897	0.137	-88.18
08/06/2004	202959.000	-21.897	-20.971	16.659	0.231	-87.16
08/06/2004	205959.000	-23.093	-22.117	17.399	0.209	-84.34
08/06/2004	212959.000	-39.535	-37.148	41.933	0.375	-82.57
08/06/2004	215959.000	-26.769	-25.041	30.613	0.305	-81.32
08/06/2004	222959.000	-30.423	-28.453	34.485	0.330	-79.91
08/06/2004	225959.000	-35.026	-33.240	31.612	0.313	-78.08
08/06/2004	232959.000	-33.159	-31.232	34.247	0.318	-77.34
08/06/2004	235959.000	-32.785	-31.067	30.677	0.311	-76.23
09/06/2004	002959.000	-16.891	-16.168	12.856	0.168	-73.65
09/06/2004	005959.000	-31.520	-30.297	21.998	0.271	-71.24
09/06/2004	012959.000	-17.378	-16.700	12.153	0.194	-70.02
09/06/2004	015959.000	-26.395	-25.214	21.149	0.214	-68.89
09/06/2004	022959.000	-16.132	-15.508	11.386	0.182	-64.08
09/06/2004	025959.000	-8.633	-8.304	6.084	0.147	-56.69
09/06/2004	032959.000	-5.564	-5.347	3.995	0.094	-59.33
09/06/2004	035959.000	-12.392	-11.996	7.280	0.155	-65.91
09/06/2004	042959.000	-8.028	-7.812	4.108	0.107	-60.05
09/06/2004	045959.000	-14.575	-13.632	17.026	0.193	-32.56
09/06/2004	052959.000	5.415	7.642	38.903	0.226	46.36
09/06/2004	055959.000	31.878	35.822	67.996	0.258	109.57
09/06/2004	062959.000	22.230	26.197	68.234	0.275	106.78
09/06/2004	065959.000	39.961	45.858	100.863	0.326	203.60
09/06/2004	072959.000	33.920	38.806	82.829	0.321	147.70
09/06/2004	075959.000	76.460	83.415	117.158	0.380	289.62
09/06/2004	082959.000	99.045	107.793	146.957	0.381	346.25
09/06/2004	085959.000	153.049	165.296	203.730	0.419	401.21
09/06/2004	092959.000	134.156	144.236	166.761	0.382	455.51
09/06/2004	095959.000	186.232	201.266	248.553	0.378	490.71
09/06/2004	102959.000	172.805	186.028	217.562	0.380	521.74
09/06/2004	105959.000	166.881	181.711	244.048	0.335	544.90
09/06/2004	112959.000	195.313	211.205	260.812	0.398	556.15
09/06/2004	115959.000	174.443	188.776	234.324	0.464	558.73
09/06/2004	122959.000	168.308	183.252	243.583	0.359	553.75
09/06/2004	125959.000	131.575	142.345	174.961	0.312	540.90
09/06/2004	132959.000	131.243	143.960	207.640	0.356	520.72
09/06/2004	135959.000	156.880	174.033	280.377	0.398	489.83
09/06/2004	142959.000	135.570	149.393	225.080	0.257	449.00
09/06/2004	145959.000	122.605	135.462	209.332	0.281	403.00
09/06/2004	152959.000	98.466	110.256	191.793	0.217	342.08
09/06/2004	155959.000	82.831	95.456	206.045	0.194	292.11
09/06/2004	162959.000	50.436	58.551	132.749	0.196	229.57
09/06/2004	165959.000	38.423	49.006	173.788	0.311	168.55
09/06/2004	172959.000	21.906	32.329	172.135	0.493	102.25
09/06/2004	175959.000	-2.069	5.317	122.232	0.385	36.31
09/06/2004	182959.000	-11.324	-8.397	48.593	0.198	-28.30
09/06/2004	185959.000	-11.059	-9.621	23.922	0.154	-69.96
09/06/2004	192959.000	-18.496	-17.759	12.582	0.166	-90.85
09/06/2004	195959.000	-35.051	-33.811	21.432	0.229	-96.64
09/06/2004	202959.000	-37.102	-34.592	43.042	0.316	-95.05
09/06/2004	205959.000	-44.327	-41.423	49.660	0.409	-92.70
09/06/2004	212959.000	-38.247	-35.800	41.746	0.391	-89.80
09/06/2004	215959.000	-29.329	-28.151	20.359	0.267	-87.67
09/06/2004	222959.000	-21.611	-21.002	10.679	0.196	-85.23
09/06/2004	225959.000	-26.143	-25.737	7.345	0.219	-83.41
09/06/2004	232959.000	-15.875	-15.634	4.389	0.152	-82.46
09/06/2004	235959.000	-13.618	-13.459	3.044	0.124	-79.72
10/06/2004	002959.000	-16.787	-16.664	2.511	0.144	-78.16
10/06/2004	005959.000	-15.560	-15.367	3.655	0.125	-78.34
10/06/2004	012959.000	-8.952	-8.878	1.517	0.076	-77.68
10/06/2004	015959.000	-14.836	-14.630	4.084	0.130	-77.09
10/06/2004	022959.000	-25.514	-25.202	6.006	0.190	-77.26
10/06/2004	025959.000	-16.972	-16.690	5.354	0.156	-77.05
10/06/2004	032959.000	-15.144	-14.792	6.478	0.157	-76.72
10/06/2004	035959.000	-21.576	-20.968	11.026	0.226	-76.60
10/06/2004	042959.000	-15.761	-15.273	8.871	0.196	-71.74
10/06/2004	045959.000	-5.427	-5.223	3.711	0.118	-51.74
10/06/2004	052959.000	-2.442	-1.779	11.458	0.111	-14.52
10/06/2004	055959.000	10.647	12.833	37.483	0.223	36.08
10/06/2004	062959.000	27.580	31.441	66.405	0.278	108.17
10/06/2004	065959.000	47.678	54.189	111.268	0.449	176.99
10/06/2004	072959.000	55.764	60.971	88.401	0.471	219.87
10/06/2004	075959.000	85.675	93.289	128.384	0.487	286.56
10/06/2004	082959.000	88.438	94.962	108.841	0.372	348.37
10/06/2004	085959.000	108.851	117.229	139.038	0.443	392.12
10/06/2004	092959.000	180.087	193.195	215.763	0.402	446.61
10/06/2004	095959.000	142.316	152.365	164.255	0.336	479.36
10/06/2004	102959.000	186.942	199.872	210.747	0.267	505.47
10/06/2004	105959.000	173.172	186.511	217.779	0.233	515.54
10/06/2004	112959.000	180.874	193.788	209.439	0.176	542.74
10/06/2004	115959.000	197.835	211.440	220.074	0.062	541.28
10/06/2004	122959.000	212.271	226.437	226.946	0.265	523.52
10/06/2004	125959.000	193.201	205.645	198.287	0.193	519.53
10/06/2004	132959.000	172.677	183.314	169.284	0.264	507.97
10/06/2004	135959.000	173.832	184.415	168.574	0.223	466.88
10/06/2004	142959.000	125.847	134.025	130.002	0.163	387.27
10/06/2004	145959.000	148.423	158.636	162.371	0.219	383.35
10/06/2004	152959.000	139.946	149.064	144.760	0.172	326.86
10/06/2004	155959.000	65.572	72.529	112.541	0.120	257.82
10/06/2004	162959.000	94.641	102.056	117.839	0.221	219.12
10/06/2004	165959.000	87.744	95.138	119.679	0.205	186.47
10/06/2004	172959.000	37.931	42.211	69.862	0.196	67.68
10/06/2004	175959.000	11.709	17.079	89.435	0.112	14.52
10/06/2004	182959.000	-1.935	-0.332	26.878	0.088	8.67
10/06/2004	185959.000	-3.286	-2.111	20.540	0.095	-13.73
10/06/2004	192959.000	-1.404	-1.184	4.126	0.034	-47.67
10/06/2004	195959.000	-8.136	-7.188	16.931	0.074	-50.60
10/06/2004	202959.000	-21.592	-21.414	5.069	0.230	-54.40
10/06/2004	205959.000	-12.335	-12.367	0.454	0.096	-62.98
10/06/2004	212959.000	-4.200	-4.268	-0.862	0.064	-61.35
10/06/2004	215959.000	-1.223	-1.214	0.300	0.050	-58.63
10/06/2004	222959.000	-2.164	-2.101	1.276	0.044	-56.00
10/06/2004	225959.000	-3.947	-4.107	-2.455	0.077	-49.25
10/06/2004	232959.000	-9.424	-9.347	2.161	0.119	-48.30
10/06/2004	235959.000	-12.493	-12.459	1.783	0.133	-54.28
11/06/2004	002959.000	-19.353	-19.189	4.881	0.246	-42.79
11/06/2004	005959.000	-10.786	-10.369	8.022	0.267	-34.32
11/06/2004	012959.000	-5.139	-4.474	12.090	0.242	-40.43
11/06/2004	015959.000	-6.572	-6.135	8.791	0.295	-49.27
11/06/2004	022959.000	-9.813	-9.083	13.491	0.404	-45.79
11/06/2004	025959.000	1.324	3.555	39.642	0.516	-29.40
11/06/2004	032959.000	-11.335	-10.099	23.138	0.499	-24.58
11/06/2004	035959.000	-10.152	-9.502	11.973	0.368	-27.52
11/06/2004	042959.000	-1.068	-0.077	18.156	0.320	-17.25
11/06/2004	045959.000	4.209	4.267	0.897	0.082	-19.86
11/06/2004	052959.000	15.539	14.935	-11.146	0.149	-12.31
11/06/2004	055959.000	7.820	12.317	80.478	0.208	-7.73
11/06/2004	062959.000	7.969	8.221	-18.806	0.193	28.34
11/06/2004	065959.000	+9999	6.622	+9999	0.260	68.96
11/06/2004	072959.000	8.501	32.186	+9999	0.164	117.57
11/06/2004	075959.000	53.075	60.303	149.046	0.136	301.24
11/06/2004	082959.000	51.118	57.989	116.706	0.242	169.97
11/06/2004	085959.000	106.187	115.431	152.621	0.265	434.74
11/06/2004	092959.000	138.274	153.267	250.592	0.243	378.15
11/06/2004	095959.000	167.241	180.826	221.795	0.237	391.77
11/06/2004	102959.000	168.086	183.991	261.952	0.183	527.25
11/06/2004	105959.000	189.737	202.386	202.498	0.236	543.89
11/06/2004	112959.000	185.835	199.431	219.032	0.174	549.00
11/06/2004	115959.000	199.284	211.075	185.030	0.146	571.24
11/06/2004	122959.000	190.088	200.626	164.793	0.275	400.30
11/06/2004	125959.000	171.162	185.534	231.552	0.118	466.21
11/06/2004	132959.000	187.253	200.886	217.910	0.148	539.59
11/06/2004	135959.000	158.753	170.135	181.581	0.324	473.51
11/06/2004	142959.000	217.148	231.490	226.471	0.320	423.57
11/06/2004	145959.000	113.341	125.824	203.883	0.295	246.95
11/06/2004	152959.000	127.079	138.441	183.166	0.281	305.84
11/06/2004	155959.000	106.121	116.403	166.348	0.139	305.78
11/06/2004	162959.000	121.723	134.683	211.335	0.247	230.92
11/06/2004	165959.000	71.708	78.202	104.329	0.298	171.48
11/06/2004	172959.000	55.733	65.461	161.463	0.288	103.86
11/06/2004	175959.000	13.989	19.492	93.854	0.242	26.42
11/06/2004	182959.000	-3.847	-1.122	45.557	0.243	-17.51
11/06/2004	185959.000	-16.962	-14.974	35.777	0.180	-32.52
11/06/2004	192959.000	-8.026	-7.173	15.288	0.099	-54.56
11/06/2004	195959.000	-7.007	-6.706	5.851	0.079	-49.31
11/06/2004	202959.000	-0.588	-1.047	-7.955	0.144	-37.86
11/06/2004	205959.000	21.376	18.338	+9999	0.484	-17.47
11/06/2004	212959.000	+9999	155.035	+9999	0.428	-5.73
11/06/2004	215959.000	+9999	+9999	+9999	0.321	+9999
11/06/2004	222959.000	+9999	+9999	+9999	0.276	+9999
11/06/2004	225959.000	+9999	+9999	+9999	0.271	+9999
11/06/2004	232959.000	+9999	+9999	+9999	0.295	+9999
11/06/2004	235959.000	+9999	+9999	+9999	0.355	+9999
12/06/2004	002959.000	-9.999999e-99	-9.999999e-99	-9.999999e-99	-9.999999e-99	-9.999999e-99
12/06/2004	005959.000	-9.999999e-99	-9.999999e-99	-9.999999e-99	-9.999999e-99	-9.999999e-99
12/06/2004	012959.000	-9.999999e-99	-9.999999e-99	-9.999999e-99	-9.999999e-99	-9.999999e-99
12/06/2004	015959.000	-9.999999e-99	-9.999999e-99	-9.999999e-99	-9.999999e-99	-9.999999e-99
12/06/2004	022959.000	-9.999999e-99	-9.999999e-99	-9.999999e-99	-9.999999e-99	-9.999999e-99
12/06/2004	025959.000	-9.999999e-99	-9.999999e-99	-9.999999e-99	-9.999999e-99	-9.999999e-99
12/06/2004	032959.000	-9.999999e-99	-9.999999e-99	-9.999999e-99	-9.999999e-99	-9.999999e-99
12/06/2004	035959.000	-9.999999e-99	-9.999999e-99	-9.999999e-99	-9.999999e-99	-9.999999e-99
12/06/2004	042959.000	-9.999999e-99	-9.999999e-99	-9.999999e-99	-9.999999e-99	-9.999999e-99
12/06/2004	045959.000	-9.999999e-99	-9.999999e-99	-9.999999e-99	-9.999999e-99	-9.999999e-99
12/06/2004	052959.000	-9.999999e-99	-9.999999e-99	-9.999999e-99	-9.999999e-99	-9.999999e-99
12/06/2004	055959.000	-9.999999e-99	-9.999999e-99	-9.999999e-99	-9.999999e-99	-9.999999e-99
12/06/2004	062959.000	-9.999999e-99	-9.999999e-99	-9.999999e-99	-9.999999e-99	-9.999999e-99
12/06/2004	065959.000	-9.999999e-99	-9.999999e-99	-9.999999e-99	-9.999999e-99	-9.999999e-99
12/06/2004	072959.000	-9.999999e-99	-9.999999e-99	-9.999999e-99	-9.999999e-99	-9.999999e-99
12/06/2004	075959.000	-9.999999e-99	-9.999999e-99	-9.999999e-99	-9.999999e-99	-9.999999e-99
12/06/2004	082959.000	-9.999999e-99	-9.999999e-99	-9.999999e-99	-9.999999e-99	-9.999999e-99
12/06/2004	085959.000	-9.999999e-99	-9.999999e-99	-9.999999e-99	-9.999999e-99	-9.999999e-99
12/06/2004	092959.000	-9.999999e-99	-9.999999e-99	-9.999999e-99	-9.999999e-99	-9.999999e-99
12/06/2004	095959.000	-9.999999e-99	-9.999999e-99	-9.999999e-99	-9.999999e-99	-9.999999e-99
12/06/2004	102959.000	-9.999999e-99	-9.999999e-99	-9.999999e-99	-9.999999e-99	-9.999999e-99
12/06/2004	105959.000	-9.999999e-99	-9.999999e-99	-9.999999e-99	-9.999999e-99	-9.999999e-99
12/06/2004	112959.000	-9.999999e-99	-9.999999e-99	-9.999999e-99	-9.999999e-99	-9.999999e-99
12/06/2004	115959.000	-9.999999e-99	-9.999999e-99	-9.999999e-99	-9.999999e-99	-9.999999e-99
12/06/2004	122959.000	-9.999999e-99	-9.999999e-99	-9.999999e-99	-9.999999e-99	-9.999999e-99
12/06/2004	125959.000	-9.999999e-99	-9.999999e-99	-9.999999e-99	-9.999999e-99	-9.999999e-99
12/06/2004	132959.000	-9.999999e-99	-9.999999e-99	-9.999999e-99	-9.999999e-99	-9.999999e-99
12/06/2004	135959.000	-9.999999e-99	-9.999999e-99	-9.999999e-99	-9.999999e-99	-9.999999e-99
12/06/2004	142959.000	-9.999999e-99	-9.999999e-99	-9.999999e-99	-9.999999e-99	-9.999999e-99
12/06/2004	145959.000	-9.999999e-99	-9.999999e-99	-9.999999e-99	-9.999999e-99	-9.999999e-99
12/06/2004	152959.000	-9.999999e-99	-9.999999e-99	-9.999999e-99	-9.999999e-99	-9.999999e-99
12/06/2004	155959.000	-9.999999e-99	-9.999999e-99	-9.999999e-99	-9.999999e-99	-9.999999e-99
12/06/2004	162959.000	-9.999999e-99	-9.999999e-99	-9.999999e-99	-9.999999e-99	-9.999999e-99
12/06/2004	165959.000	-9.999999e-99	-9.999999e-99	-9.999999e-99	-9.999999e-99	-9.999999e-99
12/06/2004	172959.000	-9.999999e-99	-9.999999e-99	-9.999999e-99	-9.999999e-99	-9.999999e-99
12/06/2004	175959.000	-9.999999e-99	-9.999999e-99	-9.999999e-99	-9.999999e-99	-9.999999e-99
12/06/2004	182959.000	-9.999999e-99	-9.999999e-99	-9.999999e-99	-9.999999e-99	-9.999999e-99
12/06/2004	185959.000	-9.999999e-99	-9.999999e-99	-9.999999e-99	-9.999999e-99	-9.999999e-99
12/06/2004	192959.000	-9.999999e-99	-9.999999e-99	-9.999999e-99	-9.999999e-99	-9.999999e-99
12/06/2004	195959.000	-9.999999e-99	-9.999999e-99	-9.999999e-99	-9.999999e-99	-9.999999e-99
12/06/2004	202959.000	-9.999999e-99	-9.999999e-99	-9.999999e-99	-9.999999e-99	-9.999999e-99
12/06/2004	205959.000	-9.999999e-99	-9.999999e-99	-9.999999e-99	-9.999999e-99	-9.999999e-99
12/06/2004	212959.000	-9.999999e-99	-9.999999e-99	-9.999999e-99	-9.999999e-99	-9.999999e-99
12/06/2004	215959.000	-9.999999e-99	-9.999999e-99	-9.999999e-99	-9.999999e-99	-9.999999e-99
12/06/2004	222959.000	-9.999999e-99	-9.999999e-99	-9.999999e-99	-9.999999e-99	-9.999999e-99
12/06/2004	225959.000	-9.999999e-99	-9.999999e-99	-9.999999e-99	-9.999999e-99	-9.999999e-99
12/06/2004	232959.000	-9.999999e-99	-9.999999e-99	-9.999999e-99	-9.999999e-99	-9.999999e-99
12/06/2004	235959.000	-9.999999e-99	-9.999999e-99	-9.999999e-99	-9.999999e-99	-9.999999e-99
13/06/2004	002959.000	-9.999999e-99	-9.999999e-99	-9.999999e-99	-9.999999e-99	-9.999999e-99
13/06/2004	005959.000	-9.999999e-99	-9.999999e-99	-9.999999e-99	-9.999999e-99	-9.999999e-99
13/06/2004	012959.000	-9.999999e-99	-9.999999e-99	-9.999999e-99	-9.999999e-99	-9.999999e-99
13/06/2004	015959.000	-9.999999e-99	-9.999999e-99	-9.999999e-99	-9.999999e-99	-9.999999e-99
13/06/2004	022959.000	-9.999999e-99	-9.999999e-99	-9.999999e-99	-9.999999e-99	-9.999999e-99
13/06/2004	025959.000	-9.999999e-99	-9.999999e-99	-9.999999e-99	-9.999999e-99	-9.999999e-99
13/06/2004	032959.000	-9.999999e-99	-9.999999e-99	-9.999999e-99	-9.999999e-99	-9.999999e-99
13/06/2004	035959.000	-9.999999e-99	-9.999999e-99	-9.999999e-99	-9.999999e-99	-9.999999e-99
13/06/2004	042959.000	-9.999999e-99	-9.999999e-99	-9.999999e-99	-9.999999e-99	-9.999999e-99
13/06/2004	045959.000	-9.999999e-99	-9.999999e-99	-9.999999e-99	-9.999999e-99	-9.999999e-99
13/06/2004	052959.000	-9.999999e-99	-9.999999e-99	-9.999999e-99	-9.999999e-99	-9.999999e-99
13/06/2004	055959.000	-9.999999e-99	-9.999999e-99	-9.999999e-99	-9.999999e-99	-9.999999e-99
13/06/2004	062959.000	-9.999999e-99	-9.999999e-99	-9.999999e-99	-9.999999e-99	-9.999999e-99
13/06/2004	065959.000	-9.999999e-99	-9.999999e-99	-9.999999e-99	-9.999999e-99	-9.999999e-99
13/06/2004	072959.000	-9.999999e-99	-9.999999e-99	-9.999999e-99	-9.999999e-99	-9.999999e-99
13/06/2004	075959.000	-9.999999e-99	-9.999999e-99	-9.999999e-99	-9.999999e-99	-9.999999e-99
13/06/2004	082959.000	-9.999999e-99	-9.999999e-99	-9.999999e-99	-9.999999e-99	-9.999999e-99
13/06/2004	085959.000	-9.999999e-99	-9.999999e-99	-9.999999e-99	-9.999999e-99	-9.999999e-99
13/06/2004	092959.000	-9.999999e-99	-9.999999e-99	-9.999999e-99	-9.999999e-99	-9.999999e-99
13/06/2004	095959.000	-9.999999e-99	-9.999999e-99	-9.999999e-99	-9.999999e-99	-9.999999e-99
13/06/2004	102959.000	-9.999999e-99	-9.999999e-99	-9.999999e-99	-9.999999e-99	-9.999999e-99
13/06/2004	105959.000	-9.999999e-99	-9.999999e-99	-9.999999e-99	-9.999999e-99	-9.999999e-99
13/06/2004	112959.000	-9.999999e-99	-9.999999e-99	-9.999999e-99	-9.999999e-99	-9.999999e-99
13/06/2004	115959.000	-9.999999e-99	-9.999999e-99	-9.999999e-99	-9.999999e-99	-9.999999e-99
13/06/2004	122959.000	-9.999999e-99	-9.999999e-99	-9.999999e-99	-9.999999e-99	-9.999999e-99
13/06/2004	125959.000	-9.999999e-99	-9.999999e-99	-9.999999e-99	-9.999999e-99	-9.999999e-99
13/06/2004	132959.000	-9.999999e-99	-9.999999e-99	-9.999999e-99	-9.999999e-99	-9.999999e-99
13/06/2004	135959.000	-9.999999e-99	-9.999999e-99	-9.999999e-99	-9.999999e-99	-9.999999e-99
13/06/2004	142959.000	-9.999999e-99	-9.999999e-99	-9.999999e-99	-9.999999e-99	-9.999999e-99
13/06/2004	145959.000	-9.999999e-99	-9.999999e-99	-9.999999e-99	-9.999999e-99	-9.999999e-99
13/06/2004	152959.000	-9.999999e-99	-9.999999e-99	-9.999999e-99	-9.999999e-99	-9.999999e-99
13/06/2004	155959.000	-9.999999e-99	-9.999999e-99	-9.999999e-99	-9.999999e-99	-9.999999e-99
13/06/2004	162959.000	-9.999999e-99	-9.999999e-99	-9.999999e-99	-9.999999e-99	-9.999999e-99
13/06/2004	165959.000	-9.999999e-99	-9.999999e-99	-9.999999e-99	-9.999999e-99	-9.999999e-99
13/06/2004	172959.000	-9.999999e-99	-9.999999e-99	-9.999999e-99	-9.999999e-99	-9.999999e-99
13/06/2004	175959.000	-9.999999e-99	-9.999999e-99	-9.999999e-99	-9.999999e-99	-9.999999e-99
13/06/2004	182959.000	-9.999999e-99	-9.999999e-99	-9.999999e-99	-9.999999e-99	-9.999999e-99
13/06/2004	185959.000	-9.999999e-99	-9.999999e-99	-9.999999e-99	-9.999999e-99	-9.999999e-99
13/06/2004	192959.000	-9.999999e-99	-9.999999e-99	-9.999999e-99	-9.999999e-99	-9.999999e-99
13/06/2004	195959.000	-9.999999e-99	-9.999999e-99	-9.999999e-99	-9.999999e-99	-9.999999e-99
13/06/2004	202959.000	-9.999999e-99	-9.999999e-99	-9.999999e-99	-9.999999e-99	-9.999999e-99
13/06/2004	205959.000	-9.999999e-99	-9.999999e-99	-9.999999e-99	-9.999999e-99	-9.999999e-99
13/06/2004	212959.000	-9.999999e-99	-9.999999e-99	-9.999999e-99	-9.999999e-99	-9.999999e-99
13/06/2004	215959.000	-9.999999e-99	-9.999999e-99	-9.999999e-99	-9.999999e-99	-9.999999e-99
13/06/2004	222959.000	-9.999999e-99	-9.999999e-99	-9.999999e-99	-9.999999e-99	-9.999999e-99
13/06/2004	225959.000	-9.999999e-99	-9.999999e-99	-9.999999e-99	-9.999999e-99	-9.999999e-99
13/06/2004	232959.000	-9.999999e-99	-9.999999e-99	-9.999999e-99	-9.999999e-99	-9.999999e-99
13/06/2004	235959.000	-9.999999e-99	-9.999999e-99	-9.999999e-99	-9.999999e-99	-9.999999e-99
14/06/2004	002959.000	+9999	+9999	+9999	+9999	+9999
14/06/2004	005959.000	+9999	+9999	+9999	+9999	+9999
14/06/2004	012959.000	+9999	+9999	+9999	+9999	+9999
14/06/2004	015959.000	+9999	+9999	+9999	+9999	+9999
14/06/2004	022959.000	+9999	+9999	+9999	+9999	+9999
14/06/2004	025959.000	+9999	+9999	+9999	+9999	+9999
14/06/2004	032959.000	+9999	+9999	+9999	+9999	+9999
14/06/2004	035959.000	+9999	+9999	+9999	+9999	+9999
14/06/2004	042959.000	+9999	+9999	+9999	+9999	+9999
14/06/2004	045959.000	+9999	+9999	+9999	+9999	+9999
14/06/2004	052959.000	+9999	+9999	+9999	+9999	+9999
14/06/2004	055959.000	+9999	+9999	+9999	+9999	+9999
14/06/2004	062959.000	+9999	+9999	+9999	+9999	+9999
14/06/2004	065959.000	+9999	+9999	+9999	+9999	+9999
14/06/2004	072959.000	+9999	+9999	+9999	+9999	+9999
14/06/2004	075959.000	+9999	+9999	+9999	+9999	+9999
14/06/2004	082959.000	+9999	+9999	+9999	+9999	+9999
14/06/2004	085959.000	+9999	+9999	+9999	+9999	+9999
14/06/2004	092959.000	+9999	+9999	+9999	+9999	+9999
14/06/2004	095959.000	+9999	+9999	+9999	+9999	+9999
14/06/2004	102959.000	+9999	+9999	+9999	+9999	+9999
14/06/2004	105959.000	+9999	+9999	+9999	+9999	+9999
14/06/2004	112959.000	+9999	+9999	+9999	+9999	+9999
14/06/2004	115959.000	+9999	+9999	+9999	0.660	+9999
14/06/2004	122959.000	+9999	+9999	+9999	0.696	+9999
14/06/2004	125959.000	+9999	+9999	+9999	+9999	+9999
14/06/2004	132959.000	+9999	+9999	+9999	+9999	+9999
14/06/2004	135959.000	+9999	+9999	+9999	+9999	+9999
14/06/2004	142959.000	+9999	+9999	+9999	0.650	+9999
14/06/2004	145959.000	+9999	-28.587	+9999	0.680	58.34
14/06/2004	152959.000	+9999	+9999	+9999	+9999	93.05
14/06/2004	155959.000	+9999	+9999	+9999	+9999	196.78
14/06/2004	162959.000	+9999	+9999	+9999	+9999	71.70
14/06/2004	165959.000	+9999	+9999	+9999	+9999	69.16
14/06/2004	172959.000	+9999	+9999	+9999	+9999	-20.70
14/06/2004	175959.000	+9999	+9999	+9999	+9999	35.13
14/06/2004	182959.000	+9999	+9999	+9999	+9999	-12.33
14/06/2004	185959.000	+9999	+9999	+9999	+9999	-56.54
14/06/2004	192959.000	+9999	+9999	+9999	+9999	-80.71
14/06/2004	195959.000	+9999	+9999	+9999	+9999	-86.64
14/06/2004	202959.000	+9999	+9999	+9999	+9999	-85.22
14/06/2004	205959.000	+9999	+9999	+9999	+9999	-84.38
14/06/2004	212959.000	+9999	+9999	+9999	+9999	-83.28
14/06/2004	215959.000	+9999	+9999	+9999	+9999	-81.82
14/06/2004	222959.000	+9999	+9999	+9999	+9999	-80.80
14/06/2004	225959.000	+9999	+9999	+9999	+9999	-80.59
14/06/2004	232959.000	+9999	+9999	+9999	+9999	-80.70
14/06/2004	235959.000	+9999	+9999	+9999	+9999	-80.59
15/06/2004	002959.000	-21.193	-21.012	3.787	0.145	-80.10
15/06/2004	005959.000	-10.489	-10.366	2.490	0.115	-78.64
15/06/2004	012959.000	-9.033	-8.959	1.564	0.099	-77.66
15/06/2004	015959.000	-7.759	-7.651	2.167	0.090	-77.83
15/06/2004	022959.000	-4.399	-4.336	1.262	0.087	-77.55
15/06/2004	025959.000	-2.423	-2.333	1.632	0.066	-77.83
15/06/2004	032959.000	-7.147	-6.858	5.450	0.151	-79.79
15/06/2004	035959.000	-7.761	-7.674	1.712	0.135	-79.76
15/06/2004	042959.000	-29.890	-29.620	6.097	0.232	-75.63
15/06/2004	045959.000	-8.428	-7.760	12.205	0.183	-60.80
15/06/2004	052959.000	-2.425	-1.187	22.616	0.198	-22.12
15/06/2004	055959.000	13.992	16.166	37.727	0.220	38.11
15/06/2004	062959.000	38.669	42.674	68.550	0.280	106.71
15/06/2004	065959.000	53.523	58.210	79.944	0.300	174.00
15/06/2004	072959.000	69.703	75.157	92.738	0.250	228.67
15/06/2004	075959.000	96.034	104.636	146.270	0.319	296.23
15/06/2004	082959.000	100.147	107.682	126.895	0.290	354.88
15/06/2004	085959.000	121.172	130.023	147.778	0.286	406.21
15/06/2004	092959.000	134.213	143.913	162.033	0.346	453.39
15/06/2004	095959.000	153.811	164.622	180.129	0.326	490.52
15/06/2004	102959.000	202.652	216.847	234.898	0.381	520.40
15/06/2004	105959.000	151.311	161.222	163.729	0.263	540.93
15/06/2004	112959.000	181.459	193.074	191.153	0.327	552.33
15/06/2004	115959.000	224.667	239.233	239.732	0.298	560.74
15/06/2004	122959.000	224.343	238.994	241.111	0.318	557.61
15/06/2004	125959.000	193.888	207.063	217.444	0.300	549.79
15/06/2004	132959.000	214.995	229.405	236.696	0.294	498.24
15/06/2004	135959.000	177.684	191.496	228.043	0.350	516.93
15/06/2004	142959.000	142.085	154.940	212.750	0.349	392.07
15/06/2004	145959.000	161.946	178.302	272.010	0.384	337.77
15/06/2004	152959.000	94.695	105.833	185.581	0.360	254.53
15/06/2004	155959.000	71.860	84.049	203.757	0.359	274.16
15/06/2004	162959.000	56.630	68.828	204.480	0.434	231.96
15/06/2004	165959.000	59.719	72.534	214.854	0.463	186.98
15/06/2004	172959.000	2.187	9.373	121.780	0.349	72.01
15/06/2004	175959.000	-18.634	-14.184	76.456	0.254	3.50
15/06/2004	182959.000	-35.605	-30.132	94.966	0.338	-12.53
15/06/2004	185959.000	-35.772	-33.604	38.593	0.286	-38.77
15/06/2004	192959.000	-43.657	-41.967	30.842	0.294	-50.00
15/06/2004	195959.000	-24.389	-22.990	25.129	0.227	-51.10
15/06/2004	202959.000	-16.565	-15.894	12.223	0.159	-55.18
15/06/2004	205959.000	-20.598	-19.695	16.502	0.155	-49.56
15/06/2004	212959.000	-11.898	-11.439	8.410	0.104	-56.77
15/06/2004	215959.000	-15.508	-15.018	9.216	0.123	-72.72
15/06/2004	222959.000	-12.686	-12.491	3.997	0.106	-69.93
15/06/2004	225959.000	-20.588	-20.363	4.897	0.167	-71.31
15/06/2004	232959.000	-28.827	-28.355	9.491	0.209	-79.80
15/06/2004	235959.000	-32.062	-31.735	6.860	0.201	-82.00
16/06/2004	002959.000	-22.896	-22.633	5.474	0.241	-70.52
16/06/2004	005959.000	-48.298	-48.114	5.407	0.370	-68.67
16/06/2004	012959.000	-28.626	-28.360	6.526	0.283	-68.91
16/06/2004	015959.000	1.156	2.079	16.015	0.289	-36.33
16/06/2004	022959.000	1.120	2.220	19.702	0.317	-42.66
16/06/2004	025959.000	0.970	1.595	11.466	0.354	-44.68
16/06/2004	032959.000	9.457	10.623	20.425	0.374	-47.59
16/06/2004	035959.000	22.313	23.939	26.927	0.410	-21.00
16/06/2004	042959.000	19.137	20.941	29.702	0.416	-25.78
16/06/2004	045959.000	18.123	19.461	23.849	0.467	-19.45
16/06/2004	052959.000	18.245	20.189	34.017	0.497	13.14
16/06/2004	055959.000	17.325	19.148	31.149	0.483	20.57
16/06/2004	062959.000	29.757	32.646	49.092	0.509	92.20
16/06/2004	065959.000	50.456	53.834	56.256	0.578	128.70
16/06/2004	072959.000	108.652	116.758	134.938	0.643	219.91
16/06/2004	075959.000	57.650	62.747	85.444	0.538	184.84
16/06/2004	082959.000	97.483	105.291	130.112	0.468	339.26
16/06/2004	085959.000	115.349	125.077	161.828	0.452	368.39
16/06/2004	092959.000	124.548	133.943	154.569	0.416	425.41
16/06/2004	095959.000	177.458	191.430	229.659	0.499	399.13
16/06/2004	102959.000	147.367	158.514	182.763	0.440	452.02
16/06/2004	105959.000	230.450	248.822	301.553	0.533	544.00
16/06/2004	112959.000	247.174	266.326	312.501	0.483	566.93
16/06/2004	115959.000	232.816	255.248	+9999	0.432	492.72
16/06/2004	122959.000	168.075	187.100	+9999	0.530	420.05
16/06/2004	125959.000	174.758	192.458	291.261	0.544	437.16
16/06/2004	132959.000	141.493	158.275	277.537	0.464	349.04
16/06/2004	135959.000	160.357	176.692	268.860	0.423	437.01
16/06/2004	142959.000	201.945	220.197	298.192	0.421	441.89
16/06/2004	145959.000	184.229	201.141	277.038	0.445	383.31
16/06/2004	152959.000	111.202	123.820	208.002	0.329	287.53
16/06/2004	155959.000	71.084	80.708	158.667	0.337	177.01
16/06/2004	162959.000	30.231	38.523	139.165	0.304	134.84
16/06/2004	165959.000	-4.327	0.359	79.423	0.274	31.24
16/06/2004	172959.000	27.477	34.487	116.881	0.311	117.94
16/06/2004	175959.000	18.068	23.669	93.876	0.308	57.98
16/06/2004	182959.000	-8.866	-4.453	75.156	0.278	7.54
16/06/2004	185959.000	-30.354	-28.362	35.538	0.219	-35.10
16/06/2004	192959.000	-0.724	1.093	30.918	+9999	-35.31
16/06/2004	195959.000	+9999	-58.492	61.964	+9999	-76.23
16/06/2004	202959.000	-2.812	-0.507	40.495	0.375	-80.02
16/06/2004	205959.000	-14.029	-13.231	15.219	0.280	-77.79
16/06/2004	212959.000	-11.041	-10.825	4.425	0.333	-77.21
16/06/2004	215959.000	-15.215	-14.799	8.993	0.301	-76.27
16/06/2004	222959.000	-16.334	-16.087	5.237	0.261	-76.37
16/06/2004	225959.000	-29.119	-28.552	12.766	0.259	-76.12
16/06/2004	232959.000	-33.528	-34.150	-8.064	0.253	-76.13
16/06/2004	235959.000	-40.184	-40.194	2.924	0.332	-76.86
17/06/2004	002959.000	-37.226	-36.441	17.707	0.305	-77.59
17/06/2004	005959.000	-26.153	-25.858	7.489	0.261	-78.42
17/06/2004	012959.000	-25.275	-24.618	13.834	0.268	-79.02
17/06/2004	015959.000	-15.986	-15.864	3.306	0.274	-79.15
17/06/2004	022959.000	-7.301	-7.340	-0.768	0.283	-78.73
17/06/2004	025959.000	-8.711	-8.026	12.721	0.337	-78.36
17/06/2004	032959.000	-0.995	-0.937	1.485	0.355	-74.66
17/06/2004	035959.000	-0.101	0.361	8.122	0.331	-54.44
17/06/2004	042959.000	-3.813	-2.466	24.874	0.302	-35.44
17/06/2004	045959.000	0.804	1.293	8.380	0.276	-16.63
17/06/2004	052959.000	8.938	10.466	26.481	0.372	-13.90
17/06/2004	055959.000	16.739	20.079	57.788	0.424	29.28
17/06/2004	062959.000	36.986	42.581	96.743	0.483	96.28
17/06/2004	065959.000	49.413	54.617	87.483	0.440	172.39
17/06/2004	072959.000	69.841	77.000	121.074	0.488	229.45
17/06/2004	075959.000	75.860	82.605	112.455	0.396	299.78
17/06/2004	082959.000	113.394	122.326	147.796	0.404	359.68
17/06/2004	085959.000	140.398	152.607	202.321	0.368	377.67
17/06/2004	092959.000	167.174	182.389	251.775	0.306	459.32
17/06/2004	095959.000	194.611	208.864	233.555	0.421	497.28
17/06/2004	102959.000	155.421	169.334	229.522	0.284	525.67
17/06/2004	105959.000	204.808	222.903	298.805	0.477	550.74
17/06/2004	112959.000	206.721	222.791	262.990	0.403	562.02
17/06/2004	115959.000	185.105	200.706	256.041	0.360	565.92
17/06/2004	122959.000	210.433	225.628	248.103	0.333	563.42
17/06/2004	125959.000	175.641	187.136	186.379	0.362	554.31
17/06/2004	132959.000	198.481	216.833	300.212	0.454	531.36
17/06/2004	135959.000	180.725	195.494	240.524	0.347	499.86
17/06/2004	142959.000	141.500	156.462	245.475	0.428	461.21
17/06/2004	145959.000	132.516	144.161	190.400	0.314	414.34
17/06/2004	152959.000	77.959	87.520	158.094	0.255	349.26
17/06/2004	155959.000	89.977	100.139	166.548	0.360	299.31
17/06/2004	162959.000	102.309	114.895	206.517	0.314	236.41
17/06/2004	165959.000	56.551	64.004	122.329	0.289	172.78
17/06/2004	172959.000	32.387	39.833	123.514	0.302	108.94
17/06/2004	175959.000	7.608	13.479	99.257	0.261	43.20
17/06/2004	182959.000	-15.562	-11.016	77.767	0.241	-20.67
17/06/2004	185959.000	-18.840	-16.858	34.532	0.161	-64.34
17/06/2004	192959.000	-2.552	-2.340	3.801	0.052	-84.58
17/06/2004	195959.000	-1.445	-1.448	-0.061	0.041	-87.89
17/06/2004	202959.000	-0.891	-0.830	1.020	0.028	-86.02
17/06/2004	205959.000	-1.385	-1.336	0.904	0.035	-83.13
17/06/2004	212959.000	-0.629	-0.622	0.142	0.029	-80.20
17/06/2004	215959.000	-0.166	-0.151	0.237	0.020	-78.11
17/06/2004	222959.000	-0.119	-0.132	-0.232	0.022	-76.57
17/06/2004	225959.000	-8.996	-8.914	1.963	0.142	-78.33
17/06/2004	232959.000	-14.389	-14.204	3.911	0.138	-79.13
17/06/2004	235959.000	-12.037	-12.157	-1.501	0.121	-78.41
18/06/2004	002959.000	-4.746	-4.784	-0.409	0.078	-76.63
18/06/2004	005959.000	-3.969	-3.932	0.871	0.064	-74.99
18/06/2004	012959.000	-3.172	-3.169	0.136	0.051	-74.93
18/06/2004	015959.000	-4.356	-4.341	0.539	0.052	-73.93
18/06/2004	022959.000	-3.753	-3.755	0.123	0.062	-75.13
18/06/2004	025959.000	-13.311	-13.251	1.677	0.109	-75.69
18/06/2004	032959.000	-14.806	-14.513	5.916	0.115	-75.91
18/06/2004	035959.000	-11.561	-11.301	5.250	0.104	-70.32
18/06/2004	042959.000	-7.208	-7.253	-0.485	0.077	-72.36
18/06/2004	045959.000	-9.846	-9.374	8.906	0.125	-59.15
18/06/2004	052959.000	-5.584	-4.930	12.027	0.129	-29.34
18/06/2004	055959.000	-1.029	1.014	35.603	0.201	28.26
18/06/2004	062959.000	1.639	3.693	36.146	0.192	59.43
18/06/2004	065959.000	19.645	23.950	74.072	0.255	159.76
18/06/2004	072959.000	56.092	62.748	112.156	0.250	222.21
18/06/2004	075959.000	79.469	87.827	140.691	0.249	288.09
18/06/2004	082959.000	78.276	85.638	122.694	0.315	349.66
18/06/2004	085959.000	119.954	130.766	179.140	0.208	401.73
18/06/2004	092959.000	156.851	168.479	191.076	0.377	449.38
18/06/2004	095959.000	168.655	181.997	220.121	0.288	494.06
18/06/2004	102959.000	147.817	159.878	198.649	0.472	524.01
18/06/2004	105959.000	178.206	192.297	232.358	0.370	547.70
18/06/2004	112959.000	167.963	180.071	198.287	0.500	563.66
18/06/2004	115959.000	198.847	217.370	+9999	0.487	566.51
18/06/2004	122959.000	220.049	235.905	258.138	0.467	566.43
18/06/2004	125959.000	170.014	183.743	224.289	0.383	548.38
18/06/2004	132959.000	186.740	201.714	244.247	0.353	532.29
18/06/2004	135959.000	214.468	229.101	237.043	0.452	503.47
18/06/2004	142959.000	142.314	155.141	210.121	0.416	441.77
18/06/2004	145959.000	151.422	166.844	252.873	0.449	388.92
18/06/2004	152959.000	132.817	146.373	222.606	0.412	344.15
18/06/2004	155959.000	112.135	125.200	215.007	0.303	287.17
18/06/2004	162959.000	106.950	119.321	203.290	0.407	202.07
18/06/2004	165959.000	90.544	101.946	188.389	0.389	161.08
18/06/2004	172959.000	31.382	37.318	98.690	0.283	79.97
18/06/2004	175959.000	15.114	21.252	102.699	0.311	60.32
18/06/2004	182959.000	-15.942	-11.866	69.702	0.234	-20.76
18/06/2004	185959.000	-10.230	-9.116	19.239	0.117	-54.83
18/06/2004	192959.000	-2.842	-2.714	2.252	0.057	-64.51
18/06/2004	195959.000	-18.226	-17.309	16.608	0.164	-77.70
18/06/2004	202959.000	-24.027	-23.074	17.450	0.209	-87.70
18/06/2004	205959.000	-27.017	-26.926	2.935	0.213	-88.99
18/06/2004	212959.000	-26.467	-26.576	-0.501	0.209	-87.17
18/06/2004	215959.000	-25.929	-26.132	-1.766	0.179	-84.61
18/06/2004	222959.000	-27.061	-26.411	12.694	0.239	-81.53
18/06/2004	225959.000	-24.179	-23.149	19.334	0.293	-73.53
18/06/2004	232959.000	-4.555	-3.092	25.860	0.334	-32.15
18/06/2004	235959.000	-5.313	-3.935	24.629	0.423	-43.11
19/06/2004	002959.000	-16.337	-17.119	-10.882	0.432	-46.00
19/06/2004	005959.000	-30.953	-30.601	7.100	0.448	-36.56
19/06/2004	012959.000	-27.498	-27.155	6.993	0.398	-49.33
19/06/2004	015959.000	-12.296	-11.534	15.008	0.399	-29.28
19/06/2004	022959.000	9.465	11.290	32.562	0.433	-25.37
19/06/2004	025959.000	11.303	12.983	29.484	0.410	-35.04
19/06/2004	032959.000	-30.991	-30.656	8.047	0.407	-34.99
19/06/2004	035959.000	-36.107	-42.605	+9999	0.359	-26.22
19/06/2004	042959.000	-2.189	-6.165	+9999	0.246	-18.80
19/06/2004	045959.000	16.772	-0.757	+9999	0.129	-6.85
19/06/2004	052959.000	-6.905	-4.261	22.741	0.161	-11.60
19/06/2004	055959.000	-1.816	-0.056	32.173	0.170	-4.51
19/06/2004	062959.000	-8.274	-2.260	109.465	0.109	6.40
19/06/2004	065959.000	-2.620	-0.378	40.352	0.169	31.57
19/06/2004	072959.000	10.043	13.484	61.099	0.255	53.21
19/06/2004	075959.000	24.743	30.801	106.281	0.320	56.93
19/06/2004	082959.000	27.764	33.067	92.360	0.275	97.74
19/06/2004	085959.000	55.399	63.067	132.343	0.316	221.60
19/06/2004	092959.000	54.132	60.617	111.702	0.274	185.08
19/06/2004	095959.000	62.703	71.846	157.834	0.302	226.49
19/06/2004	102959.000	64.048	71.689	131.147	0.294	179.44
19/06/2004	105959.000	79.168	88.731	162.947	0.286	342.31
19/06/2004	112959.000	127.224	142.066	252.687	0.233	447.52
19/06/2004	115959.000	149.835	166.269	279.338	0.245	457.11
19/06/2004	122959.000	167.586	182.848	257.329	0.377	645.17
19/06/2004	125959.000	161.282	176.042	247.944	0.279	393.23
19/06/2004	132959.000	72.350	79.781	125.484	0.283	142.14
19/06/2004	135959.000	20.044	24.987	85.227	0.240	43.96
19/06/2004	142959.000	103.008	109.554	107.770	0.445	184.65
19/06/2004	145959.000	71.569	81.958	179.813	0.345	164.57
19/06/2004	152959.000	69.607	75.853	105.197	0.313	159.54
19/06/2004	155959.000	38.703	42.103	56.407	0.280	104.79
19/06/2004	162959.000	28.495	32.703	72.725	0.235	80.67
19/06/2004	165959.000	23.447	27.855	75.716	0.299	90.20
19/06/2004	172959.000	9.540	20.072	+9999	0.423	17.47
19/06/2004	175959.000	+9999	2.110	+9999	0.430	11.90
19/06/2004	182959.000	-11.551	-3.319	+9999	0.260	32.25
19/06/2004	185959.000	-21.739	-15.365	+9999	0.296	16.41
19/06/2004	192959.000	-22.823	-23.892	+9999	0.322	-30.29
19/06/2004	195959.000	-25.561	-18.955	62.352	0.421	-17.02
19/06/2004	202959.000	-3.576	-1.338	39.966	0.292	-32.01
19/06/2004	205959.000	1.392	3.752	41.247	0.285	-52.47
19/06/2004	212959.000	-3.310	-0.987	40.998	0.267	-46.28
19/06/2004	215959.000	-2.836	-0.249	46.182	0.277	-32.15
19/06/2004	222959.000	5.688	8.980	58.393	0.358	-28.75
19/06/2004	225959.000	6.862	10.855	69.588	0.356	-26.99
19/06/2004	232959.000	7.981	10.885	51.636	0.310	-27.03
19/06/2004	235959.000	6.776	9.995	56.638	0.341	-30.47
20/06/2004	002959.000	4.004	6.081	36.666	0.275	-29.67
20/06/2004	005959.000	5.056	6.631	28.139	0.251	-30.94
20/06/2004	012959.000	4.744	6.829	36.603	0.294	-26.88
20/06/2004	015959.000	-0.865	1.249	37.575	0.300	-28.48
20/06/2004	022959.000	-0.454	4.120	85.711	0.263	-20.00
20/06/2004	025959.000	-1.364	-0.616	13.352	0.267	-26.51
20/06/2004	032959.000	-0.866	1.069	35.212	0.273	-24.43
20/06/2004	035959.000	-7.312	-6.225	19.834	0.233	-36.95
20/06/2004	042959.000	-2.156	-0.665	26.248	0.225	-21.58
20/06/2004	045959.000	3.960	5.680	32.234	0.256	-8.17
20/06/2004	052959.000	13.545	15.483	34.358	0.285	19.83
20/06/2004	055959.000	17.636	20.749	53.908	0.314	38.27
20/06/2004	062959.000	30.539	34.185	62.986	0.315	61.02
20/06/2004	065959.000	37.387	42.050	81.113	0.332	104.97
20/06/2004	072959.000	65.208	72.340	122.871	0.368	172.61
20/06/2004	075959.000	59.493	66.304	117.530	0.339	203.96
20/06/2004	082959.000	119.860	134.395	250.405	0.480	412.80
20/06/2004	085959.000	110.192	123.933	236.131	0.426	413.80
20/06/2004	092959.000	87.739	102.069	246.884	0.466	294.65
20/06/2004	095959.000	62.203	71.920	167.325	0.471	231.11
20/06/2004	102959.000	121.262	132.924	199.344	0.496	415.04
20/06/2004	105959.000	97.292	109.607	211.140	0.463	285.73
20/06/2004	112959.000	116.298	130.679	246.405	0.466	476.02
20/06/2004	115959.000	116.071	128.843	217.792	0.473	349.17
20/06/2004	122959.000	125.782	139.871	240.813	0.512	447.46
20/06/2004	125959.000	211.508	232.987	+9999	0.550	499.06
20/06/2004	132959.000	55.269	61.955	114.023	0.492	106.28
20/06/2004	135959.000	75.907	82.727	116.114	0.491	165.48
20/06/2004	142959.000	125.215	137.516	209.789	0.413	439.70
20/06/2004	145959.000	103.323	113.388	171.287	0.483	267.88
20/06/2004	152959.000	65.032	71.873	116.630	0.489	146.58
20/06/2004	155959.000	56.178	61.847	96.688	0.492	106.76
20/06/2004	162959.000	64.577	69.896	90.237	0.422	183.22
20/06/2004	165959.000	72.001	78.613	113.268	0.604	86.38
20/06/2004	172959.000	40.520	45.047	77.448	0.496	63.31
20/06/2004	175959.000	27.594	30.331	46.865	0.485	18.05
20/06/2004	182959.000	24.577	26.943	40.439	0.440	8.04
20/06/2004	185959.000	16.679	19.424	46.940	0.423	-3.72
20/06/2004	192959.000	13.861	15.861	34.685	0.372	-36.97
20/06/2004	195959.000	-10.710	-9.968	14.007	0.319	-80.41
20/06/2004	202959.000	-19.174	-18.862	6.323	0.252	-91.41
20/06/2004	205959.000	-9.257	-8.273	17.769	0.246	-89.59
20/06/2004	212959.000	-3.079	-2.929	2.822	0.100	-68.88
20/06/2004	215959.000	-0.523	-0.476	0.767	0.048	-41.48
20/06/2004	222959.000	-1.565	-0.582	17.541	0.169	-26.54
20/06/2004	225959.000	-8.314	-7.379	16.379	0.237	-51.01
20/06/2004	232959.000	-13.611	-13.246	7.013	0.173	-82.18
20/06/2004	235959.000	-11.461	-11.383	1.525	0.107	-84.79
21/06/2004	002959.000	-14.224	-14.194	1.203	0.117	-84.41
21/06/2004	005959.000	-18.729	-18.888	-1.745	0.145	-80.43
21/06/2004	012959.000	-11.492	-11.467	1.019	0.105	-74.58
21/06/2004	015959.000	-6.218	-6.100	2.345	0.086	-67.46
21/06/2004	022959.000	-5.657	-5.500	3.052	0.085	-63.89
21/06/2004	025959.000	-2.175	-2.174	0.097	0.059	-79.88
21/06/2004	032959.000	0.048	0.055	-0.123	0.034	-78.57
21/06/2004	035959.000	1.660	1.721	0.917	0.022	-79.31
21/06/2004	042959.000	-2.972	-3.102	-1.873	0.031	-77.41
21/06/2004	045959.000	0.906	0.963	0.525	0.053	-60.33
21/06/2004	052959.000	0.926	0.872	-0.823	0.044	-31.77
21/06/2004	055959.000	11.170	13.071	33.202	0.121	29.96
21/06/2004	062959.000	31.811	35.617	67.131	0.204	102.10
21/06/2004	065959.000	48.292	52.518	72.375	0.220	172.71
21/06/2004	072959.000	47.878	52.201	74.188	0.212	226.48
21/06/2004	075959.000	76.934	83.040	104.447	0.256	299.50
21/06/2004	082959.000	85.362	92.799	126.524	0.190	346.99
21/06/2004	085959.000	156.486	169.112	213.796	0.156	494.22
21/06/2004	092959.000	139.267	149.500	172.937	0.201	481.11
21/06/2004	095959.000	182.744	196.613	234.559	0.289	510.04
21/06/2004	102959.000	172.955	185.673	213.566	0.268	487.99
21/06/2004	105959.000	161.399	174.442	219.793	0.162	453.02
21/06/2004	112959.000	115.852	124.388	143.610	0.161	417.75
21/06/2004	115959.000	96.885	116.720	+9999	0.194	257.75
21/06/2004	122959.000	98.975	113.723	250.905	0.126	392.78
21/06/2004	125959.000	162.128	176.284	237.996	0.233	423.83
21/06/2004	132959.000	103.204	114.174	184.823	0.239	301.93
21/06/2004	135959.000	123.616	136.238	212.080	0.277	412.00
21/06/2004	142959.000	58.698	67.537	150.170	0.183	199.86
21/06/2004	145959.000	46.502	53.306	115.233	0.127	195.67
21/06/2004	152959.000	62.117	69.371	122.449	0.207	233.21
21/06/2004	155959.000	27.403	33.034	96.239	0.249	141.53
21/06/2004	162959.000	93.611	104.176	177.378	0.233	263.38
21/06/2004	165959.000	43.978	50.141	103.762	0.246	165.08
21/06/2004	172959.000	29.035	33.880	82.209	0.213	110.01
21/06/2004	175959.000	7.548	10.407	48.695	0.223	29.85
21/06/2004	182959.000	-5.115	-3.200	33.955	0.193	-7.45
21/06/2004	185959.000	-4.878	-4.089	13.600	0.109	-25.53
21/06/2004	192959.000	-1.601	-1.434	3.526	0.062	-29.53
21/06/2004	195959.000	-0.017	1.080	19.235	0.056	-25.19
21/06/2004	202959.000	3.391	2.934	-8.771	0.094	-20.26
21/06/2004	205959.000	-6.631	-5.330	23.788	0.065	-16.11
21/06/2004	212959.000	-7.537	-5.421	38.361	0.096	-14.17
21/06/2004	215959.000	-2.845	-1.796	18.642	0.101	-14.28
21/06/2004	222959.000	-6.940	-1.325	88.270	0.098	-14.37
21/06/2004	225959.000	-1.875	-0.925	12.315	0.065	-14.33
21/06/2004	232959.000	-0.901	-0.808	1.816	0.034	-11.48
21/06/2004	235959.000	-4.586	-3.762	14.700	0.116	-10.85
22/06/2004	002959.000	-5.805	-7.464	-28.790	0.170	-7.57
22/06/2004	005959.000	-9.649	-8.712	17.349	0.054	-7.80
22/06/2004	012959.000	-6.767	-5.470	23.483	0.152	-8.13
22/06/2004	015959.000	-0.624	-0.419	3.579	0.033	-14.49
22/06/2004	022959.000	-0.330	-0.196	2.214	0.054	-20.84
22/06/2004	025959.000	0.378	0.361	-0.452	0.036	-20.09
22/06/2004	032959.000	0.443	0.349	-1.737	0.040	-23.96
22/06/2004	035959.000	-1.596	-1.492	2.274	0.053	-25.20
22/06/2004	042959.000	-1.609	-1.581	0.733	0.044	-16.15
22/06/2004	045959.000	-6.133	-6.172	-0.221	0.094	-1.47
22/06/2004	052959.000	-6.781	-6.029	14.430	0.144	16.59
22/06/2004	055959.000	3.377	5.890	44.470	0.139	62.80
22/06/2004	062959.000	24.780	28.436	63.305	0.174	112.85
22/06/2004	065959.000	26.855	31.429	79.228	0.267	132.33
22/06/2004	072959.000	32.973	40.009	121.637	0.340	170.60
22/06/2004	075959.000	48.589	57.440	152.417	0.409	232.11
22/06/2004	082959.000	86.200	103.742	300.522	0.435	380.54
22/06/2004	085959.000	115.241	133.390	308.737	0.518	394.04
22/06/2004	092959.000	139.772	158.306	312.350	0.442	498.53
22/06/2004	095959.000	130.668	148.285	296.519	0.419	506.30
22/06/2004	102959.000	175.424	197.469	369.178	0.452	563.72
22/06/2004	105959.000	170.696	191.067	339.595	0.399	598.02
22/06/2004	112959.000	157.571	176.302	310.851	0.439	599.63
22/06/2004	115959.000	128.695	147.195	308.834	0.472	528.75
22/06/2004	122959.000	167.139	188.190	348.318	0.486	584.38
22/06/2004	125959.000	161.869	184.707	378.914	0.449	614.17
22/06/2004	132959.000	131.000	148.617	291.949	0.514	563.76
22/06/2004	135959.000	139.324	158.269	312.836	0.469	522.65
22/06/2004	142959.000	119.935	135.388	254.681	0.491	481.80
22/06/2004	145959.000	135.191	150.090	244.583	0.556	417.40
22/06/2004	152959.000	119.230	132.056	209.607	0.570	359.38
22/06/2004	155959.000	115.859	130.811	246.458	0.646	273.79
22/06/2004	162959.000	105.679	119.386	226.405	0.605	288.62
22/06/2004	165959.000	70.811	80.163	154.842	0.584	168.69
22/06/2004	172959.000	46.559	54.478	132.926	0.625	94.58
22/06/2004	175959.000	21.506	26.812	89.487	0.617	9.96
22/06/2004	182959.000	15.255	19.242	68.369	0.591	0.53
22/06/2004	185959.000	3.500	5.993	43.548	0.587	-28.75
22/06/2004	192959.000	19.139	22.240	53.086	0.692	-33.82
22/06/2004	195959.000	3.400	4.446	18.709	0.616	-59.34
22/06/2004	202959.000	6.051	8.945	50.806	0.623	-63.63
22/06/2004	205959.000	25.545	26.692	16.806	0.688	-40.77
22/06/2004	212959.000	24.476	26.269	29.538	0.641	-34.40
22/06/2004	215959.000	27.325	23.988	-60.080	0.595	-25.66
22/06/2004	222959.000	-0.560	1.044	29.258	0.478	-25.95
22/06/2004	225959.000	1.126	-1.881	-52.584	0.483	-21.97
22/06/2004	232959.000	-16.781	-13.043	70.360	0.261	-20.47
22/06/2004	235959.000	-7.612	-7.482	3.489	0.147	-25.45
23/06/2004	002959.000	0.182	0.393	3.955	0.044	-27.74
23/06/2004	005959.000	-7.820	-7.176	12.469	0.178	-25.78
23/06/2004	012959.000	-4.820	-3.892	16.290	0.147	-25.63
23/06/2004	015959.000	-2.507	-2.206	5.739	0.086	-30.86
23/06/2004	022959.000	0.215	0.266	0.779	0.047	-42.83
23/06/2004	025959.000	0.568	0.255	-5.732	0.057	-57.18
23/06/2004	032959.000	-0.979	-0.233	13.420	0.046	-56.45
23/06/2004	035959.000	2.131	2.037	-1.743	0.109	-48.95
23/06/2004	042959.000	-3.425	-3.464	-0.792	0.056	-42.09
23/06/2004	045959.000	-6.380	-7.542	-20.043	0.079	-21.25
23/06/2004	052959.000	-1.897	-0.604	23.650	0.104	11.93
23/06/2004	055959.000	4.452	5.539	18.937	0.101	21.28
23/06/2004	062959.000	0.322	3.360	55.462	0.190	63.93
23/06/2004	065959.000	9.991	16.492	115.024	0.325	128.25
23/06/2004	072959.000	40.292	48.156	135.195	0.311	153.51
23/06/2004	075959.000	44.109	52.547	144.534	0.299	174.06
23/06/2004	082959.000	84.695	96.230	194.914	0.343	256.64
23/06/2004	085959.000	80.917	95.813	253.778	0.328	228.09
23/06/2004	092959.000	106.203	121.418	256.932	0.391	292.83
23/06/2004	095959.000	88.561	99.192	177.380	0.395	334.40
23/06/2004	102959.000	97.192	109.693	209.251	0.451	331.37
23/06/2004	105959.000	145.818	158.244	203.447	0.530	378.81
23/06/2004	112959.000	199.115	215.938	276.138	0.498	636.47
23/06/2004	115959.000	159.071	173.717	241.331	0.468	459.87
23/06/2004	122959.000	148.273	162.256	230.055	0.504	471.21
23/06/2004	125959.000	228.704	251.275	372.083	0.518	541.03
23/06/2004	132959.000	205.425	224.302	309.895	0.568	526.15
23/06/2004	135959.000	138.419	151.676	217.919	0.521	288.26
23/06/2004	142959.000	118.282	131.537	220.546	0.507	345.99
23/06/2004	145959.000	134.599	147.940	221.110	0.525	345.86
23/06/2004	152959.000	61.099	67.966	114.750	0.509	224.58
23/06/2004	155959.000	82.770	92.347	160.130	0.512	237.87
23/06/2004	162959.000	63.048	70.119	118.044	0.420	204.87
23/06/2004	165959.000	51.979	57.751	96.254	0.427	117.48
23/06/2004	172959.000	23.595	27.526	67.403	0.390	53.31
23/06/2004	175959.000	9.868	13.240	59.284	0.345	27.81
23/06/2004	182959.000	3.169	5.893	46.979	0.358	18.12
23/06/2004	185959.000	-1.954	0.453	41.325	0.335	-8.08
23/06/2004	192959.000	-7.986	-5.684	38.859	0.339	-16.28
23/06/2004	195959.000	-13.458	-11.908	27.687	0.280	-21.89
23/06/2004	202959.000	-16.975	-15.649	23.947	0.290	-24.32
23/06/2004	205959.000	-21.305	-19.650	29.806	0.309	-24.06
23/06/2004	212959.000	-21.008	-19.833	22.049	0.292	-21.07
23/06/2004	215959.000	-18.985	-18.050	17.130	0.292	-21.49
23/06/2004	222959.000	-24.710	-23.849	16.850	0.287	-21.32
23/06/2004	225959.000	-23.180	-22.049	20.821	0.270	-20.41
23/06/2004	232959.000	-24.991	-24.214	15.179	0.245	-20.33
23/06/2004	235959.000	-23.515	-22.065	27.395	0.281	-21.53
24/06/2004	002959.000	-28.115	-28.641	-7.176	0.340	-22.30
24/06/2004	005959.000	-26.922	-26.287	13.007	0.301	-27.82
24/06/2004	012959.000	-21.351	-21.180	4.445	0.237	-50.79
24/06/2004	015959.000	-25.217	-25.557	-4.264	0.237	-64.75
24/06/2004	022959.000	-11.737	-11.435	6.120	0.218	-69.28
24/06/2004	025959.000	-8.764	-8.670	2.242	0.164	-55.47
24/06/2004	032959.000	-3.103	-2.896	3.644	0.117	-34.74
24/06/2004	035959.000	-5.222	-4.207	19.334	0.154	-29.61
24/06/2004	042959.000	-4.032	-3.523	9.526	0.147	-27.97
24/06/2004	045959.000	-1.223	0.167	22.227	0.186	-16.06
24/06/2004	052959.000	2.259	3.840	28.896	0.228	-5.03
24/06/2004	055959.000	9.576	11.165	27.297	0.236	3.16
24/06/2004	062959.000	6.954	8.866	33.952	0.165	10.95
24/06/2004	065959.000	4.606	7.130	43.821	0.126	23.57
24/06/2004	072959.000	9.251	15.599	112.984	0.153	56.45
24/06/2004	075959.000	11.506	15.107	63.777	0.115	79.50
24/06/2004	082959.000	26.070	32.102	106.185	0.142	140.48
24/06/2004	085959.000	33.019	40.363	127.613	0.197	160.52
24/06/2004	092959.000	23.852	28.408	79.674	0.165	134.99
24/06/2004	095959.000	43.248	48.968	98.395	0.140	208.31
24/06/2004	102959.000	67.058	76.650	164.645	0.172	262.99
24/06/2004	105959.000	72.267	83.935	199.899	0.173	372.07
24/06/2004	112959.000	94.453	108.092	232.606	0.211	380.67
24/06/2004	115959.000	85.249	97.655	211.679	0.245	442.20
24/06/2004	122959.000	178.546	201.142	382.033	0.182	643.80
24/06/2004	125959.000	105.292	116.438	185.941	0.284	384.29
24/06/2004	132959.000	102.528	116.879	242.226	0.240	342.45
24/06/2004	135959.000	99.230	113.017	232.003	0.209	392.08
24/06/2004	142959.000	101.764	112.362	176.532	0.203	295.07
24/06/2004	145959.000	74.297	86.157	199.989	0.405	181.90
24/06/2004	152959.000	64.699	73.138	141.996	0.302	163.16
24/06/2004	155959.000	48.455	55.491	118.194	0.302	154.36
24/06/2004	162959.000	55.209	62.661	125.731	0.261	173.07
24/06/2004	165959.000	62.445	69.781	123.336	0.319	137.96
24/06/2004	172959.000	36.238	41.073	80.917	0.278	79.61
24/06/2004	175959.000	30.461	34.816	73.579	0.266	40.93
24/06/2004	182959.000	5.837	8.102	38.882	0.182	-4.29
24/06/2004	185959.000	1.904	3.407	26.201	0.199	-6.92
24/06/2004	192959.000	-5.646	-4.878	13.829	0.119	-26.80
24/06/2004	195959.000	-2.373	-2.354	0.433	0.053	-56.73
24/06/2004	202959.000	-1.387	-1.278	1.854	0.054	-70.60
24/06/2004	205959.000	-0.557	-0.492	1.330	0.021	-52.65
24/06/2004	212959.000	-2.443	-2.372	1.490	0.037	-17.70
24/06/2004	215959.000	-4.060	-3.981	1.660	0.053	-49.37
24/06/2004	222959.000	-1.271	-1.268	-0.082	0.028	-62.61
24/06/2004	225959.000	-2.334	-2.276	1.300	0.054	-42.24
24/06/2004	232959.000	-1.115	-1.163	-0.613	0.057	-30.08
24/06/2004	235959.000	-1.660	-1.565	1.821	0.051	-20.89
25/06/2004	002959.000	-5.006	-5.111	-1.480	0.078	-29.49
25/06/2004	005959.000	-11.773	-11.277	9.910	0.114	-24.98
25/06/2004	012959.000	-12.375	-11.764	11.853	0.120	-31.46
25/06/2004	015959.000	-24.129	-23.307	16.596	0.193	-19.49
25/06/2004	022959.000	-13.074	-11.619	27.146	0.275	-15.40
25/06/2004	025959.000	-11.548	-9.639	35.117	0.311	-35.32
25/06/2004	032959.000	-24.419	-23.670	15.269	0.334	-34.58
25/06/2004	035959.000	-8.932	-8.112	15.115	0.198	-9.34
25/06/2004	042959.000	-2.344	-1.106	22.867	0.178	-5.34
25/06/2004	045959.000	-7.508	-6.560	17.561	0.179	7.65
25/06/2004	052959.000	5.815	7.772	34.047	0.171	35.30
25/06/2004	055959.000	8.390	11.032	46.983	0.154	35.38
25/06/2004	062959.000	17.274	20.690	59.882	0.210	47.23
25/06/2004	065959.000	28.569	34.038	94.876	0.264	123.07
25/06/2004	072959.000	41.657	47.326	97.427	0.168	239.91
25/06/2004	075959.000	45.098	52.883	134.453	0.190	256.54
25/06/2004	082959.000	26.575	36.461	172.005	0.094	423.56
25/06/2004	085959.000	51.574	64.314	220.390	0.157	470.29
25/06/2004	092959.000	18.310	26.628	144.865	0.117	327.11
25/06/2004	095959.000	44.447	56.126	201.997	0.224	371.36
25/06/2004	102959.000	88.221	107.650	332.419	0.310	571.14
25/06/2004	105959.000	124.375	150.902	453.624	0.229	623.23
25/06/2004	112959.000	139.853	169.045	497.702	0.286	663.34
25/06/2004	115959.000	118.692	147.826	497.940	0.302	673.13
25/06/2004	122959.000	92.806	116.688	408.217	0.225	602.07
25/06/2004	125959.000	136.037	157.398	360.567	0.212	673.17
25/06/2004	132959.000	95.490	122.322	457.308	0.195	602.66
25/06/2004	135959.000	81.779	101.383	331.918	0.184	589.30
25/06/2004	142959.000	82.193	108.344	444.653	0.141	544.48
25/06/2004	145959.000	94.602	114.332	332.970	0.217	492.25
25/06/2004	152959.000	52.447	70.380	304.772	0.209	421.96
25/06/2004	155959.000	66.293	87.245	354.874	0.263	363.41
25/06/2004	162959.000	42.120	55.021	219.336	0.118	298.92
25/06/2004	165959.000	17.820	27.424	163.389	0.087	229.49
25/06/2004	172959.000	10.571	16.633	103.279	0.126	109.90
25/06/2004	175959.000	-1.744	2.188	67.203	0.114	22.63
25/06/2004	182959.000	-1.979	-1.090	15.151	0.029	-3.79
25/06/2004	185959.000	-0.518	-0.487	0.570	0.035	-34.52
25/06/2004	192959.000	-0.775	-0.599	3.224	0.032	-52.66
25/06/2004	195959.000	-1.117	-0.976	2.398	0.032	-71.49
25/06/2004	202959.000	-0.717	-0.733	0.016	0.029	-66.09
25/06/2004	205959.000	-0.573	-0.575	-0.003	0.026	-66.15
25/06/2004	212959.000	0.462	0.514	1.068	0.054	-66.59
25/06/2004	215959.000	-1.386	-1.231	2.629	0.049	-63.24
25/06/2004	222959.000	-0.588	-0.527	0.994	0.041	-61.80
25/06/2004	225959.000	-1.410	-1.307	1.752	0.081	-67.06
25/06/2004	232959.000	-1.294	-1.391	-1.582	0.057	-62.91
25/06/2004	235959.000	-1.740	-1.632	2.013	0.050	-62.54
26/06/2004	002959.000	-2.364	-2.277	1.842	0.046	-64.45
26/06/2004	005959.000	0.168	0.324	2.657	0.042	-62.13
26/06/2004	012959.000	-1.529	-1.356	2.946	0.030	-62.09
26/06/2004	015959.000	0.609	0.620	0.082	0.037	-59.57
26/06/2004	022959.000	1.011	1.000	-0.219	0.036	-58.39
26/06/2004	025959.000	1.533	1.581	0.664	0.046	-60.39
26/06/2004	032959.000	-3.914	-4.011	-1.513	0.057	-61.97
26/06/2004	035959.000	-4.569	-4.637	-1.032	0.076	-61.52
26/06/2004	042959.000	-3.128	-3.383	-4.472	0.046	-56.39
26/06/2004	045959.000	-3.433	-3.730	-5.005	0.064	-42.45
26/06/2004	052959.000	-9.892	-9.378	9.791	0.166	-6.65
26/06/2004	055959.000	0.530	2.937	42.656	0.218	52.96
26/06/2004	062959.000	10.157	13.518	58.130	0.247	105.14
26/06/2004	065959.000	34.549	41.262	115.201	0.398	189.36
26/06/2004	072959.000	53.716	60.455	113.834	0.408	264.25
26/06/2004	075959.000	75.133	84.995	166.214	0.411	338.97
26/06/2004	082959.000	94.002	107.463	226.462	0.427	401.42
26/06/2004	085959.000	71.575	85.528	235.960	0.321	460.30
26/06/2004	092959.000	76.826	94.444	298.512	0.352	520.70
26/06/2004	095959.000	78.811	100.563	367.693	0.415	554.76
26/06/2004	102959.000	94.332	116.857	377.566	0.420	602.00
26/06/2004	105959.000	80.870	101.512	345.666	0.410	626.70
26/06/2004	112959.000	68.401	91.931	395.171	0.375	642.06
26/06/2004	115959.000	68.248	95.519	456.582	0.386	650.48
26/06/2004	122959.000	79.610	111.643	534.946	0.355	649.41
26/06/2004	125959.000	24.584	44.741	337.504	0.145	636.97
26/06/2004	132959.000	5.253	28.313	387.338	0.073	611.83
26/06/2004	135959.000	-0.605	35.394	604.069	0.202	577.06
26/06/2004	142959.000	-9.326	29.020	646.404	0.303	537.70
26/06/2004	145959.000	2.575	27.957	424.213	0.182	481.92
26/06/2004	152959.000	-4.384	10.016	240.215	0.136	413.01
26/06/2004	155959.000	-14.066	4.019	300.988	0.076	350.41
26/06/2004	162959.000	-8.156	2.881	183.574	0.127	294.47
26/06/2004	165959.000	-9.675	-4.286	90.920	0.098	178.28
26/06/2004	172959.000	-11.162	-6.730	74.123	0.076	92.32
26/06/2004	175959.000	-0.725	-0.167	9.397	0.056	70.88
26/06/2004	182959.000	-1.996	-0.342	28.234	0.043	11.63
26/06/2004	185959.000	-0.784	-0.745	0.574	0.039	13.86
26/06/2004	192959.000	-9.282	-7.691	27.838	0.061	-16.41
26/06/2004	195959.000	-17.269	-17.916	-8.910	0.280	-49.21
26/06/2004	202959.000	-28.986	-27.120	35.547	0.227	-51.29
26/06/2004	205959.000	-3.693	-3.650	1.111	0.127	-40.13
26/06/2004	212959.000	-1.225	-0.907	5.606	0.086	-51.12
26/06/2004	215959.000	-3.135	-2.909	4.289	0.059	-53.28
26/06/2004	222959.000	-9.217	-8.887	6.855	0.067	-52.25
26/06/2004	225959.000	-7.611	-7.362	5.288	0.085	-51.51
26/06/2004	232959.000	-9.946	-9.732	4.934	0.103	-54.21
26/06/2004	235959.000	-37.768	-35.781	39.014	0.254	-57.97
27/06/2004	002959.000	-36.745	-32.711	74.816	0.411	-61.18
27/06/2004	005959.000	-0.474	1.046	26.829	0.394	-60.78
27/06/2004	012959.000	-10.592	-8.702	34.832	0.401	-59.50
27/06/2004	015959.000	-20.563	-19.618	18.791	0.409	-59.64
27/06/2004	022959.000	-28.291	-28.089	7.806	0.404	-59.16
27/06/2004	025959.000	-32.182	-30.578	32.448	0.329	-57.71
27/06/2004	032959.000	-31.548	-28.833	52.371	0.393	-59.18
27/06/2004	035959.000	-21.761	-20.258	29.045	0.360	-59.10
27/06/2004	042959.000	-18.417	-16.593	35.248	0.387	-56.42
27/06/2004	045959.000	+9999	+9999	+9999	+9999	-44.07
27/06/2004	052959.000	+9999	+9999	+9999	+9999	-11.34
27/06/2004	055959.000	+9999	+9999	+9999	+9999	36.75
27/06/2004	062959.000	+9999	+9999	+9999	+9999	106.37
27/06/2004	065959.000	+9999	+9999	+9999	+9999	175.50
27/06/2004	072959.000	+9999	+9999	+9999	+9999	233.03
27/06/2004	075959.000	+9999	+9999	+9999	+9999	314.89
27/06/2004	082959.000	+9999	+9999	+9999	+9999	370.47
27/06/2004	085959.000	+9999	+9999	+9999	+9999	442.18
27/06/2004	092959.000	+9999	+9999	+9999	+9999	499.25
27/06/2004	095959.000	+9999	+9999	+9999	+9999	535.80
27/06/2004	102959.000	+9999	+9999	+9999	+9999	582.94
27/06/2004	105959.000	+9999	+9999	+9999	+9999	591.35
27/06/2004	112959.000	+9999	+9999	+9999	+9999	627.24
27/06/2004	115959.000	+9999	+9999	+9999	+9999	619.00
27/06/2004	122959.000	+9999	+9999	+9999	+9999	627.13
27/06/2004	125959.000	+9999	+9999	+9999	+9999	613.92
27/06/2004	132959.000	+9999	+9999	+9999	+9999	590.11
27/06/2004	135959.000	+9999	+9999	+9999	+9999	552.23
27/06/2004	142959.000	+9999	+9999	+9999	+9999	519.86
27/06/2004	145959.000	+9999	+9999	+9999	+9999	472.48
27/06/2004	152959.000	+9999	+9999	+9999	+9999	410.50
27/06/2004	155959.000	+9999	+9999	+9999	+9999	347.49
27/06/2004	162959.000	+9999	+9999	+9999	+9999	287.65
27/06/2004	165959.000	+9999	+9999	+9999	+9999	217.75
27/06/2004	172959.000	+9999	+9999	+9999	+9999	147.72
27/06/2004	175959.000	+9999	+9999	+9999	+9999	83.73
27/06/2004	182959.000	+9999	+9999	+9999	+9999	17.97
27/06/2004	185959.000	+9999	+9999	+9999	+9999	-29.04
27/06/2004	192959.000	+9999	+9999	+9999	+9999	-57.16
27/06/2004	195959.000	+9999	+9999	+9999	+9999	-67.14
27/06/2004	202959.000	+9999	+9999	+9999	+9999	-68.67
27/06/2004	205959.000	+9999	+9999	+9999	+9999	-67.17
27/06/2004	212959.000	+9999	+9999	+9999	+9999	-65.33
27/06/2004	215959.000	+9999	+9999	+9999	+9999	-61.47
27/06/2004	222959.000	+9999	+9999	+9999	+9999	-57.56
27/06/2004	225959.000	+9999	+9999	+9999	+9999	-54.37
27/06/2004	232959.000	+9999	+9999	+9999	+9999	-38.64
27/06/2004	235959.000	+9999	+9999	+9999	+9999	-24.69
28/06/2004	002959.000	+9999	+9999	+9999	+9999	-15.51
28/06/2004	005959.000	+9999	+9999	+9999	+9999	-12.29
28/06/2004	012959.000	+9999	+9999	+9999	+9999	-12.36
28/06/2004	015959.000	+9999	+9999	+9999	+9999	-12.39
28/06/2004	022959.000	+9999	+9999	+9999	+9999	-12.71
28/06/2004	025959.000	+9999	+9999	+9999	+9999	-13.38
28/06/2004	032959.000	+9999	+9999	+9999	+9999	-14.27
28/06/2004	035959.000	+9999	+9999	+9999	+9999	-12.91
28/06/2004	042959.000	+9999	+9999	+9999	+9999	-15.21
28/06/2004	045959.000	+9999	+9999	+9999	+9999	-18.04
28/06/2004	052959.000	+9999	+9999	+9999	+9999	-19.40
28/06/2004	055959.000	+9999	+9999	+9999	+9999	3.42
28/06/2004	062959.000	+9999	+9999	+9999	+9999	58.39
28/06/2004	065959.000	+9999	+9999	+9999	+9999	39.65
28/06/2004	072959.000	+9999	+9999	+9999	+9999	79.96
28/06/2004	075959.000	+9999	+9999	+9999	+9999	138.94
28/06/2004	082959.000	+9999	+9999	+9999	0.388	197.70
28/06/2004	085959.000	+9999	+9999	+9999	0.285	266.07
28/06/2004	092959.000	61.089	72.949	203.247	0.277	264.58
28/06/2004	095959.000	68.684	82.333	233.208	0.290	310.76
28/06/2004	102959.000	84.949	102.338	297.358	0.326	399.80
28/06/2004	105959.000	95.018	113.786	319.012	0.286	499.74
28/06/2004	112959.000	76.725	100.526	407.389	0.297	494.01
28/06/2004	115959.000	76.403	100.121	404.987	0.304	468.47
28/06/2004	122959.000	97.998	127.931	509.535	0.317	633.89
28/06/2004	125959.000	95.032	122.887	472.849	0.360	603.73
28/06/2004	132959.000	100.609	130.843	512.026	0.403	596.88
28/06/2004	135959.000	108.421	136.817	480.177	0.397	566.24
28/06/2004	142959.000	98.628	126.130	464.741	0.376	517.85
28/06/2004	145959.000	121.393	152.009	515.263	0.430	468.52
28/06/2004	152959.000	95.985	114.413	309.000	0.353	406.01
28/06/2004	155959.000	95.133	114.079	317.070	0.444	318.67
28/06/2004	162959.000	42.921	53.654	180.830	0.381	138.68
28/06/2004	165959.000	49.318	60.876	195.418	0.495	126.49
28/06/2004	172959.000	31.615	41.115	160.208	0.442	135.07
28/06/2004	175959.000	-3.291	2.964	109.366	0.433	43.06
28/06/2004	182959.000	-23.050	-18.021	88.575	0.406	20.45
28/06/2004	185959.000	-30.999	-28.214	49.662	0.352	-16.81
28/06/2004	192959.000	-10.877	-8.746	37.453	0.257	-32.28
28/06/2004	195959.000	-13.108	-11.133	34.557	0.248	-31.57
28/06/2004	202959.000	-12.051	-10.433	28.264	0.200	-41.27
28/06/2004	205959.000	-21.466	-20.768	12.934	0.164	-64.04
28/06/2004	212959.000	-16.488	-15.961	10.110	0.164	-66.89
28/06/2004	215959.000	-16.070	-15.516	10.868	0.164	-61.33
28/06/2004	222959.000	-17.268	-16.575	12.877	0.184	-51.05
28/06/2004	225959.000	-23.536	-23.149	8.011	0.186	-71.20
28/06/2004	232959.000	-29.720	-29.110	12.434	0.191	-70.75
28/06/2004	235959.000	-25.160	-24.841	7.265	0.170	-75.22
29/06/2004	002959.000	-36.253	-37.548	-20.544	0.236	-76.68
29/06/2004	005959.000	-16.436	-16.149	6.212	0.117	-75.16
29/06/2004	012959.000	-26.722	-26.427	7.076	0.154	-62.95
29/06/2004	015959.000	-18.452	-18.233	5.021	0.150	-75.69
29/06/2004	022959.000	-9.128	-8.827	5.444	0.107	-76.90
29/06/2004	025959.000	-11.996	-11.862	3.434	0.119	-75.95
29/06/2004	032959.000	-8.770	-8.410	6.832	0.108	-75.44
29/06/2004	035959.000	-6.498	-6.297	3.624	0.104	-76.03
29/06/2004	042959.000	-4.640	-4.592	0.983	0.071	-72.59
29/06/2004	045959.000	-3.524	-3.440	1.881	0.048	-57.50
29/06/2004	052959.000	-4.045	-3.424	10.898	0.138	-24.52
29/06/2004	055959.000	0.914	3.124	39.084	0.166	30.28
29/06/2004	062959.000	7.417	11.622	73.874	0.233	100.81
29/06/2004	065959.000	20.129	26.951	119.081	0.296	174.01
29/06/2004	072959.000	35.137	45.308	175.575	0.244	238.66
29/06/2004	075959.000	58.244	68.257	170.985	0.247	314.99
29/06/2004	082959.000	66.953	81.357	246.247	0.262	378.85
29/06/2004	085959.000	82.341	99.167	285.268	0.332	438.13
29/06/2004	092959.000	99.518	114.251	248.541	0.210	492.54
29/06/2004	095959.000	87.493	108.692	358.617	0.322	516.48
29/06/2004	102959.000	94.719	117.514	385.112	0.267	567.84
29/06/2004	105959.000	90.580	108.939	309.022	0.279	588.02
29/06/2004	112959.000	70.733	88.831	305.413	0.197	594.51
29/06/2004	115959.000	55.373	74.649	324.120	0.380	616.16
29/06/2004	122959.000	62.684	88.405	432.830	0.277	601.62
29/06/2004	125959.000	40.147	56.961	282.226	0.318	596.06
29/06/2004	132959.000	57.447	78.054	344.937	0.337	578.59
29/06/2004	135959.000	46.057	69.537	393.836	0.287	545.92
29/06/2004	142959.000	28.583	46.820	305.176	0.337	503.87
29/06/2004	145959.000	16.003	32.993	284.754	0.241	448.25
29/06/2004	152959.000	24.607	44.839	338.044	0.279	391.16
29/06/2004	155959.000	9.125	25.593	275.078	0.207	327.00
29/06/2004	162959.000	-2.115	10.644	214.348	0.262	268.68
29/06/2004	165959.000	-8.220	3.036	189.174	0.251	201.11
29/06/2004	172959.000	-11.752	-3.414	140.525	0.172	129.61
29/06/2004	175959.000	-17.796	-11.012	114.870	0.208	60.46
29/06/2004	182959.000	-12.557	-10.327	37.898	0.118	-8.81
29/06/2004	185959.000	-2.286	-2.174	1.958	0.058	-52.62
29/06/2004	192959.000	-1.364	-1.261	1.757	0.033	-79.33
29/06/2004	195959.000	-0.418	-0.367	0.773	0.029	-86.19
29/06/2004	202959.000	-0.695	-0.688	0.090	0.022	-83.41
29/06/2004	205959.000	-0.126	-0.113	0.082	0.021	-78.90
29/06/2004	212959.000	-0.185	-0.168	0.277	0.009	-76.75
29/06/2004	215959.000	0.148	0.147	-0.021	0.012	-74.13
29/06/2004	222959.000	-0.165	-0.154	0.263	0.010	-73.32
29/06/2004	225959.000	0.183	0.191	0.123	0.027	-73.25
29/06/2004	232959.000	-0.195	-0.187	0.096	0.027	-72.84
29/06/2004	235959.000	-0.045	-0.041	0.054	0.021	-70.64
30/06/2004	002959.000	-0.060	-0.026	0.601	0.039	-67.77
30/06/2004	005959.000	-2.700	-2.698	0.155	0.055	-68.03
30/06/2004	012959.000	-1.025	-1.055	-0.549	0.043	-67.68
30/06/2004	015959.000	-0.332	-0.286	0.510	0.023	-66.88
30/06/2004	022959.000	-0.411	-0.405	-0.102	0.036	-67.16
30/06/2004	025959.000	-0.503	-0.517	0.012	0.027	-69.17
30/06/2004	032959.000	-0.661	-0.627	0.557	0.045	-68.81
30/06/2004	035959.000	3.978	3.901	-1.693	0.025	-70.34
30/06/2004	042959.000	0.019	0.024	0.321	0.031	-67.51
30/06/2004	045959.000	-6.473	-5.935	9.859	0.056	-54.39
30/06/2004	052959.000	-4.161	-4.217	-0.850	0.053	-22.84
30/06/2004	055959.000	-4.819	-4.732	2.271	0.066	36.53
30/06/2004	062959.000	11.234	15.611	76.152	0.045	111.27
30/06/2004	065959.000	12.516	18.227	98.579	0.100	180.15
30/06/2004	072959.000	29.871	40.339	180.569	0.132	239.21
30/06/2004	075959.000	26.353	34.043	131.891	0.107	313.24
30/06/2004	082959.000	39.926	55.529	266.118	0.150	375.12
30/06/2004	085959.000	42.053	56.782	250.263	0.161	411.67
30/06/2004	092959.000	26.326	41.688	260.953	0.189	484.82
30/06/2004	095959.000	28.920	46.021	289.606	0.269	530.13
30/06/2004	102959.000	33.926	52.666	315.493	0.203	557.58
30/06/2004	105959.000	44.865	66.362	360.738	0.250	585.50
30/06/2004	112959.000	43.736	66.310	378.266	0.247	600.65
30/06/2004	115959.000	50.874	70.717	331.637	0.333	613.67
30/06/2004	122959.000	51.464	78.187	447.935	0.292	600.33
30/06/2004	125959.000	58.768	81.627	381.168	0.333	569.39
30/06/2004	132959.000	77.060	104.126	450.274	0.441	550.48
30/06/2004	135959.000	66.516	89.767	385.548	0.381	533.87
30/06/2004	142959.000	81.211	102.487	351.944	0.398	498.60
30/06/2004	145959.000	76.728	95.487	310.512	0.421	448.48
30/06/2004	152959.000	52.448	67.280	244.928	0.436	393.52
30/06/2004	155959.000	41.800	56.441	243.174	0.286	325.24
30/06/2004	162959.000	33.104	46.637	224.759	0.338	272.22
30/06/2004	165959.000	23.980	35.425	190.351	0.283	202.17
30/06/2004	172959.000	7.323	14.663	123.246	0.347	128.25
30/06/2004	175959.000	-8.052	1.999	170.816	0.410	83.66
30/06/2004	182959.000	-21.886	-12.396	166.991	0.692	-8.18
30/06/2004	185959.000	-42.705	-34.889	139.036	0.674	-40.30
30/06/2004	192959.000	-37.134	-34.455	48.553	0.606	-64.65
30/06/2004	195959.000	+9999	+9999	35.257	0.557	-67.91
30/06/2004	202959.000	-55.173	-53.826	25.794	0.497	-60.23
30/06/2004	205959.000	-30.234	-29.244	19.278	0.512	-54.82
30/06/2004	212959.000	-26.640	-25.655	18.715	0.455	-68.42
30/06/2004	215959.000	-26.223	-23.133	55.170	0.548	-48.08
30/06/2004	222959.000	-35.878	-33.976	35.636	0.487	-58.32
30/06/2004	225959.000	-32.082	-30.994	20.657	0.523	-47.00
30/06/2004	232959.000	-14.959	-13.957	19.885	0.501	-26.99
30/06/2004	235959.000	-11.825	-11.020	13.270	0.361	-22.28
