#### 	 Vertical City Weather Generator (VCWG)  	 #### 
# Building energy model terms 
# 0:time [hr] 1:sensCoolDemand [W m^-2] 2:sensHeatDemand [W m^-2] 3:dehumDemand [W m^-2] 4:coolConsump [W m^-2] 5:sensWasteCoolHeatDehum [W m^-2] 6:heatConsump [W m^-2] 7:indoorTemp [K] 8:QWater [W m^-2] 9:QGas [W m^-2] 10:sensWaste [W m^-2] 11:elecDomesticDemand [W m^-2] 12:sensWaterHeatDemand [W m^-2]
0 0.057673 0.000000 0.500000 0.015746 0.000000 0.000000 297.050000 0.500000 0.500000 0.097827 0.500000 0.500000 
1 0.000000 0.000000 0.500000 0.000000 0.000000 0.000000 296.637903 0.500000 0.500000 0.097827 0.500000 0.500000 
2 0.000000 0.000000 0.500000 0.000000 0.000000 0.000000 296.126469 0.500000 0.500000 0.097827 0.500000 0.500000 
3 0.000000 0.000000 0.500000 0.000000 0.000000 0.000000 295.842441 0.500000 0.500000 0.097827 0.500000 0.500000 
4 0.000000 0.000000 0.500000 0.000000 0.000000 0.000000 295.792936 0.500000 0.500000 0.097827 0.500000 0.500000 
5 0.000000 0.000000 0.500000 0.000000 0.000000 0.000000 295.496112 0.500000 0.500000 0.097827 0.500000 0.500000 
6 0.000000 0.000000 0.500000 0.000000 0.000000 0.000000 295.510183 0.500000 0.500000 0.097827 0.500000 0.500000 
7 0.000000 0.000000 0.500000 0.000000 0.000000 0.000000 295.779155 0.500000 0.500000 0.097827 0.500000 0.500000 
8 0.000000 0.000000 0.500000 0.000000 0.000000 0.000000 296.461979 0.500000 0.500000 0.097827 0.500000 0.500000 
9 3.437516 0.000000 0.500000 1.108665 0.000000 0.000000 297.050007 0.500000 0.500000 0.097827 0.500000 0.500000 
10 7.585557 0.000000 0.500000 2.561922 0.000000 0.000000 297.050015 0.500000 0.500000 0.097827 0.500000 0.500000 
11 12.394379 0.000000 0.500000 4.419987 0.000000 0.000000 297.050019 0.500000 0.500000 0.097827 0.500000 0.500000 
12 18.062217 0.000000 0.500000 6.620890 0.000000 0.000000 297.050020 0.500000 0.500000 0.097827 0.500000 0.500000 
13 25.173765 0.000000 0.500000 9.435497 0.000000 0.000000 297.050018 0.500000 0.500000 0.097827 0.500000 0.500000 
14 32.629371 0.000000 0.500000 12.474490 0.000000 0.000000 297.050014 0.500000 0.500000 0.097827 0.500000 0.500000 
15 38.676078 0.000000 0.500000 14.898799 0.000000 0.000000 297.050009 0.500000 0.500000 0.097827 0.500000 0.500000 
16 42.897252 0.000000 0.500000 16.543211 0.000000 0.000000 297.050007 0.500000 0.500000 0.097827 0.500000 0.500000 
17 43.224461 0.000000 0.500000 16.447463 0.000000 0.000000 297.050007 0.500000 0.500000 0.097827 0.500000 0.500000 
18 40.343198 0.000000 0.500000 15.090340 0.000000 0.000000 297.050008 0.500000 0.500000 0.097827 0.500000 0.500000 
19 31.420729 0.000000 0.500000 10.577624 0.000000 0.000000 297.050014 0.500000 0.500000 0.097827 0.500000 0.500000 
20 21.408125 0.000000 0.500000 6.461414 0.000000 0.000000 297.050017 0.500000 0.500000 0.097827 0.500000 0.500000 
21 15.588482 0.000000 0.500000 4.577250 0.000000 0.000000 297.050016 0.500000 0.500000 0.097827 0.500000 0.500000 
22 10.646799 0.000000 0.500000 3.069361 0.000000 0.000000 297.050014 0.500000 0.500000 0.097827 0.500000 0.500000 
23 6.560652 0.000000 0.500000 1.860691 0.000000 0.000000 297.050010 0.500000 0.500000 0.097827 0.500000 0.500000 
24 4.700805 0.000000 0.500000 1.336785 0.000000 0.000000 297.050008 0.500000 0.500000 0.097827 0.500000 0.500000 
25 1.751299 0.000000 0.500000 0.486192 0.000000 0.000000 297.050003 0.500000 0.500000 0.097827 0.500000 0.500000 
26 0.000000 0.000000 0.500000 0.000000 0.000000 0.000000 296.981376 0.500000 0.500000 0.097827 0.500000 0.500000 
27 0.000000 0.000000 0.500000 0.000000 0.000000 0.000000 296.738076 0.500000 0.500000 0.097827 0.500000 0.500000 
28 0.000000 0.000000 0.500000 0.000000 0.000000 0.000000 296.622398 0.500000 0.500000 0.097827 0.500000 0.500000 
29 0.000000 0.000000 0.500000 0.000000 0.000000 0.000000 296.572707 0.500000 0.500000 0.097827 0.500000 0.500000 
30 0.000000 0.000000 0.500000 0.000000 0.000000 0.000000 296.700186 0.500000 0.500000 0.097827 0.500000 0.500000 
31 0.000000 0.000000 0.500000 0.000000 0.000000 0.000000 296.898590 0.500000 0.500000 0.097827 0.500000 0.500000 
32 2.773223 0.000000 0.500000 0.840464 0.000000 0.000000 297.050006 0.500000 0.500000 0.097827 0.500000 0.500000 
33 7.705014 0.000000 0.500000 2.511213 0.000000 0.000000 297.050014 0.500000 0.500000 0.097827 0.500000 0.500000 
34 12.329618 0.000000 0.500000 4.264020 0.000000 0.000000 297.050018 0.500000 0.500000 0.097827 0.500000 0.500000 
35 19.621689 0.000000 0.500000 7.467200 0.000000 0.000000 297.050020 0.500000 0.500000 0.097827 0.500000 0.500000 
36 26.701004 0.000000 0.500000 10.734342 0.000000 0.000000 297.050018 0.500000 0.500000 0.097827 0.500000 0.500000 
37 33.769968 0.000000 0.500000 14.006840 0.000000 0.000000 297.050013 0.500000 0.500000 0.097827 0.500000 0.500000 
38 37.325790 0.000000 0.500000 15.174210 0.000000 0.000000 297.050010 0.500000 0.500000 0.097827 0.500000 0.500000 
39 39.839911 0.000000 0.500000 15.767744 0.000000 0.000000 297.050009 0.500000 0.500000 0.097827 0.500000 0.500000 
40 41.732974 0.000000 0.500000 16.087236 0.000000 0.000000 297.050007 0.500000 0.500000 0.097827 0.500000 0.500000 
41 36.710258 0.000000 0.500000 13.084899 0.000000 0.000000 297.050011 0.500000 0.500000 0.097827 0.500000 0.500000 
42 32.088841 0.000000 0.500000 10.941599 0.000000 0.000000 297.050014 0.500000 0.500000 0.097827 0.500000 0.500000 
43 26.569467 0.000000 0.500000 8.613950 0.000000 0.000000 297.050016 0.500000 0.500000 0.097827 0.500000 0.500000 
44 21.668398 0.000000 0.500000 6.814285 0.000000 0.000000 297.050017 0.500000 0.500000 0.097827 0.500000 0.500000 
45 15.004872 0.000000 0.500000 4.462813 0.000000 0.000000 297.050016 0.500000 0.500000 0.097827 0.500000 0.500000 
46 11.442260 0.000000 0.500000 3.382328 0.000000 0.000000 297.050015 0.500000 0.500000 0.097827 0.500000 0.500000 
47 9.577220 0.000000 0.500000 2.871888 0.000000 0.000000 297.050014 0.500000 0.500000 0.097827 0.500000 0.500000 
48 6.199874 0.000000 0.500000 1.806117 0.000000 0.000000 297.050010 0.500000 0.500000 0.097827 0.500000 0.500000 
49 3.536704 0.000000 0.500000 1.007319 0.000000 0.000000 297.050006 0.500000 0.500000 0.097827 0.500000 0.500000 
50 1.388392 0.000000 0.500000 0.388723 0.000000 0.000000 297.050003 0.500000 0.500000 0.097827 0.500000 0.500000 
51 1.058894 0.000000 0.500000 0.298725 0.000000 0.000000 297.050002 0.500000 0.500000 0.097827 0.500000 0.500000 
52 0.000000 0.000000 0.500000 0.000000 0.000000 0.000000 297.042679 0.500000 0.500000 0.097827 0.500000 0.500000 
53 0.160203 0.000000 0.500000 0.045279 0.000000 0.000000 297.050001 0.500000 0.500000 0.097827 0.500000 0.500000 
54 2.091581 0.000000 0.500000 0.595830 0.000000 0.000000 297.050004 0.500000 0.500000 0.097827 0.500000 0.500000 
55 2.615117 0.000000 0.500000 0.766293 0.000000 0.000000 297.050005 0.500000 0.500000 0.097827 0.500000 0.500000 
56 3.967441 0.000000 0.500000 1.196680 0.000000 0.000000 297.050008 0.500000 0.500000 0.097827 0.500000 0.500000 
57 4.725456 0.000000 0.500000 1.435473 0.000000 0.000000 297.050009 0.500000 0.500000 0.097827 0.500000 0.500000 
58 5.102838 0.000000 0.500000 1.545929 0.000000 0.000000 297.050009 0.500000 0.500000 0.097827 0.500000 0.500000 
59 7.972151 0.000000 0.500000 2.503711 0.000000 0.000000 297.050013 0.500000 0.500000 0.097827 0.500000 0.500000 
60 13.133960 0.000000 0.500000 4.341766 0.000000 0.000000 297.050017 0.500000 0.500000 0.097827 0.500000 0.500000 
61 20.997262 0.000000 0.500000 7.362151 0.000000 0.000000 297.050019 0.500000 0.500000 0.097827 0.500000 0.500000 
62 28.175226 0.000000 0.500000 10.273158 0.000000 0.000000 297.050016 0.500000 0.500000 0.097827 0.500000 0.500000 
63 35.271806 0.000000 0.500000 13.411816 0.000000 0.000000 297.050012 0.500000 0.500000 0.097827 0.500000 0.500000 
64 40.812596 0.000000 0.500000 15.778143 0.000000 0.000000 297.050008 0.500000 0.500000 0.097827 0.500000 0.500000 
65 40.305914 0.000000 0.500000 15.051321 0.000000 0.000000 297.050008 0.500000 0.500000 0.097827 0.500000 0.500000 
66 37.189827 0.000000 0.500000 13.521996 0.000000 0.000000 297.050011 0.500000 0.500000 0.097827 0.500000 0.500000 
67 31.072984 0.000000 0.500000 10.649349 0.000000 0.000000 297.050014 0.500000 0.500000 0.097827 0.500000 0.500000 
68 21.055393 0.000000 0.500000 6.427881 0.000000 0.000000 297.050017 0.500000 0.500000 0.097827 0.500000 0.500000 
69 15.355268 0.000000 0.500000 4.543733 0.000000 0.000000 297.050016 0.500000 0.500000 0.097827 0.500000 0.500000 
70 9.870237 0.000000 0.500000 2.829884 0.000000 0.000000 297.050013 0.500000 0.500000 0.097827 0.500000 0.500000 
71 5.709265 0.000000 0.500000 1.605085 0.000000 0.000000 297.050009 0.500000 0.500000 0.097827 0.500000 0.500000 
72 2.826756 0.000000 0.500000 0.782160 0.000000 0.000000 297.050005 0.500000 0.500000 0.097827 0.500000 0.500000 
73 0.627496 0.000000 0.500000 0.171631 0.000000 0.000000 297.050001 0.500000 0.500000 0.097827 0.500000 0.500000 
74 0.000000 0.000000 0.500000 0.000000 0.000000 0.000000 297.030464 0.500000 0.500000 0.097827 0.500000 0.500000 
75 0.000000 0.000000 0.500000 0.000000 0.000000 0.000000 296.834829 0.500000 0.500000 0.097827 0.500000 0.500000 
76 0.000000 0.000000 0.500000 0.000000 0.000000 0.000000 296.750418 0.500000 0.500000 0.097827 0.500000 0.500000 
77 0.000000 0.000000 0.500000 0.000000 0.000000 0.000000 296.811554 0.500000 0.500000 0.097827 0.500000 0.500000 
78 0.267246 0.000000 0.500000 0.075250 0.000000 0.000000 297.049983 0.500000 0.500000 0.097827 0.500000 0.500000 
79 4.082748 0.000000 0.500000 1.243055 0.000000 0.000000 297.050008 0.500000 0.500000 0.097827 0.500000 0.500000 
80 9.501525 0.000000 0.500000 3.179041 0.000000 0.000000 297.050016 0.500000 0.500000 0.097827 0.500000 0.500000 
81 14.828756 0.000000 0.500000 5.360807 0.000000 0.000000 297.050020 0.500000 0.500000 0.097827 0.500000 0.500000 
82 20.344515 0.000000 0.500000 7.908369 0.000000 0.000000 297.050020 0.500000 0.500000 0.097827 0.500000 0.500000 
83 25.941150 0.000000 0.500000 10.749290 0.000000 0.000000 297.050019 0.500000 0.500000 0.097827 0.500000 0.500000 
84 32.887433 0.000000 0.500000 14.402790 0.000000 0.000000 297.050014 0.500000 0.500000 0.097827 0.500000 0.500000 
85 40.395795 0.000000 0.500000 18.387939 0.000000 0.000000 297.050007 0.500000 0.500000 0.097827 0.500000 0.500000 
86 46.745453 0.000000 0.500000 21.512172 0.000000 0.000000 297.050003 0.500000 0.500000 0.097827 0.500000 0.500000 
87 51.427882 0.000000 0.500000 23.504437 0.000000 0.000000 297.051763 0.500000 0.500000 0.097827 0.500000 0.500000 
88 53.587246 0.000000 0.500000 23.858863 0.000000 0.000000 297.051280 0.500000 0.500000 0.097827 0.500000 0.500000 
89 50.896383 0.000000 0.500000 21.330158 0.000000 0.000000 297.052342 0.500000 0.500000 0.097827 0.500000 0.500000 
90 45.501815 0.000000 0.500000 17.980077 0.000000 0.000000 297.050005 0.500000 0.500000 0.097827 0.500000 0.500000 
91 36.989384 0.000000 0.500000 13.270630 0.000000 0.000000 297.050011 0.500000 0.500000 0.097827 0.500000 0.500000 
92 28.974835 0.000000 0.500000 9.653709 0.000000 0.000000 297.050015 0.500000 0.500000 0.097827 0.500000 0.500000 
93 22.176932 0.000000 0.500000 7.050796 0.000000 0.000000 297.050017 0.500000 0.500000 0.097827 0.500000 0.500000 
94 17.454523 0.000000 0.500000 5.459305 0.000000 0.000000 297.050018 0.500000 0.500000 0.097827 0.500000 0.500000 
95 13.313177 0.000000 0.500000 4.088063 0.000000 0.000000 297.050016 0.500000 0.500000 0.097827 0.500000 0.500000 
96 10.844980 0.000000 0.500000 3.305753 0.000000 0.000000 297.050015 0.500000 0.500000 0.097827 0.500000 0.500000 
97 8.499062 0.000000 0.500000 2.556351 0.000000 0.000000 297.050013 0.500000 0.500000 0.097827 0.500000 0.500000 
98 6.278964 0.000000 0.500000 1.858324 0.000000 0.000000 297.050011 0.500000 0.500000 0.097827 0.500000 0.500000 
99 3.257085 0.000000 0.500000 0.928364 0.000000 0.000000 297.050006 0.500000 0.500000 0.097827 0.500000 0.500000 
100 2.507512 0.000000 0.500000 0.707743 0.000000 0.000000 297.050005 0.500000 0.500000 0.097827 0.500000 0.500000 
101 2.792165 0.000000 0.500000 0.785890 0.000000 0.000000 297.050005 0.500000 0.500000 0.097827 0.500000 0.500000 
102 4.593408 0.000000 0.500000 1.338239 0.000000 0.000000 297.050008 0.500000 0.500000 0.097827 0.500000 0.500000 
103 7.667032 0.000000 0.500000 2.405723 0.000000 0.000000 297.050013 0.500000 0.500000 0.097827 0.500000 0.500000 
104 12.501755 0.000000 0.500000 4.278959 0.000000 0.000000 297.050018 0.500000 0.500000 0.097827 0.500000 0.500000 
105 18.236760 0.000000 0.500000 6.807682 0.000000 0.000000 297.050020 0.500000 0.500000 0.097827 0.500000 0.500000 
106 23.868800 0.000000 0.500000 9.618632 0.000000 0.000000 297.050019 0.500000 0.500000 0.097827 0.500000 0.500000 
107 27.333168 0.000000 0.500000 11.309474 0.000000 0.000000 297.050018 0.500000 0.500000 0.097827 0.500000 0.500000 
108 33.782013 0.000000 0.500000 14.606703 0.000000 0.000000 297.050013 0.500000 0.500000 0.097827 0.500000 0.500000 
109 40.578075 0.000000 0.500000 17.919196 0.000000 0.000000 297.050007 0.500000 0.500000 0.097827 0.500000 0.500000 
110 51.250859 0.000000 0.500000 24.647060 0.000000 0.000000 297.051533 0.500000 0.500000 0.097827 0.500000 0.500000 
111 55.753984 0.000000 0.500000 26.312267 0.000000 0.000000 297.050165 0.500000 0.500000 0.097827 0.500000 0.500000 
112 57.207543 0.000000 0.500000 25.853277 0.000000 0.000000 297.074982 0.500000 0.500000 0.097827 0.500000 0.500000 
113 54.347087 0.000000 0.500000 23.175681 0.000000 0.000000 297.051317 0.500000 0.500000 0.097827 0.500000 0.500000 
114 48.096186 0.000000 0.500000 19.127146 0.000000 0.000000 297.050047 0.500000 0.500000 0.097827 0.500000 0.500000 
115 40.522568 0.000000 0.500000 14.980151 0.000000 0.000000 297.050008 0.500000 0.500000 0.097827 0.500000 0.500000 
116 31.742801 0.000000 0.500000 10.806943 0.000000 0.000000 297.050014 0.500000 0.500000 0.097827 0.500000 0.500000 
117 24.983128 0.000000 0.500000 8.141183 0.000000 0.000000 297.050017 0.500000 0.500000 0.097827 0.500000 0.500000 
118 19.840475 0.000000 0.500000 6.324145 0.000000 0.000000 297.050018 0.500000 0.500000 0.097827 0.500000 0.500000 
119 14.562339 0.000000 0.500000 4.477878 0.000000 0.000000 297.050017 0.500000 0.500000 0.097827 0.500000 0.500000 
120 10.330192 0.000000 0.500000 3.066783 0.000000 0.000000 297.050014 0.500000 0.500000 0.097827 0.500000 0.500000 
121 7.747225 0.000000 0.500000 2.270241 0.000000 0.000000 297.050012 0.500000 0.500000 0.097827 0.500000 0.500000 
122 8.331713 0.000000 0.500000 2.532858 0.000000 0.000000 297.050013 0.500000 0.500000 0.097827 0.500000 0.500000 
123 9.629878 0.000000 0.500000 3.044859 0.000000 0.000000 297.050015 0.500000 0.500000 0.097827 0.500000 0.500000 
124 2.304856 0.000000 0.500000 0.643010 0.000000 0.000000 297.050004 0.500000 0.500000 0.097827 0.500000 0.500000 
125 3.341755 0.000000 0.500000 0.942906 0.000000 0.000000 297.050006 0.500000 0.500000 0.097827 0.500000 0.500000 
126 5.918963 0.000000 0.500000 1.755349 0.000000 0.000000 297.050010 0.500000 0.500000 0.097827 0.500000 0.500000 
127 7.165641 0.000000 0.500000 2.222175 0.000000 0.000000 297.050012 0.500000 0.500000 0.097827 0.500000 0.500000 
128 9.568873 0.000000 0.500000 3.106376 0.000000 0.000000 297.050015 0.500000 0.500000 0.097827 0.500000 0.500000 
129 14.224912 0.000000 0.500000 4.948870 0.000000 0.000000 297.050019 0.500000 0.500000 0.097827 0.500000 0.500000 
130 18.590331 0.000000 0.500000 6.827028 0.000000 0.000000 297.050020 0.500000 0.500000 0.097827 0.500000 0.500000 
131 20.893479 0.000000 0.500000 7.735178 0.000000 0.000000 297.050019 0.500000 0.500000 0.097827 0.500000 0.500000 
132 28.787241 0.000000 0.500000 11.508675 0.000000 0.000000 297.050016 0.500000 0.500000 0.097827 0.500000 0.500000 
133 37.764760 0.000000 0.500000 16.167467 0.000000 0.000000 297.050010 0.500000 0.500000 0.097827 0.500000 0.500000 
134 44.107776 0.000000 0.500000 19.085795 0.000000 0.000000 297.050005 0.500000 0.500000 0.097827 0.500000 0.500000 
135 49.047359 0.000000 0.500000 21.187209 0.000000 0.000000 297.052322 0.500000 0.500000 0.097827 0.500000 0.500000 
136 51.179294 0.000000 0.500000 21.461493 0.000000 0.000000 297.052283 0.500000 0.500000 0.097827 0.500000 0.500000 
137 49.804992 0.000000 0.500000 20.003212 0.000000 0.000000 297.050357 0.500000 0.500000 0.097827 0.500000 0.500000 
138 43.720729 0.000000 0.500000 16.504566 0.000000 0.000000 297.050006 0.500000 0.500000 0.097827 0.500000 0.500000 
139 36.783476 0.000000 0.500000 13.077922 0.000000 0.000000 297.050011 0.500000 0.500000 0.097827 0.500000 0.500000 
140 31.106433 0.000000 0.500000 10.691056 0.000000 0.000000 297.050014 0.500000 0.500000 0.097827 0.500000 0.500000 
141 24.527024 0.000000 0.500000 8.047011 0.000000 0.000000 297.050017 0.500000 0.500000 0.097827 0.500000 0.500000 
142 19.305157 0.000000 0.500000 6.158505 0.000000 0.000000 297.050018 0.500000 0.500000 0.097827 0.500000 0.500000 
143 15.718715 0.000000 0.500000 4.965549 0.000000 0.000000 297.050017 0.500000 0.500000 0.097827 0.500000 0.500000 
144 13.740373 0.000000 0.500000 4.342285 0.000000 0.000000 297.050017 0.500000 0.500000 0.097827 0.500000 0.500000 
145 10.629915 0.000000 0.500000 3.271942 0.000000 0.000000 297.050015 0.500000 0.500000 0.097827 0.500000 0.500000 
146 4.618688 0.000000 0.500000 1.311002 0.000000 0.000000 297.050008 0.500000 0.500000 0.097827 0.500000 0.500000 
147 1.971584 0.000000 0.500000 0.543990 0.000000 0.000000 297.050004 0.500000 0.500000 0.097827 0.500000 0.500000 
148 2.312890 0.000000 0.500000 0.644640 0.000000 0.000000 297.050004 0.500000 0.500000 0.097827 0.500000 0.500000 
149 1.647706 0.000000 0.500000 0.450799 0.000000 0.000000 297.050003 0.500000 0.500000 0.097827 0.500000 0.500000 
150 1.961994 0.000000 0.500000 0.542452 0.000000 0.000000 297.050004 0.500000 0.500000 0.097827 0.500000 0.500000 
151 1.590303 0.000000 0.500000 0.448376 0.000000 0.000000 297.050003 0.500000 0.500000 0.097827 0.500000 0.500000 
152 3.112232 0.000000 0.500000 0.911227 0.000000 0.000000 297.050006 0.500000 0.500000 0.097827 0.500000 0.500000 
153 5.868153 0.000000 0.500000 1.801001 0.000000 0.000000 297.050010 0.500000 0.500000 0.097827 0.500000 0.500000 
154 9.271739 0.000000 0.500000 3.007379 0.000000 0.000000 297.050015 0.500000 0.500000 0.097827 0.500000 0.500000 
155 13.239687 0.000000 0.500000 4.533720 0.000000 0.000000 297.050018 0.500000 0.500000 0.097827 0.500000 0.500000 
156 15.538090 0.000000 0.500000 5.307740 0.000000 0.000000 297.050019 0.500000 0.500000 0.097827 0.500000 0.500000 
157 10.297656 0.000000 0.500000 3.083272 0.000000 0.000000 297.050014 0.500000 0.500000 0.097827 0.500000 0.500000 
158 16.822941 0.000000 0.500000 5.242464 0.000000 0.000000 297.050017 0.500000 0.500000 0.097827 0.500000 0.500000 
159 24.337643 0.000000 0.500000 7.981745 0.000000 0.000000 297.050017 0.500000 0.500000 0.097827 0.500000 0.500000 
160 30.348911 0.000000 0.500000 10.427492 0.000000 0.000000 297.050015 0.500000 0.500000 0.097827 0.500000 0.500000 
161 30.117337 0.000000 0.500000 10.351819 0.000000 0.000000 297.050015 0.500000 0.500000 0.097827 0.500000 0.500000 
162 27.613221 0.000000 0.500000 9.227174 0.000000 0.000000 297.050016 0.500000 0.500000 0.097827 0.500000 0.500000 
163 24.922141 0.000000 0.500000 8.191950 0.000000 0.000000 297.050017 0.500000 0.500000 0.097827 0.500000 0.500000 
164 20.874272 0.000000 0.500000 6.713107 0.000000 0.000000 297.050018 0.500000 0.500000 0.097827 0.500000 0.500000 
165 14.859162 0.000000 0.500000 4.535374 0.000000 0.000000 297.050017 0.500000 0.500000 0.097827 0.500000 0.500000 
166 11.276772 0.000000 0.500000 3.403818 0.000000 0.000000 297.050015 0.500000 0.500000 0.097827 0.500000 0.500000 
167 5.173605 0.000000 0.500000 1.467812 0.000000 0.000000 297.050009 0.500000 0.500000 0.097827 0.500000 0.500000 
168 2.663520 0.000000 0.500000 0.745170 0.000000 0.000000 297.050005 0.500000 0.500000 0.097827 0.500000 0.500000 
169 1.340256 0.000000 0.500000 0.375192 0.000000 0.000000 297.050003 0.500000 0.500000 0.097827 0.500000 0.500000 
170 0.178413 0.000000 0.500000 0.049842 0.000000 0.000000 297.050000 0.500000 0.500000 0.097827 0.500000 0.500000 
171 0.000000 0.000000 0.500000 0.000000 0.000000 0.000000 296.935091 0.500000 0.500000 0.097827 0.500000 0.500000 
172 0.000000 0.000000 0.500000 0.000000 0.000000 0.000000 296.923736 0.500000 0.500000 0.097827 0.500000 0.500000 
173 0.000000 0.000000 0.500000 0.000000 0.000000 0.000000 296.969210 0.500000 0.500000 0.097827 0.500000 0.500000 
174 0.000000 0.000000 0.500000 0.000000 0.000000 0.000000 297.010320 0.500000 0.500000 0.097827 0.500000 0.500000 
175 1.163001 0.000000 0.500000 0.336260 0.000000 0.000000 297.050002 0.500000 0.500000 0.097827 0.500000 0.500000 
176 4.307680 0.000000 0.500000 1.316564 0.000000 0.000000 297.050008 0.500000 0.500000 0.097827 0.500000 0.500000 
177 9.829522 0.000000 0.500000 3.268292 0.000000 0.000000 297.050016 0.500000 0.500000 0.097827 0.500000 0.500000 
178 11.645292 0.000000 0.500000 3.916874 0.000000 0.000000 297.050017 0.500000 0.500000 0.097827 0.500000 0.500000 
179 16.808583 0.000000 0.500000 6.012727 0.000000 0.000000 297.050019 0.500000 0.500000 0.097827 0.500000 0.500000 
180 22.711970 0.000000 0.500000 8.572490 0.000000 0.000000 297.050019 0.500000 0.500000 0.097827 0.500000 0.500000 
181 25.219792 0.000000 0.500000 9.394485 0.000000 0.000000 297.050018 0.500000 0.500000 0.097827 0.500000 0.500000 
182 27.597197 0.000000 0.500000 10.227831 0.000000 0.000000 297.050017 0.500000 0.500000 0.097827 0.500000 0.500000 
183 31.194008 0.000000 0.500000 11.526763 0.000000 0.000000 297.050014 0.500000 0.500000 0.097827 0.500000 0.500000 
184 33.984946 0.000000 0.500000 12.358810 0.000000 0.000000 297.050013 0.500000 0.500000 0.097827 0.500000 0.500000 
185 34.089953 0.000000 0.500000 12.206410 0.000000 0.000000 297.050013 0.500000 0.500000 0.097827 0.500000 0.500000 
186 30.872564 0.000000 0.500000 10.639898 0.000000 0.000000 297.050014 0.500000 0.500000 0.097827 0.500000 0.500000 
187 26.248845 0.000000 0.500000 8.678000 0.000000 0.000000 297.050016 0.500000 0.500000 0.097827 0.500000 0.500000 
188 21.096042 0.000000 0.500000 6.711051 0.000000 0.000000 297.050017 0.500000 0.500000 0.097827 0.500000 0.500000 
189 16.844251 0.000000 0.500000 5.262398 0.000000 0.000000 297.050017 0.500000 0.500000 0.097827 0.500000 0.500000 
190 11.340818 0.000000 0.500000 3.393158 0.000000 0.000000 297.050015 0.500000 0.500000 0.097827 0.500000 0.500000 
191 7.675048 0.000000 0.500000 2.254631 0.000000 0.000000 297.050012 0.500000 0.500000 0.097827 0.500000 0.500000 
192 8.762385 0.000000 0.500000 2.702100 0.000000 0.000000 297.050013 0.500000 0.500000 0.097827 0.500000 0.500000 
193 7.144599 0.000000 0.500000 2.189749 0.000000 0.000000 297.050012 0.500000 0.500000 0.097827 0.500000 0.500000 
194 1.276896 0.000000 0.500000 0.359592 0.000000 0.000000 297.050003 0.500000 0.500000 0.097827 0.500000 0.500000 
195 0.000000 0.000000 0.500000 0.000000 0.000000 0.000000 296.849687 0.500000 0.500000 0.097827 0.500000 0.500000 
196 0.000000 0.000000 0.500000 0.000000 0.000000 0.000000 296.789952 0.500000 0.500000 0.097827 0.500000 0.500000 
197 0.000000 0.000000 0.500000 0.000000 0.000000 0.000000 296.958674 0.500000 0.500000 0.097827 0.500000 0.500000 
198 0.869167 0.000000 0.500000 0.244722 0.000000 0.000000 297.050002 0.500000 0.500000 0.097827 0.500000 0.500000 
199 2.145860 0.000000 0.500000 0.627387 0.000000 0.000000 297.050004 0.500000 0.500000 0.097827 0.500000 0.500000 
200 5.013457 0.000000 0.500000 1.541671 0.000000 0.000000 297.050009 0.500000 0.500000 0.097827 0.500000 0.500000 
201 10.474598 0.000000 0.500000 3.493795 0.000000 0.000000 297.050016 0.500000 0.500000 0.097827 0.500000 0.500000 
202 14.492914 0.000000 0.500000 5.072849 0.000000 0.000000 297.050019 0.500000 0.500000 0.097827 0.500000 0.500000 
203 17.138867 0.000000 0.500000 6.105047 0.000000 0.000000 297.050019 0.500000 0.500000 0.097827 0.500000 0.500000 
204 20.746606 0.000000 0.500000 7.498707 0.000000 0.000000 297.050019 0.500000 0.500000 0.097827 0.500000 0.500000 
205 25.572486 0.000000 0.500000 9.444055 0.000000 0.000000 297.050018 0.500000 0.500000 0.097827 0.500000 0.500000 
206 31.311597 0.000000 0.500000 11.736129 0.000000 0.000000 297.050014 0.500000 0.500000 0.097827 0.500000 0.500000 
207 33.982032 0.000000 0.500000 12.568453 0.000000 0.000000 297.050013 0.500000 0.500000 0.097827 0.500000 0.500000 
208 39.335754 0.000000 0.500000 14.789435 0.000000 0.000000 297.050009 0.500000 0.500000 0.097827 0.500000 0.500000 
209 41.263107 0.000000 0.500000 15.624178 0.000000 0.000000 297.050008 0.500000 0.500000 0.097827 0.500000 0.500000 
210 39.250529 0.000000 0.500000 14.685994 0.000000 0.000000 297.050009 0.500000 0.500000 0.097827 0.500000 0.500000 
211 33.812036 0.000000 0.500000 11.999429 0.000000 0.000000 297.050012 0.500000 0.500000 0.097827 0.500000 0.500000 
212 27.575168 0.000000 0.500000 9.294787 0.000000 0.000000 297.050016 0.500000 0.500000 0.097827 0.500000 0.500000 
213 18.862175 0.000000 0.500000 5.820638 0.000000 0.000000 297.050017 0.500000 0.500000 0.097827 0.500000 0.500000 
214 15.022664 0.000000 0.500000 4.621680 0.000000 0.000000 297.050017 0.500000 0.500000 0.097827 0.500000 0.500000 
215 10.913121 0.000000 0.500000 3.294109 0.000000 0.000000 297.050015 0.500000 0.500000 0.097827 0.500000 0.500000 
216 7.800684 0.000000 0.500000 2.308637 0.000000 0.000000 297.050012 0.500000 0.500000 0.097827 0.500000 0.500000 
217 4.600971 0.000000 0.500000 1.323595 0.000000 0.000000 297.050008 0.500000 0.500000 0.097827 0.500000 0.500000 
218 1.592802 0.000000 0.500000 0.444847 0.000000 0.000000 297.050003 0.500000 0.500000 0.097827 0.500000 0.500000 
219 0.000000 0.000000 0.500000 0.000000 0.000000 0.000000 297.007329 0.500000 0.500000 0.097827 0.500000 0.500000 
220 1.219487 0.000000 0.500000 0.344418 0.000000 0.000000 297.050002 0.500000 0.500000 0.097827 0.500000 0.500000 
221 1.757661 0.000000 0.500000 0.495647 0.000000 0.000000 297.050003 0.500000 0.500000 0.097827 0.500000 0.500000 
222 2.999803 0.000000 0.500000 0.864462 0.000000 0.000000 297.050006 0.500000 0.500000 0.097827 0.500000 0.500000 
223 5.590204 0.000000 0.500000 1.717162 0.000000 0.000000 297.050010 0.500000 0.500000 0.097827 0.500000 0.500000 
224 9.469329 0.000000 0.500000 3.116731 0.000000 0.000000 297.050015 0.500000 0.500000 0.097827 0.500000 0.500000 
225 14.950393 0.000000 0.500000 5.338687 0.000000 0.000000 297.050019 0.500000 0.500000 0.097827 0.500000 0.500000 
226 20.350373 0.000000 0.500000 7.789291 0.000000 0.000000 297.050020 0.500000 0.500000 0.097827 0.500000 0.500000 
227 24.438199 0.000000 0.500000 9.684982 0.000000 0.000000 297.050019 0.500000 0.500000 0.097827 0.500000 0.500000 
228 30.290768 0.000000 0.500000 12.437325 0.000000 0.000000 297.050015 0.500000 0.500000 0.097827 0.500000 0.500000 
229 36.426444 0.000000 0.500000 15.210419 0.000000 0.000000 297.050011 0.500000 0.500000 0.097827 0.500000 0.500000 
230 42.357656 0.000000 0.500000 17.823720 0.000000 0.000000 297.050006 0.500000 0.500000 0.097827 0.500000 0.500000 
231 46.624522 0.000000 0.500000 19.453641 0.000000 0.000000 297.050004 0.500000 0.500000 0.097827 0.500000 0.500000 
232 47.519663 0.000000 0.500000 18.994524 0.000000 0.000000 297.050004 0.500000 0.500000 0.097827 0.500000 0.500000 
233 44.798908 0.000000 0.500000 16.927169 0.000000 0.000000 297.050006 0.500000 0.500000 0.097827 0.500000 0.500000 
234 38.171393 0.000000 0.500000 13.385542 0.000000 0.000000 297.050010 0.500000 0.500000 0.097827 0.500000 0.500000 
235 30.518036 0.000000 0.500000 9.934313 0.000000 0.000000 297.050014 0.500000 0.500000 0.097827 0.500000 0.500000 
236 24.556450 0.000000 0.500000 7.730355 0.000000 0.000000 297.050017 0.500000 0.500000 0.097827 0.500000 0.500000 
237 19.041130 0.000000 0.500000 5.839129 0.000000 0.000000 297.050017 0.500000 0.500000 0.097827 0.500000 0.500000 
238 13.297110 0.000000 0.500000 3.924978 0.000000 0.000000 297.050016 0.500000 0.500000 0.097827 0.500000 0.500000 
239 8.999605 0.000000 0.500000 2.594083 0.000000 0.000000 297.050013 0.500000 0.500000 0.097827 0.500000 0.500000 
240 5.509048 0.000000 0.500000 1.544598 0.000000 0.000000 297.050009 0.500000 0.500000 0.097827 0.500000 0.500000 
241 2.872954 0.000000 0.500000 0.790114 0.000000 0.000000 297.050005 0.500000 0.500000 0.097827 0.500000 0.500000 
242 2.762183 0.000000 0.500000 0.773949 0.000000 0.000000 297.050005 0.500000 0.500000 0.097827 0.500000 0.500000 
243 1.517968 0.000000 0.500000 0.421376 0.000000 0.000000 297.050003 0.500000 0.500000 0.097827 0.500000 0.500000 
244 2.391672 0.000000 0.500000 0.674368 0.000000 0.000000 297.050005 0.500000 0.500000 0.097827 0.500000 0.500000 
245 1.982751 0.000000 0.500000 0.549466 0.000000 0.000000 297.050004 0.500000 0.500000 0.097827 0.500000 0.500000 
246 1.407777 0.000000 0.500000 0.388000 0.000000 0.000000 297.050003 0.500000 0.500000 0.097827 0.500000 0.500000 
247 0.000000 0.000000 0.500000 0.000000 0.000000 0.000000 297.033605 0.500000 0.500000 0.097827 0.500000 0.500000 
248 0.000000 0.000000 0.500000 0.000000 0.000000 0.000000 296.847064 0.500000 0.500000 0.097827 0.500000 0.500000 
249 0.000000 0.000000 0.500000 0.000000 0.000000 0.000000 296.726930 0.500000 0.500000 0.097827 0.500000 0.500000 
250 0.000000 0.000000 0.500000 0.000000 0.000000 0.000000 296.593456 0.500000 0.500000 0.097827 0.500000 0.500000 
251 0.000000 0.000000 0.500000 0.000000 0.000000 0.000000 296.635201 0.500000 0.500000 0.097827 0.500000 0.500000 
252 0.000000 0.000000 0.500000 0.000000 0.000000 0.000000 296.803710 0.500000 0.500000 0.097827 0.500000 0.500000 
253 0.000000 0.000000 0.500000 0.000000 0.000000 0.000000 297.022740 0.500000 0.500000 0.097827 0.500000 0.500000 
254 1.306794 0.000000 0.500000 0.368276 0.000000 0.000000 297.050003 0.500000 0.500000 0.097827 0.500000 0.500000 
255 2.659543 0.000000 0.500000 0.744652 0.000000 0.000000 297.050005 0.500000 0.500000 0.097827 0.500000 0.500000 
256 5.281072 0.000000 0.500000 1.486699 0.000000 0.000000 297.050009 0.500000 0.500000 0.097827 0.500000 0.500000 
257 6.552502 0.000000 0.500000 1.847568 0.000000 0.000000 297.050010 0.500000 0.500000 0.097827 0.500000 0.500000 
258 8.418330 0.000000 0.500000 2.444420 0.000000 0.000000 297.050012 0.500000 0.500000 0.097827 0.500000 0.500000 
259 8.731682 0.000000 0.500000 2.575295 0.000000 0.000000 297.050013 0.500000 0.500000 0.097827 0.500000 0.500000 
260 6.544561 0.000000 0.500000 1.895139 0.000000 0.000000 297.050010 0.500000 0.500000 0.097827 0.500000 0.500000 
261 3.145074 0.000000 0.500000 0.886221 0.000000 0.000000 297.050006 0.500000 0.500000 0.097827 0.500000 0.500000 
262 0.138773 0.000000 0.500000 0.039387 0.000000 0.000000 297.050000 0.500000 0.500000 0.097827 0.500000 0.500000 
263 0.000000 0.000000 0.500000 0.000000 0.000000 0.000000 296.805516 0.500000 0.500000 0.097827 0.500000 0.500000 
264 0.000000 0.000000 0.500000 0.000000 0.000000 0.000000 296.677122 0.500000 0.500000 0.097827 0.500000 0.500000 
265 0.000000 0.000000 0.500000 0.000000 0.000000 0.000000 296.456925 0.500000 0.500000 0.097827 0.500000 0.500000 
266 0.000000 0.000000 0.500000 0.000000 0.000000 0.000000 295.979666 0.500000 0.500000 0.097827 0.500000 0.500000 
267 0.000000 0.000000 0.500000 0.000000 0.000000 0.000000 295.615898 0.500000 0.500000 0.097827 0.500000 0.500000 
268 0.000000 0.000000 0.500000 0.000000 0.000000 0.000000 295.376382 0.500000 0.500000 0.097827 0.500000 0.500000 
269 0.000000 0.000000 0.500000 0.000000 0.000000 0.000000 295.319217 0.500000 0.500000 0.097827 0.500000 0.500000 
270 0.000000 0.000000 0.500000 0.000000 0.000000 0.000000 295.298659 0.500000 0.500000 0.097827 0.500000 0.500000 
271 0.000000 0.000000 0.500000 0.000000 0.000000 0.000000 295.323574 0.500000 0.500000 0.097827 0.500000 0.500000 
272 0.000000 0.000000 0.500000 0.000000 0.000000 0.000000 295.553187 0.500000 0.500000 0.097827 0.500000 0.500000 
273 0.000000 0.000000 0.500000 0.000000 0.000000 0.000000 296.112508 0.500000 0.500000 0.097827 0.500000 0.500000 
274 0.000000 0.000000 0.500000 0.000000 0.000000 0.000000 296.870706 0.500000 0.500000 0.097827 0.500000 0.500000 
275 4.421305 0.000000 0.500000 1.423912 0.000000 0.000000 297.050009 0.500000 0.500000 0.097827 0.500000 0.500000 
276 9.463496 0.000000 0.500000 3.171518 0.000000 0.000000 297.050016 0.500000 0.500000 0.097827 0.500000 0.500000 
277 16.916904 0.000000 0.500000 5.903922 0.000000 0.000000 297.050019 0.500000 0.500000 0.097827 0.500000 0.500000 
278 23.418230 0.000000 0.500000 8.262382 0.000000 0.000000 297.050018 0.500000 0.500000 0.097827 0.500000 0.500000 
279 28.292016 0.000000 0.500000 9.877734 0.000000 0.000000 297.050016 0.500000 0.500000 0.097827 0.500000 0.500000 
280 30.578709 0.000000 0.500000 10.375215 0.000000 0.000000 297.050015 0.500000 0.500000 0.097827 0.500000 0.500000 
281 30.168332 0.000000 0.500000 9.947962 0.000000 0.000000 297.050015 0.500000 0.500000 0.097827 0.500000 0.500000 
282 27.350392 0.000000 0.500000 8.843174 0.000000 0.000000 297.050016 0.500000 0.500000 0.097827 0.500000 0.500000 
283 23.924206 0.000000 0.500000 7.658446 0.000000 0.000000 297.050017 0.500000 0.500000 0.097827 0.500000 0.500000 
284 22.689269 0.000000 0.500000 7.538766 0.000000 0.000000 297.050018 0.500000 0.500000 0.097827 0.500000 0.500000 
285 20.443102 0.000000 0.500000 6.936743 0.000000 0.000000 297.050018 0.500000 0.500000 0.097827 0.500000 0.500000 
286 16.089945 0.000000 0.500000 5.336455 0.000000 0.000000 297.050018 0.500000 0.500000 0.097827 0.500000 0.500000 
287 11.532643 0.000000 0.500000 3.694695 0.000000 0.000000 297.050016 0.500000 0.500000 0.097827 0.500000 0.500000 
288 11.033481 0.000000 0.500000 3.607645 0.000000 0.000000 297.050016 0.500000 0.500000 0.097827 0.500000 0.500000 
289 5.919003 0.000000 0.500000 1.808933 0.000000 0.000000 297.050010 0.500000 0.500000 0.097827 0.500000 0.500000 
290 1.609525 0.000000 0.500000 0.465508 0.000000 0.000000 297.050003 0.500000 0.500000 0.097827 0.500000 0.500000 
291 1.887803 0.000000 0.500000 0.555752 0.000000 0.000000 297.050004 0.500000 0.500000 0.097827 0.500000 0.500000 
292 0.000000 0.000000 0.500000 0.000000 0.000000 0.000000 297.043896 0.500000 0.500000 0.097827 0.500000 0.500000 
293 0.000000 0.000000 0.500000 0.000000 0.000000 0.000000 296.004250 0.500000 0.500000 0.097827 0.500000 0.500000 
294 0.000000 0.000000 0.500000 0.000000 0.000000 0.000000 295.855372 0.500000 0.500000 0.097827 0.500000 0.500000 
295 0.000000 0.000000 0.500000 0.000000 0.000000 0.000000 295.973120 0.500000 0.500000 0.097827 0.500000 0.500000 
296 0.000000 0.000000 0.500000 0.000000 0.000000 0.000000 296.251917 0.500000 0.500000 0.097827 0.500000 0.500000 
297 0.000000 0.000000 0.500000 0.000000 0.000000 0.000000 296.612134 0.500000 0.500000 0.097827 0.500000 0.500000 
298 2.175536 0.000000 0.500000 0.662950 0.000000 0.000000 297.050005 0.500000 0.500000 0.097827 0.500000 0.500000 
299 8.568967 0.000000 0.500000 2.824902 0.000000 0.000000 297.050015 0.500000 0.500000 0.097827 0.500000 0.500000 
300 15.948196 0.000000 0.500000 5.587642 0.000000 0.000000 297.050019 0.500000 0.500000 0.097827 0.500000 0.500000 
301 22.841936 0.000000 0.500000 8.190476 0.000000 0.000000 297.050019 0.500000 0.500000 0.097827 0.500000 0.500000 
302 28.982983 0.000000 0.500000 10.405008 0.000000 0.000000 297.050016 0.500000 0.500000 0.097827 0.500000 0.500000 
303 32.773987 0.000000 0.500000 11.461700 0.000000 0.000000 297.050013 0.500000 0.500000 0.097827 0.500000 0.500000 
304 36.887727 0.000000 0.500000 12.964136 0.000000 0.000000 297.050011 0.500000 0.500000 0.097827 0.500000 0.500000 
305 36.469245 0.000000 0.500000 12.521985 0.000000 0.000000 297.050011 0.500000 0.500000 0.097827 0.500000 0.500000 
306 39.801327 0.000000 0.500000 15.064998 0.000000 0.000000 297.050009 0.500000 0.500000 0.097827 0.500000 0.500000 
307 37.138014 0.000000 0.500000 14.169090 0.000000 0.000000 297.050010 0.500000 0.500000 0.097827 0.500000 0.500000 
308 26.827732 0.000000 0.500000 9.060908 0.000000 0.000000 297.050016 0.500000 0.500000 0.097827 0.500000 0.500000 
309 19.841505 0.000000 0.500000 6.365471 0.000000 0.000000 297.050018 0.500000 0.500000 0.097827 0.500000 0.500000 
310 9.095459 0.000000 0.500000 2.584091 0.000000 0.000000 297.050013 0.500000 0.500000 0.097827 0.500000 0.500000 
311 0.953331 0.000000 0.500000 0.249644 0.000000 0.000000 297.050002 0.500000 0.500000 0.097827 0.500000 0.500000 
312 0.000000 0.000000 0.500000 0.000000 0.000000 0.000000 296.664718 0.500000 0.500000 0.097827 0.500000 0.500000 
313 0.000000 0.000000 0.500000 0.000000 0.000000 0.000000 296.320782 0.500000 0.500000 0.097827 0.500000 0.500000 
314 0.000000 0.000000 0.500000 0.000000 0.000000 0.000000 295.978032 0.500000 0.500000 0.097827 0.500000 0.500000 
315 0.000000 0.000000 0.500000 0.000000 0.000000 0.000000 295.797659 0.500000 0.500000 0.097827 0.500000 0.500000 
316 0.000000 0.000000 0.500000 0.000000 0.000000 0.000000 295.703320 0.500000 0.500000 0.097827 0.500000 0.500000 
317 0.000000 0.000000 0.500000 0.000000 0.000000 0.000000 295.504723 0.500000 0.500000 0.097827 0.500000 0.500000 
318 0.000000 0.000000 0.500000 0.000000 0.000000 0.000000 295.523457 0.500000 0.500000 0.097827 0.500000 0.500000 
319 0.000000 0.000000 0.500000 0.000000 0.000000 0.000000 295.680241 0.500000 0.500000 0.097827 0.500000 0.500000 
320 0.000000 0.000000 0.500000 0.000000 0.000000 0.000000 296.298047 0.500000 0.500000 0.097827 0.500000 0.500000 
321 2.094190 0.000000 0.500000 0.666315 0.000000 0.000000 297.050004 0.500000 0.500000 0.097827 0.500000 0.500000 
322 8.787831 0.000000 0.500000 3.046848 0.000000 0.000000 297.050017 0.500000 0.500000 0.097827 0.500000 0.500000 
323 10.784621 0.000000 0.500000 3.764050 0.000000 0.000000 297.050018 0.500000 0.500000 0.097827 0.500000 0.500000 
324 13.245456 0.000000 0.500000 4.576131 0.000000 0.000000 297.050019 0.500000 0.500000 0.097827 0.500000 0.500000 
325 16.371527 0.000000 0.500000 5.624785 0.000000 0.000000 297.050019 0.500000 0.500000 0.097827 0.500000 0.500000 
326 17.581365 0.000000 0.500000 5.881554 0.000000 0.000000 297.050019 0.500000 0.500000 0.097827 0.500000 0.500000 
327 18.059837 0.000000 0.500000 5.869935 0.000000 0.000000 297.050018 0.500000 0.500000 0.097827 0.500000 0.500000 
328 17.436039 0.000000 0.500000 5.455585 0.000000 0.000000 297.050018 0.500000 0.500000 0.097827 0.500000 0.500000 
329 15.372316 0.000000 0.500000 4.625173 0.000000 0.000000 297.050017 0.500000 0.500000 0.097827 0.500000 0.500000 
330 14.050359 0.000000 0.500000 4.195500 0.000000 0.000000 297.050016 0.500000 0.500000 0.097827 0.500000 0.500000 
331 11.035174 0.000000 0.500000 3.202722 0.000000 0.000000 297.050015 0.500000 0.500000 0.097827 0.500000 0.500000 
332 7.986445 0.000000 0.500000 2.266671 0.000000 0.000000 297.050012 0.500000 0.500000 0.097827 0.500000 0.500000 
333 7.014509 0.000000 0.500000 2.036136 0.000000 0.000000 297.050011 0.500000 0.500000 0.097827 0.500000 0.500000 
334 6.431147 0.000000 0.500000 1.918458 0.000000 0.000000 297.050011 0.500000 0.500000 0.097827 0.500000 0.500000 
335 0.000000 0.000000 0.500000 0.000000 0.000000 0.000000 296.828834 0.500000 0.500000 0.097827 0.500000 0.500000 
336 0.000000 0.000000 0.500000 0.000000 0.000000 0.000000 296.696306 0.500000 0.500000 0.097827 0.500000 0.500000 
337 0.000000 0.000000 0.500000 0.000000 0.000000 0.000000 296.979714 0.500000 0.500000 0.097827 0.500000 0.500000 
338 0.000000 0.000000 0.500000 0.000000 0.000000 0.000000 296.577812 0.500000 0.500000 0.097827 0.500000 0.500000 
339 0.000000 0.000000 0.500000 0.000000 0.000000 0.000000 296.059891 0.500000 0.500000 0.097827 0.500000 0.500000 
340 0.000000 0.000000 0.500000 0.000000 0.000000 0.000000 295.740825 0.500000 0.500000 0.097827 0.500000 0.500000 
341 0.000000 0.000000 0.500000 0.000000 0.000000 0.000000 295.453329 0.500000 0.500000 0.097827 0.500000 0.500000 
342 0.000000 0.000000 0.500000 0.000000 0.000000 0.000000 295.214896 0.500000 0.500000 0.097827 0.500000 0.500000 
343 0.000000 0.000000 0.500000 0.000000 0.000000 0.000000 294.975648 0.500000 0.500000 0.097827 0.500000 0.500000 
344 0.000000 0.000000 0.500000 0.000000 0.000000 0.000000 294.933367 0.500000 0.500000 0.097827 0.500000 0.500000 
345 0.000000 0.000000 0.500000 0.000000 0.000000 0.000000 295.123325 0.500000 0.500000 0.097827 0.500000 0.500000 
346 0.000000 0.000000 0.500000 0.000000 0.000000 0.000000 295.366525 0.500000 0.500000 0.097827 0.500000 0.500000 
347 0.000000 0.000000 0.500000 0.000000 0.000000 0.000000 295.709756 0.500000 0.500000 0.097827 0.500000 0.500000 
348 0.000000 0.000000 0.500000 0.000000 0.000000 0.000000 296.329724 0.500000 0.500000 0.097827 0.500000 0.500000 
349 0.000000 0.000000 0.500000 0.000000 0.000000 0.000000 296.828075 0.500000 0.500000 0.097827 0.500000 0.500000 
350 3.432102 0.000000 0.500000 1.006673 0.000000 0.000000 297.050007 0.500000 0.500000 0.097827 0.500000 0.500000 
351 6.495590 0.000000 0.500000 1.871366 0.000000 0.000000 297.050011 0.500000 0.500000 0.097827 0.500000 0.500000 
352 5.292313 0.000000 0.500000 1.437858 0.000000 0.000000 297.050008 0.500000 0.500000 0.097827 0.500000 0.500000 
353 7.832414 0.000000 0.500000 2.167775 0.000000 0.000000 297.050011 0.500000 0.500000 0.097827 0.500000 0.500000 
354 11.636625 0.000000 0.500000 3.431720 0.000000 0.000000 297.050015 0.500000 0.500000 0.097827 0.500000 0.500000 
355 13.765724 0.000000 0.500000 4.307683 0.000000 0.000000 297.050017 0.500000 0.500000 0.097827 0.500000 0.500000 
356 13.013606 0.000000 0.500000 4.150435 0.000000 0.000000 297.050017 0.500000 0.500000 0.097827 0.500000 0.500000 
357 8.946557 0.000000 0.500000 2.760177 0.000000 0.000000 297.050014 0.500000 0.500000 0.097827 0.500000 0.500000 
358 3.252584 0.000000 0.500000 0.946113 0.000000 0.000000 297.050006 0.500000 0.500000 0.097827 0.500000 0.500000 
359 3.153892 0.000000 0.500000 0.948029 0.000000 0.000000 297.050006 0.500000 0.500000 0.097827 0.500000 0.500000 
360 4.272076 0.000000 0.500000 1.333755 0.000000 0.000000 297.050009 0.500000 0.500000 0.097827 0.500000 0.500000 
361 5.019581 0.000000 0.500000 1.609509 0.000000 0.000000 297.050010 0.500000 0.500000 0.097827 0.500000 0.500000 
362 4.782824 0.000000 0.500000 1.545368 0.000000 0.000000 297.050010 0.500000 0.500000 0.097827 0.500000 0.500000 
363 0.000000 0.000000 0.500000 0.000000 0.000000 0.000000 296.800419 0.500000 0.500000 0.097827 0.500000 0.500000 
364 0.000000 0.000000 0.500000 0.000000 0.000000 0.000000 296.335050 0.500000 0.500000 0.097827 0.500000 0.500000 
365 0.000000 0.000000 0.500000 0.000000 0.000000 0.000000 296.094947 0.500000 0.500000 0.097827 0.500000 0.500000 
366 0.000000 0.000000 0.500000 0.000000 0.000000 0.000000 294.817563 0.500000 0.500000 0.097827 0.500000 0.500000 
367 0.000000 0.000000 0.500000 0.000000 0.000000 0.000000 294.573029 0.500000 0.500000 0.097827 0.500000 0.500000 
368 0.000000 0.000000 0.500000 0.000000 0.000000 0.000000 294.750447 0.500000 0.500000 0.097827 0.500000 0.500000 
369 0.000000 0.000000 0.500000 0.000000 0.000000 0.000000 295.220336 0.500000 0.500000 0.097827 0.500000 0.500000 
370 0.000000 0.000000 0.500000 0.000000 0.000000 0.000000 295.708137 0.500000 0.500000 0.097827 0.500000 0.500000 
371 0.000000 0.000000 0.500000 0.000000 0.000000 0.000000 296.203620 0.500000 0.500000 0.097827 0.500000 0.500000 
372 0.000000 0.000000 0.500000 0.000000 0.000000 0.000000 296.959978 0.500000 0.500000 0.097827 0.500000 0.500000 
373 5.493315 0.000000 0.500000 1.681744 0.000000 0.000000 297.050010 0.500000 0.500000 0.097827 0.500000 0.500000 
374 11.898681 0.000000 0.500000 3.683189 0.000000 0.000000 297.050016 0.500000 0.500000 0.097827 0.500000 0.500000 
375 17.255210 0.000000 0.500000 5.318862 0.000000 0.000000 297.050018 0.500000 0.500000 0.097827 0.500000 0.500000 
376 20.376718 0.000000 0.500000 6.161510 0.000000 0.000000 297.050017 0.500000 0.500000 0.097827 0.500000 0.500000 
377 19.544099 0.000000 0.500000 5.689951 0.000000 0.000000 297.050017 0.500000 0.500000 0.097827 0.500000 0.500000 
378 21.418379 0.000000 0.500000 6.601585 0.000000 0.000000 297.050017 0.500000 0.500000 0.097827 0.500000 0.500000 
379 20.555133 0.000000 0.500000 6.526580 0.000000 0.000000 297.050018 0.500000 0.500000 0.097827 0.500000 0.500000 
380 19.051085 0.000000 0.500000 6.227704 0.000000 0.000000 297.050018 0.500000 0.500000 0.097827 0.500000 0.500000 
381 17.021780 0.000000 0.500000 5.691658 0.000000 0.000000 297.050018 0.500000 0.500000 0.097827 0.500000 0.500000 
382 6.555782 0.000000 0.500000 1.924494 0.000000 0.000000 297.050011 0.500000 0.500000 0.097827 0.500000 0.500000 
383 3.606506 0.000000 0.500000 1.052642 0.000000 0.000000 297.050007 0.500000 0.500000 0.097827 0.500000 0.500000 
384 0.000000 0.000000 0.500000 0.000000 0.000000 0.000000 296.642985 0.500000 0.500000 0.097827 0.500000 0.500000 
385 0.000000 0.000000 0.500000 0.000000 0.000000 0.000000 296.136882 0.500000 0.500000 0.097827 0.500000 0.500000 
386 0.000000 0.000000 0.500000 0.000000 0.000000 0.000000 296.014425 0.500000 0.500000 0.097827 0.500000 0.500000 
387 0.000000 0.000000 0.500000 0.000000 0.000000 0.000000 295.167760 0.500000 0.500000 0.097827 0.500000 0.500000 
388 0.000000 0.000000 0.500000 0.000000 0.000000 0.000000 294.519625 0.500000 0.500000 0.097827 0.500000 0.500000 
389 0.000000 2.939642 0.500000 0.000000 0.000000 2.950713 294.250000 0.500000 0.500000 0.097827 0.500000 0.500000 
390 0.000000 4.223714 0.500000 0.000000 0.000000 4.228430 294.250000 0.500000 0.500000 0.097827 0.500000 0.500000 
391 0.000000 3.604435 0.500000 0.000000 0.000000 3.572961 294.250000 0.500000 0.500000 0.097827 0.500000 0.500000 
392 0.000000 0.000000 0.500000 0.000000 0.000000 0.000000 294.247476 0.500000 0.500000 0.097827 0.500000 0.500000 
393 0.000000 0.000000 0.500000 0.000000 0.000000 0.000000 294.498252 0.500000 0.500000 0.097827 0.500000 0.500000 
394 0.000000 0.000000 0.500000 0.000000 0.000000 0.000000 295.249342 0.500000 0.500000 0.097827 0.500000 0.500000 
395 0.000000 0.000000 0.500000 0.000000 0.000000 0.000000 296.230649 0.500000 0.500000 0.097827 0.500000 0.500000 
396 2.432139 0.000000 0.500000 0.779788 0.000000 0.000000 297.050005 0.500000 0.500000 0.097827 0.500000 0.500000 
397 8.908481 0.000000 0.500000 2.954830 0.000000 0.000000 297.050016 0.500000 0.500000 0.097827 0.500000 0.500000 
398 16.104882 0.000000 0.500000 5.456493 0.000000 0.000000 297.050019 0.500000 0.500000 0.097827 0.500000 0.500000 
399 21.631971 0.000000 0.500000 7.282652 0.000000 0.000000 297.050019 0.500000 0.500000 0.097827 0.500000 0.500000 
400 25.656764 0.000000 0.500000 8.555800 0.000000 0.000000 297.050017 0.500000 0.500000 0.097827 0.500000 0.500000 
401 25.044313 0.000000 0.500000 8.051780 0.000000 0.000000 297.050017 0.500000 0.500000 0.097827 0.500000 0.500000 
402 20.639427 0.000000 0.500000 6.292110 0.000000 0.000000 297.050017 0.500000 0.500000 0.097827 0.500000 0.500000 
403 15.282549 0.000000 0.500000 4.439189 0.000000 0.000000 297.050016 0.500000 0.500000 0.097827 0.500000 0.500000 
404 10.987959 0.000000 0.500000 3.134709 0.000000 0.000000 297.050014 0.500000 0.500000 0.097827 0.500000 0.500000 
405 11.381988 0.000000 0.500000 3.464220 0.000000 0.000000 297.050015 0.500000 0.500000 0.097827 0.500000 0.500000 
406 9.217039 0.000000 0.500000 2.840607 0.000000 0.000000 297.050014 0.500000 0.500000 0.097827 0.500000 0.500000 
407 0.872305 0.000000 0.500000 0.242363 0.000000 0.000000 297.050002 0.500000 0.500000 0.097827 0.500000 0.500000 
