25/11/2004	003000.000	0.547	46.687	10.790	0.240	1.000	1.000	1.000	0.74575	-0.684	-0.394	0.133	0.439	40.752	5.296	0.218	1.000	1.000	1.000	0.71946	1.103	0.013	-0.070
25/11/2004	010000.000	0.493	47.463	4.432	0.138	2.000	2.000	6.000	0.74520	-0.575	-0.267	-0.072	0.170	36.440	0.338	0.142	4.000	2.000	9.000	0.71543	0.634	-0.085	-0.012
25/11/2004	013000.000	0.043	33.522	29.035	0.138	6.000	1.000	3.000	0.74996	-0.173	-0.171	0.126	-0.004	27.453	3.907	0.113	1.000	1.000	2.000	0.72338	0.317	-0.189	0.018
25/11/2004	020000.000	-0.182	27.169	8.198	0.153	1.000	1.000	1.000	0.75334	-0.349	-0.304	0.162	0.159	36.094	4.180	0.146	5.000	1.000	4.000	0.72529	0.722	-0.066	0.015
25/11/2004	023000.000	0.134	30.292	-2.443	0.304	4.000	2.000	4.000	0.74736	-0.255	-0.446	0.022	0.036	16.764	-1.430	0.102	9.000	1.000	7.000	0.72057	0.563	-0.006	0.115
25/11/2004	030000.000	-0.097	36.384	23.534	0.099	1.000	1.000	2.000	0.74730	0.437	-0.040	0.027	0.047	45.397	3.654	0.113	6.000	2.000	3.000	0.72458	-0.056	0.004	0.076
25/11/2004	033000.000	-0.406	28.959	12.367	0.068	3.000	2.000	2.000	0.74867	0.428	0.012	-0.033	0.038	23.584	5.112	0.096	7.000	3.000	4.000	0.73068	0.076	0.020	0.135
25/11/2004	040000.000	-0.093	23.619	19.274	0.100	2.000	1.000	1.000	0.75770	0.230	-0.019	-0.170	-0.024	40.572	6.679	0.083	3.000	3.000	3.000	0.73503	0.117	-0.004	0.043
25/11/2004	043000.000	0.134	18.213	12.401	0.122	2.000	1.000	3.000	0.76033	-0.498	-0.162	0.080	0.248	57.124	3.659	0.184	3.000	1.000	4.000	0.73210	0.786	0.015	-0.083
25/11/2004	050000.000	-0.009	27.214	6.875	0.137	6.000	2.000	2.000	0.76359	-0.270	-0.173	0.208	0.414	67.421	7.091	0.177	3.000	1.000	4.000	0.72997	0.705	-0.095	-0.037
25/11/2004	053000.000	0.691	42.855	2.422	0.168	3.000	2.000	6.000	0.75762	-0.645	-0.328	0.092	0.767	60.587	1.059	0.186	2.000	1.000	5.000	0.73118	0.826	-0.031	-0.042
25/11/2004	060000.000	1.557	64.429	3.613	0.145	1.000	1.000	3.000	0.76219	-0.842	-0.280	-0.031	0.519	46.138	3.455	0.118	1.000	2.000	3.000	0.73611	0.694	-0.100	0.008
25/11/2004	063000.000	1.399	41.851	10.109	0.136	1.000	1.000	1.000	0.77157	-0.370	-0.175	0.166	1.335	64.129	5.158	0.145	2.000	1.000	2.000	0.74768	0.566	-0.141	0.076
25/11/2004	070000.000	2.317	80.980	1.067	0.343	1.000	1.000	8.000	0.76420	-1.108	-0.556	0.018	1.323	80.390	7.475	0.279	1.000	1.000	2.000	0.74128	1.190	-0.023	-0.023
25/11/2004	073000.000	1.983	63.608	0.722	0.182	1.000	1.000	7.000	0.77226	-1.090	-0.232	0.011	1.298	87.747	6.871	0.296	1.000	1.000	4.000	0.73960	0.976	-0.086	-0.115
25/11/2004	080000.000	2.870	103.110	1.352	0.294	1.000	1.000	7.000	0.78059	-1.309	-0.279	0.037	1.803	115.119	8.956	0.291	2.000	1.000	2.000	0.75142	1.059	-0.227	-0.105
25/11/2004	083000.000	2.752	101.019	4.299	0.259	1.000	1.000	4.000	0.78004	-1.415	-0.119	-0.035	1.850	113.185	4.707	0.318	1.000	1.000	1.000	0.75198	0.784	-0.363	-0.106
25/11/2004	090000.000	2.201	79.357	7.617	0.220	1.000	1.000	3.000	0.78353	-0.760	-0.355	-0.002	1.192	72.573	1.937	0.141	2.000	1.000	1.000	0.76048	0.725	-0.012	0.038
25/11/2004	093000.000	1.926	78.821	3.298	0.293	3.000	3.000	5.000	0.77661	-0.601	-0.494	0.008	1.404	71.123	0.929	0.157	1.000	1.000	3.000	0.75318	0.801	0.004	0.096
25/11/2004	100000.000	2.152	83.919	5.297	0.244	3.000	2.000	5.000	0.77184	-0.761	-0.452	0.018	1.963	106.810	1.908	0.150	1.000	1.000	1.000	0.74724	0.836	0.044	-0.008
25/11/2004	103000.000	2.319	112.284	6.669	0.244	2.000	2.000	4.000	0.76987	-0.845	-0.391	0.064	1.792	103.496	2.539	0.248	2.000	2.000	3.000	0.74309	0.801	-0.093	-0.029
25/11/2004	110000.000	2.830	98.614	1.579	0.156	1.000	1.000	1.000	0.76919	-1.280	-0.307	0.065	1.398	104.342	2.696	0.226	1.000	1.000	2.000	0.74099	0.599	-0.374	0.041
25/11/2004	113000.000	2.394	74.472	0.341	0.171	1.000	1.000	7.000	0.77651	-1.202	-0.091	0.031	1.739	152.977	2.245	0.253	1.000	1.000	1.000	0.74549	0.367	-0.412	-0.031
25/11/2004	120000.000	1.723	77.409	-0.009	0.194	1.000	1.000	5.000	0.76445	0.078	-0.206	0.218	0.763	65.635	-1.436	0.096	1.000	1.000	1.000	0.74126	0.378	-0.076	0.120
25/11/2004	123000.000	1.089	51.598	-3.714	0.303	1.000	2.000	3.000	0.75875	0.056	-0.253	0.264	0.446	49.633	-1.985	0.059	1.000	1.000	1.000	0.74362	0.188	0.031	0.170
25/11/2004	130000.000	2.358	94.922	-1.530	0.209	1.000	1.000	3.000	0.75061	0.002	-0.290	0.127	0.746	54.309	-2.492	0.101	1.000	1.000	1.000	0.73594	0.200	-0.003	0.150
25/11/2004	133000.000	2.035	64.614	-4.754	0.207	1.000	1.000	1.000	0.74732	-0.172	-0.358	-0.069	0.786	51.466	-2.944	0.083	1.000	1.000	2.000	0.72812	0.192	-0.032	0.123
25/11/2004	140000.000	3.977	56.765	2.288	0.465	1.000	1.000	2.000	0.74245	-1.199	-0.583	0.114	1.901	68.686	1.600	0.365	1.000	1.000	5.000	0.71395	1.187	-0.268	0.047
25/11/2004	143000.000	3.117	48.386	12.623	0.518	1.000	1.000	1.000	0.72347	-1.786	-0.855	0.129	2.449	81.494	9.610	0.418	1.000	1.000	1.000	0.69557	1.827	-0.182	-0.041
25/11/2004	150000.000	3.828	35.388	5.826	0.442	1.000	1.000	1.000	0.72943	-1.803	-0.548	0.248	2.724	75.949	3.691	0.427	1.000	1.000	1.000	0.69486	1.829	-0.179	-0.013
25/11/2004	153000.000	3.206	25.873	7.280	0.402	1.000	1.000	1.000	0.73114	-1.414	-0.562	0.247	2.545	47.438	4.241	0.380	1.000	1.000	2.000	0.69870	1.710	-0.107	-0.033
25/11/2004	160000.000	1.673	6.077	3.842	0.340	1.000	1.000	1.000	0.73977	-1.687	-0.215	0.214	2.506	40.331	5.406	0.405	1.000	1.000	1.000	0.70312	1.447	-0.305	-0.059
25/11/2004	163000.000	2.067	11.349	3.554	0.300	1.000	1.000	1.000	0.73991	-1.671	-0.340	0.341	2.052	19.499	3.481	0.422	1.000	1.000	1.000	0.70651	1.970	-0.183	-0.125
25/11/2004	170000.000	1.928	7.878	2.149	0.267	1.000	1.000	1.000	0.74910	-1.265	-0.410	0.360	1.970	14.273	1.191	0.309	1.000	1.000	1.000	0.71817	1.734	-0.055	-0.078
25/11/2004	173000.000	2.152	10.784	3.781	0.330	1.000	1.000	1.000	0.75384	-1.254	-0.604	0.346	1.919	13.853	1.765	0.289	1.000	1.000	1.000	0.72653	1.841	-0.063	-0.090
25/11/2004	180000.000	1.340	8.087	2.649	0.235	1.000	1.000	1.000	0.75997	-1.281	-0.405	0.348	2.383	21.516	2.914	0.322	1.000	1.000	1.000	0.73328	1.595	-0.056	-0.048
25/11/2004	183000.000	1.556	9.557	2.736	0.201	1.000	1.000	1.000	0.77251	-1.279	-0.310	0.358	2.538	15.728	3.553	0.329	1.000	1.000	1.000	0.74017	1.536	-0.117	-0.110
25/11/2004	190000.000	0.770	5.146	1.388	0.112	2.000	2.000	2.000	0.77091	-1.233	-0.344	0.346	1.602	17.043	2.091	0.297	1.000	1.000	1.000	0.73719	1.516	-0.110	-0.069
25/11/2004	193000.000	1.214	12.072	0.250	0.183	1.000	1.000	1.000	0.77319	-1.172	-0.202	0.222	1.642	23.241	-0.032	0.302	1.000	1.000	8.000	0.73806	1.056	-0.220	-0.027
25/11/2004	200000.000	0.906	6.159	-0.759	0.212	1.000	1.000	1.000	0.76295	-1.279	-0.344	0.329	1.679	17.416	-2.056	0.336	1.000	1.000	1.000	0.73346	1.429	-0.107	-0.041
25/11/2004	203000.000	1.145	8.664	-0.507	0.236	1.000	1.000	1.000	0.75672	-1.294	-0.351	0.381	1.277	15.871	-1.639	0.259	1.000	1.000	1.000	0.72953	1.669	-0.044	-0.073
25/11/2004	210000.000	1.194	14.111	-1.738	0.192	1.000	1.000	1.000	0.76305	-1.290	-0.186	0.136	0.786	17.807	-1.910	0.221	1.000	2.000	1.000	0.73770	0.831	-0.211	-0.042
25/11/2004	213000.000	1.474	11.838	-2.170	0.171	1.000	1.000	1.000	0.77946	-1.208	-0.082	-0.027	0.873	11.986	-2.691	0.177	1.000	1.000	1.000	0.74721	0.540	-0.352	-0.019
25/11/2004	220000.000	1.402	11.193	-3.000	0.182	1.000	1.000	1.000	0.78303	-1.144	-0.066	-0.026	0.522	9.960	-2.172	0.143	1.000	1.000	1.000	0.75159	0.407	-0.290	-0.018
25/11/2004	223000.000	1.989	12.343	-4.643	0.158	1.000	1.000	1.000	0.78994	-1.175	-0.044	-0.127	0.540	11.896	-2.873	0.161	2.000	1.000	1.000	0.76542	0.406	-0.227	-0.032
25/11/2004	230000.000	1.208	4.708	-3.727	0.102	1.000	1.000	1.000	0.81618	-0.799	-0.053	0.077	0.740	17.996	-3.642	0.123	1.000	1.000	1.000	0.77733	0.518	-0.148	-0.074
25/11/2004	233000.000	0.638	0.861	-2.897	0.065	1.000	6.000	2.000	0.82674	-0.521	0.140	0.104	0.993	38.292	-1.792	0.077	2.000	1.000	2.000	0.79981	-0.118	-0.229	0.124
25/11/2004	(J+1)000000.000	0.314	-1.353	3.642	0.112	3.000	2.000	6.000	0.81966	-0.614	0.282	-0.033	0.992	44.284	1.391	0.127	3.000	3.000	6.000	0.79174	-0.118	-0.320	0.071
