31/10/2004	003000.000	0.409	-8.447	4.651	0.095	3.000	2.000	4.000	0.74161	0.442	0.237	0.045	0.209	28.004	0.124	0.158	3.000	1.000	7.000	0.72575	-0.498	-0.099	0.092
31/10/2004	010000.000	0.363	0.987	5.026	0.103	1.000	6.000	2.000	0.77242	0.188	0.232	0.015	0.232	32.615	-1.802	0.079	4.000	1.000	4.000	0.75683	-0.192	-0.200	0.053
31/10/2004	013000.000	0.508	7.726	7.287	0.096	4.000	1.000	4.000	0.75991	1.086	0.022	0.006	0.002	3.317	-0.163	0.036	7.000	1.000	2.000	0.74916	-0.227	0.043	0.083
31/10/2004	020000.000	0.732	7.365	8.624	0.136	4.000	4.000	3.000	0.74823	0.294	-0.109	0.075	0.289	5.888	3.027	0.038	3.000	2.000	3.000	0.73666	0.193	0.035	0.130
31/10/2004	023000.000	0.355	8.814	3.797	0.133	3.000	3.000	3.000	0.73303	0.095	-0.101	0.166	0.218	4.381	2.668	0.026	2.000	5.000	3.000	0.71811	0.190	-0.025	0.129
31/10/2004	030000.000	0.219	7.217	32.524	0.207	6.000	1.000	2.000	0.77250	-0.662	0.135	0.027	+9999	12.639	+9999	0.195	+9999	1.000	+9999	0.72692	0.207	-0.428	-0.001
31/10/2004	033000.000	+9999	7.212	+9999	0.218	+9999	3.000	+9999	+9999	-0.949	0.292	-0.034	+9999	14.991	+9999	0.249	+9999	1.000	+9999	+9999	0.187	-0.633	-0.090
31/10/2004	040000.000	+9999	9.544	+9999	0.167	+9999	2.000	+9999	+9999	-0.633	0.046	0.053	+9999	22.416	+9999	0.185	+9999	1.000	+9999	+9999	0.168	-0.388	-0.039
31/10/2004	043000.000	+9999	20.505	+9999	0.142	+9999	2.000	+9999	+9999	-0.975	-0.169	-0.099	+9999	12.884	+9999	0.160	+9999	1.000	+9999	+9999	0.318	-0.358	0.003
31/10/2004	050000.000	+9999	-9.418	+9999	0.156	+9999	6.000	+9999	+9999	-1.584	-0.163	0.107	+9999	13.745	+9999	0.236	+9999	1.000	+9999	+9999	0.704	-0.432	-0.047
31/10/2004	053000.000	+9999	43.209	+9999	0.349	+9999	1.000	+9999	+9999	-0.756	0.171	0.159	+9999	23.926	+9999	0.223	+9999	1.000	+9999	+9999	-0.066	-0.452	0.027
31/10/2004	060000.000	+9999	36.577	+9999	0.210	+9999	3.000	+9999	+9999	-1.505	0.057	-0.042	+9999	12.020	+9999	0.266	+9999	2.000	+9999	+9999	0.405	-0.745	-0.146
31/10/2004	063000.000	+9999	4.371	+9999	0.201	+9999	3.000	+9999	+9999	-0.475	0.117	0.058	+9999	25.133	+9999	0.204	+9999	1.000	+9999	+9999	0.033	-0.501	-0.057
31/10/2004	070000.000	+9999	11.910	+9999	0.235	+9999	3.000	+9999	+9999	-0.508	0.148	0.009	+9999	25.393	+9999	0.182	+9999	1.000	+9999	+9999	0.011	-0.312	-0.053
31/10/2004	073000.000	+9999	-18.925	+9999	0.153	+9999	2.000	+9999	+9999	0.505	0.235	0.068	+9999	20.108	+9999	0.146	+9999	1.000	+9999	+9999	-0.364	-0.098	0.026
31/10/2004	080000.000	+9999	4.890	+9999	0.097	+9999	4.000	+9999	+9999	-0.377	0.163	0.106	+9999	21.683	+9999	0.134	+9999	1.000	+9999	+9999	-0.276	-0.344	0.005
31/10/2004	083000.000	+9999	-4.035	+9999	0.089	+9999	2.000	+9999	+9999	0.024	0.193	0.198	+9999	33.219	+9999	0.210	+9999	1.000	+9999	+9999	-0.410	-0.229	0.097
31/10/2004	090000.000	+9999	-5.427	+9999	0.103	+9999	1.000	+9999	+9999	0.704	0.255	0.161	+9999	36.887	+9999	0.266	+9999	1.000	+9999	+9999	-0.813	-0.157	0.023
31/10/2004	093000.000	+9999	-6.301	+9999	0.185	+9999	1.000	+9999	+9999	0.351	0.145	0.222	+9999	23.486	+9999	0.239	+9999	1.000	+9999	+9999	-0.587	-0.189	0.018
31/10/2004	100000.000	+9999	15.250	+9999	0.066	+9999	1.000	+9999	+9999	0.616	0.007	0.049	+9999	10.987	+9999	0.105	+9999	1.000	+9999	+9999	-0.064	-0.005	0.120
31/10/2004	103000.000	+9999	27.856	+9999	0.241	+9999	1.000	+9999	+9999	0.461	-0.069	0.098	+9999	6.792	+9999	0.140	+9999	1.000	+9999	+9999	-0.207	0.036	0.165
31/10/2004	110000.000	+9999	10.826	+9999	0.129	+9999	2.000	+9999	+9999	1.131	0.186	0.016	+9999	9.045	+9999	0.100	+9999	3.000	+9999	+9999	-0.407	0.019	0.157
31/10/2004	113000.000	+9999	-9.376	+9999	0.100	+9999	1.000	+9999	+9999	0.876	0.262	0.076	+9999	43.996	+9999	0.214	+9999	1.000	+9999	+9999	-0.598	-0.094	0.105
31/10/2004	120000.000	+9999	-27.375	+9999	0.174	+9999	1.000	+9999	+9999	0.872	0.399	0.152	+9999	37.994	+9999	0.285	+9999	1.000	+9999	+9999	-0.994	-0.193	0.041
31/10/2004	123000.000	+9999	-10.146	+9999	0.112	+9999	1.000	+9999	+9999	0.057	0.288	0.166	0.963	67.573	31.337	0.427	1.000	1.000	1.000	0.71750	-1.211	-0.433	-0.056
31/10/2004	130000.000	+9999	-9.381	+9999	0.147	+9999	1.000	+9999	+9999	-0.330	0.306	0.255	1.166	53.586	41.254	0.347	1.000	1.000	1.000	0.69799	-0.636	-0.489	0.014
31/10/2004	133000.000	+9999	-4.139	+9999	0.119	+9999	1.000	+9999	+9999	-0.465	0.273	0.248	1.013	56.047	28.770	0.289	1.000	1.000	1.000	0.69157	-0.513	-0.403	0.081
31/10/2004	140000.000	+9999	-12.159	+9999	0.206	+9999	2.000	+9999	+9999	-0.596	0.310	0.321	0.555	62.655	23.499	0.340	1.000	1.000	1.000	0.68192	-0.471	-0.551	0.071
31/10/2004	143000.000	+9999	-4.765	+9999	0.124	+9999	2.000	+9999	+9999	-0.565	0.262	0.260	0.743	65.274	21.049	0.310	1.000	1.000	1.000	0.68117	-0.371	-0.497	0.068
31/10/2004	150000.000	+9999	-8.034	+9999	0.072	+9999	1.000	+9999	+9999	-0.227	0.264	0.221	0.717	59.859	17.223	0.317	1.000	1.000	1.000	0.68261	-0.702	-0.376	0.032
31/10/2004	153000.000	+9999	-7.524	+9999	0.113	+9999	1.000	+9999	+9999	-0.165	0.232	0.188	0.781	48.916	11.305	0.291	1.000	1.000	1.000	0.68648	-0.491	-0.380	0.081
31/10/2004	160000.000	+9999	-5.066	+9999	0.126	+9999	1.000	+9999	+9999	-0.461	0.279	0.226	0.967	49.912	14.987	0.303	2.000	1.000	2.000	0.68629	-0.622	-0.481	0.054
31/10/2004	163000.000	+9999	-7.870	+9999	0.087	+9999	2.000	+9999	+9999	-0.247	0.212	0.171	2.121	64.688	15.423	0.316	1.000	1.000	1.000	0.69179	-0.764	-0.418	-0.012
31/10/2004	170000.000	+9999	-7.988	+9999	0.112	+9999	1.000	+9999	0.77850	0.080	0.238	0.176	0.907	56.859	29.219	0.335	1.000	1.000	1.000	0.69760	-0.745	-0.295	0.018
31/10/2004	173000.000	+9999	-0.839	+9999	0.115	+9999	9.000	+9999	+9999	-0.211	0.281	0.176	+9999	53.921	+9999	0.410	+9999	1.000	+9999	+9999	-1.078	-0.406	-0.051
31/10/2004	180000.000	+9999	-117.381	+9999	0.445	+9999	1.000	+9999	+9999	-0.096	0.256	0.026	+9999	51.731	+9999	0.375	+9999	1.000	+9999	+9999	-0.892	-0.425	-0.011
31/10/2004	183000.000	+9999	45.831	+9999	0.503	+9999	1.000	+9999	+9999	0.201	0.195	-0.078	+9999	56.021	+9999	0.274	+9999	1.000	+9999	+9999	-0.522	-0.386	0.059
31/10/2004	190000.000	+9999	-5.159	+9999	0.105	+9999	3.000	+9999	+9999	-0.239	0.188	0.202	+9999	45.782	+9999	0.254	+9999	1.000	+9999	+9999	-0.574	-0.299	0.044
31/10/2004	193000.000	+9999	-7.348	+9999	0.149	+9999	2.000	+9999	+9999	-0.481	0.240	0.227	+9999	43.440	+9999	0.237	+9999	1.000	+9999	+9999	-0.256	-0.453	-0.011
31/10/2004	200000.000	+9999	-5.054	+9999	0.283	+9999	2.000	+9999	+9999	-0.620	0.349	0.276	+9999	37.754	+9999	0.258	+9999	1.000	+9999	+9999	-0.177	-0.549	-0.019
31/10/2004	203000.000	+9999	-3.362	+9999	0.115	+9999	1.000	+9999	+9999	-0.245	0.175	0.142	+9999	42.199	+9999	0.264	+9999	1.000	+9999	+9999	-0.569	-0.334	-0.017
31/10/2004	210000.000	0.651	11.989	7.702	0.138	1.000	1.000	1.000	0.75934	-0.908	0.248	-0.008	+9999	13.265	+9999	0.194	+9999	1.000	+9999	+9999	0.103	-0.490	-0.042
31/10/2004	213000.000	0.673	11.702	6.059	0.200	1.000	1.000	1.000	0.75299	-1.035	0.177	-0.073	+9999	10.322	+9999	0.200	+9999	1.000	+9999	+9999	0.220	-0.665	-0.105
31/10/2004	220000.000	0.876	22.857	4.369	0.208	1.000	1.000	1.000	0.76591	-1.452	-0.100	-0.127	0.386	14.529	-2.223	0.217	1.000	1.000	7.000	0.71408	0.645	-0.471	-0.100
31/10/2004	223000.000	0.764	15.538	2.454	0.161	2.000	2.000	4.000	0.77522	-0.755	-0.376	0.156	0.484	14.839	-0.061	0.176	1.000	1.000	7.000	0.71480	0.972	-0.013	-0.064
31/10/2004	230000.000	0.689	16.049	-1.056	0.137	1.000	1.000	6.000	0.76325	-1.152	-0.118	0.104	0.529	19.906	0.073	0.207	1.000	1.000	7.000	0.70970	0.891	-0.177	-0.100
31/10/2004	233000.000	0.629	13.012	12.449	0.107	1.000	1.000	5.000	0.75412	-0.717	-0.063	0.111	0.454	15.960	-1.434	0.118	2.000	2.000	3.000	0.71889	0.547	-0.103	-0.051
31/10/2004	(J+1)000000.000	0.773	11.219	1.012	0.076	2.000	2.000	2.000	0.76266	-0.628	-0.105	0.055	0.304	7.017	-0.481	0.087	2.000	1.000	3.000	0.72848	0.361	-0.140	-0.001
