05/11/2004	003000.000	0.436	8.677	-0.991	0.247	3.000	2.000	4.000	0.81442	-0.884	0.450	-0.004	0.540	25.028	-2.112	0.292	1.000	1.000	2.000	0.78919	0.154	-0.754	-0.096
05/11/2004	010000.000	0.316	7.378	-1.375	0.237	3.000	1.000	1.000	0.81322	-0.827	0.324	-0.088	0.234	7.838	-1.090	0.203	1.000	1.000	1.000	0.78687	0.184	-0.617	-0.116
05/11/2004	013000.000	0.396	4.813	-1.443	0.103	1.000	2.000	1.000	0.80526	-0.652	0.306	0.064	0.473	23.651	-3.336	0.230	2.000	2.000	2.000	0.77927	0.091	-0.527	-0.031
05/11/2004	020000.000	0.152	-11.669	0.946	0.138	4.000	3.000	2.000	0.79798	-0.153	0.223	0.103	0.314	30.108	-3.340	0.153	1.000	1.000	1.000	0.77348	-0.160	-0.255	-0.022
05/11/2004	023000.000	0.198	6.310	-0.786	0.140	1.000	1.000	1.000	0.80537	-0.841	0.341	-0.126	0.168	10.537	-1.606	0.179	1.000	1.000	1.000	0.78315	0.172	-0.474	-0.072
05/11/2004	030000.000	0.245	2.785	-2.855	0.148	3.000	4.000	2.000	0.80986	-0.788	0.234	-0.020	0.337	16.174	-2.509	0.206	3.000	2.000	1.000	0.78621	0.142	-0.557	-0.076
05/11/2004	033000.000	0.128	2.634	-0.784	0.165	3.000	1.000	1.000	0.81838	-0.907	0.493	0.048	0.283	16.081	-1.621	0.246	1.000	1.000	4.000	0.79320	0.061	-0.659	-0.073
05/11/2004	040000.000	0.084	5.517	-0.269	0.105	4.000	4.000	6.000	0.82038	-0.692	0.384	0.133	0.162	22.435	-2.301	0.249	1.000	1.000	2.000	0.79775	-0.039	-0.658	-0.069
05/11/2004	043000.000	0.625	14.186	1.042	0.225	1.000	2.000	6.000	0.82610	-0.871	0.354	-0.068	0.387	21.045	-3.429	0.239	1.000	1.000	4.000	0.79928	0.137	-0.589	-0.078
05/11/2004	050000.000	0.063	-0.148	7.849	0.085	6.000	4.000	2.000	0.82345	-0.701	0.213	0.240	0.437	42.491	4.997	0.224	3.000	1.000	1.000	0.78602	-0.078	-0.476	0.044
05/11/2004	053000.000	0.278	-5.631	3.263	0.081	2.000	1.000	3.000	0.79855	-0.220	0.197	0.210	0.762	53.831	-7.487	0.317	1.000	1.000	4.000	0.74747	-0.615	-0.362	0.050
05/11/2004	060000.000	-0.298	-14.887	10.958	0.131	3.000	1.000	1.000	0.76900	0.660	0.231	0.210	1.102	59.753	3.842	0.285	1.000	1.000	4.000	0.73879	-0.740	-0.163	0.110
05/11/2004	063000.000	-0.492	-18.701	6.087	0.169	2.000	1.000	1.000	0.76833	0.773	0.323	0.135	-0.432	70.248	-4.672	0.322	2.000	1.000	3.000	0.73811	-1.142	-0.089	0.069
05/11/2004	070000.000	0.013	-7.737	8.543	0.164	6.000	2.000	2.000	0.77057	1.176	0.387	0.174	-0.296	35.801	-1.407	0.249	2.000	1.000	1.000	0.73262	-1.134	0.029	0.183
05/11/2004	073000.000	0.454	-8.661	5.559	0.186	1.000	1.000	1.000	0.77415	0.827	0.323	0.231	-1.993	36.644	-0.490	0.294	1.000	1.000	7.000	0.73641	-1.291	0.041	0.113
05/11/2004	080000.000	0.677	8.503	13.882	0.190	1.000	1.000	1.000	0.77454	1.373	0.330	0.178	0.176	25.820	4.804	0.147	3.000	2.000	2.000	0.74673	-0.964	0.050	0.254
05/11/2004	083000.000	0.935	32.139	14.186	0.148	1.000	1.000	2.000	0.78728	1.540	0.370	0.171	0.067	23.836	-1.418	0.100	5.000	1.000	5.000	0.76021	-0.892	0.076	0.279
05/11/2004	090000.000	0.971	21.246	2.959	0.172	1.000	1.000	2.000	0.80217	1.174	0.323	0.129	0.538	38.278	7.157	0.120	1.000	1.000	1.000	0.77006	-0.881	0.019	0.225
05/11/2004	093000.000	2.282	51.577	3.142	0.130	1.000	1.000	4.000	0.81275	1.520	0.361	0.090	0.076	24.819	-0.757	0.112	8.000	2.000	6.000	0.78288	-0.786	0.077	0.260
05/11/2004	100000.000	1.705	45.956	-0.329	0.156	1.000	1.000	6.000	0.80778	1.329	0.342	0.206	0.581	59.970	1.662	0.186	1.000	1.000	1.000	0.77279	-0.955	0.015	0.199
05/11/2004	103000.000	0.968	7.952	-1.099	0.180	1.000	4.000	2.000	0.79436	0.940	0.258	0.237	0.439	48.781	0.688	0.175	1.000	1.000	2.000	0.75962	-0.829	0.080	0.204
05/11/2004	110000.000	1.121	9.617	1.967	0.154	1.000	2.000	1.000	0.79091	0.487	0.274	0.246	-0.528	106.194	2.726	0.220	1.000	2.000	4.000	0.76105	-0.657	-0.108	0.103
05/11/2004	113000.000	0.380	0.264	0.204	0.185	1.000	7.000	7.000	0.79300	0.785	0.307	0.213	0.220	79.578	-2.425	0.300	6.000	1.000	6.000	0.75829	-0.993	-0.148	0.130
05/11/2004	120000.000	0.669	-30.495	-4.526	0.223	1.000	1.000	2.000	0.78363	0.871	0.432	0.242	-1.443	129.474	4.475	0.397	2.000	1.000	2.000	0.76017	-1.239	-0.123	0.061
05/11/2004	123000.000	-0.062	-27.148	-7.784	0.225	9.000	1.000	1.000	0.77745	1.285	0.457	0.286	0.543	97.175	3.450	0.391	3.000	1.000	2.000	0.75295	-1.566	-0.024	0.075
05/11/2004	130000.000	0.564	-11.075	-5.090	0.227	3.000	1.000	2.000	0.77858	0.714	0.365	0.326	0.872	123.660	7.867	0.406	1.000	1.000	2.000	0.74783	-1.283	-0.125	0.045
05/11/2004	133000.000	1.148	-8.460	-1.360	0.196	1.000	2.000	3.000	0.77864	0.425	0.288	0.297	2.725	121.851	12.082	0.441	1.000	1.000	1.000	0.72945	-1.420	-0.392	-0.027
05/11/2004	140000.000	0.617	-27.625	-4.705	0.216	1.000	1.000	1.000	0.76799	1.180	0.451	0.272	0.949	105.727	-0.343	0.417	1.000	1.000	4.000	0.73511	-1.551	-0.070	0.066
05/11/2004	143000.000	0.824	4.761	-1.555	0.148	1.000	5.000	3.000	0.77325	1.380	0.477	0.322	-0.171	74.675	-5.803	0.324	3.000	1.000	1.000	0.74524	-1.257	-0.043	0.120
05/11/2004	150000.000	1.910	-7.873	4.288	0.223	1.000	2.000	1.000	0.79297	1.259	0.432	0.252	-0.269	111.411	-8.613	0.399	3.000	1.000	1.000	0.75506	-1.342	-0.163	0.076
05/11/2004	153000.000	1.477	0.592	1.429	0.173	2.000	6.000	7.000	0.80665	1.057	0.453	0.272	2.045	77.243	-9.029	0.406	1.000	1.000	2.000	0.75628	-1.519	-0.055	0.075
05/11/2004	160000.000	-0.140	-15.435	4.318	0.254	4.000	1.000	6.000	0.79439	1.669	0.550	0.312	-0.183	69.772	-0.271	0.355	+9999	1.000	+9999	0.76008	-1.488	0.041	0.245
05/11/2004	163000.000	0.627	3.254	17.562	0.168	2.000	1.000	4.000	0.80312	1.523	0.488	0.318	-2.412	62.302	8.487	0.351	+9999	1.000	+9999	0.76473	-1.395	0.038	0.195
05/11/2004	170000.000	0.868	-2.578	0.776	0.149	1.000	5.000	1.000	0.80516	0.861	0.312	0.313	2.494	84.044	9.869	0.347	1.000	1.000	1.000	0.75855	-1.226	-0.143	0.025
05/11/2004	173000.000	0.724	-11.884	4.044	0.134	2.000	1.000	2.000	0.81211	0.305	0.295	0.278	2.797	87.471	12.107	0.370	1.000	1.000	1.000	0.75686	-1.357	-0.391	-0.075
05/11/2004	180000.000	-0.092	-12.612	0.349	0.123	5.000	1.000	2.000	0.80480	-0.200	0.221	0.223	3.133	95.088	4.433	0.386	1.000	1.000	1.000	0.76527	-0.798	-0.428	0.051
05/11/2004	183000.000	0.001	-7.025	-0.306	0.133	8.000	1.000	2.000	0.79292	-0.290	0.245	0.231	2.152	79.893	1.160	0.341	1.000	1.000	2.000	0.76012	-0.746	-0.408	0.071
05/11/2004	190000.000	-0.160	-10.251	-0.165	0.098	3.000	1.000	2.000	0.79422	-0.202	0.211	0.196	3.143	91.373	0.138	0.374	1.000	1.000	7.000	0.75801	-0.999	-0.438	0.010
05/11/2004	193000.000	-0.086	-6.677	-0.108	0.075	1.000	1.000	2.000	0.78415	-0.366	0.264	0.217	1.877	67.612	-0.647	0.339	1.000	1.000	1.000	0.75433	-0.664	-0.440	0.049
05/11/2004	200000.000	0.012	-8.607	0.216	0.147	5.000	2.000	5.000	0.77627	-0.802	0.381	0.368	1.395	50.232	0.405	0.332	1.000	1.000	2.000	0.74916	-0.301	-0.705	-0.019
05/11/2004	203000.000	0.141	-4.267	0.032	0.144	1.000	1.000	3.000	0.77465	-0.770	0.270	0.344	2.155	69.568	-0.117	0.296	1.000	1.000	6.000	0.75357	-0.288	-0.555	0.130
05/11/2004	210000.000	0.002	-10.541	0.507	0.154	4.000	1.000	2.000	0.77633	-0.295	0.211	0.240	1.659	64.150	-0.289	0.312	1.000	1.000	1.000	0.75033	-0.645	-0.434	0.048
05/11/2004	213000.000	0.077	-9.765	0.688	0.135	2.000	1.000	1.000	0.77421	-0.329	0.198	0.225	1.413	60.062	-0.416	0.290	2.000	1.000	2.000	0.75269	-0.613	-0.372	0.092
05/11/2004	220000.000	0.239	-4.719	1.261	0.102	2.000	1.000	1.000	0.77588	0.249	0.251	0.222	0.755	55.035	-2.047	0.280	1.000	1.000	1.000	0.75094	-0.718	-0.280	0.114
05/11/2004	223000.000	0.223	-36.559	5.278	0.185	1.000	1.000	1.000	0.75775	0.778	0.373	0.199	0.789	52.378	-2.068	0.393	1.000	1.000	1.000	0.73329	-1.198	-0.350	0.038
05/11/2004	230000.000	0.040	-23.699	4.064	0.156	1.000	1.000	1.000	0.75453	0.752	0.398	0.258	0.930	51.267	-0.199	0.434	1.000	1.000	4.000	0.72975	-1.474	-0.331	-0.049
05/11/2004	233000.000	0.224	-29.360	5.690	0.203	2.000	1.000	1.000	0.75348	1.138	0.448	0.208	0.411	43.231	-2.230	0.380	2.000	1.000	1.000	0.72542	-1.456	-0.100	0.076
05/11/2004	(J+1)000000.000	0.213	-21.039	5.156	0.117	1.000	1.000	1.000	0.74947	1.067	0.453	0.179	0.269	38.159	-2.148	0.345	3.000	1.000	2.000	0.72094	-1.411	0.031	0.101
