06/11/2004	003000.000	-0.024	-36.109	4.933	0.164	6.000	1.000	1.000	0.74548	1.003	0.427	0.211	0.253	47.909	-2.557	0.352	1.000	1.000	1.000	0.72001	-1.331	-0.105	0.071
06/11/2004	010000.000	0.157	-30.525	7.310	0.181	1.000	1.000	1.000	0.74523	0.690	0.341	0.178	0.598	40.626	1.903	0.370	1.000	1.000	2.000	0.72038	-1.263	-0.293	-0.002
06/11/2004	013000.000	0.164	-42.383	8.778	0.202	1.000	1.000	1.000	0.74415	0.922	0.473	0.125	0.356	35.905	0.376	0.374	1.000	1.000	1.000	0.71867	-1.411	-0.142	-0.012
06/11/2004	020000.000	0.091	-32.579	6.086	0.178	1.000	1.000	1.000	0.74065	0.961	0.413	0.200	0.167	37.245	-0.048	0.367	1.000	1.000	6.000	0.71623	-1.351	-0.087	0.007
06/11/2004	023000.000	-0.069	-37.554	7.888	0.196	1.000	1.000	1.000	0.73833	0.891	0.398	0.214	0.360	57.766	6.907	0.449	1.000	1.000	2.000	0.71533	-1.350	-0.362	0.001
06/11/2004	030000.000	0.006	-26.924	2.981	0.160	3.000	1.000	1.000	0.73376	0.878	0.424	0.233	0.445	74.042	0.798	0.439	1.000	1.000	2.000	0.71410	-1.324	-0.358	0.005
06/11/2004	033000.000	0.156	-26.636	7.162	0.161	2.000	1.000	1.000	0.73773	0.591	0.333	0.207	0.466	59.776	4.034	0.415	1.000	1.000	2.000	0.71466	-1.259	-0.379	-0.015
06/11/2004	040000.000	0.030	-43.622	8.105	0.217	3.000	1.000	1.000	0.73406	0.895	0.446	0.193	0.380	55.558	3.351	0.434	1.000	1.000	1.000	0.71060	-1.585	-0.252	0.012
06/11/2004	043000.000	-0.107	-32.066	5.080	0.176	4.000	1.000	2.000	0.73555	1.156	0.479	0.229	0.203	51.083	5.175	0.371	3.000	1.000	4.000	0.71036	-1.532	-0.047	0.157
06/11/2004	050000.000	-0.261	-56.112	4.966	0.205	2.000	1.000	1.000	0.73672	1.272	0.547	0.189	0.293	70.873	4.107	0.406	1.000	1.000	1.000	0.71246	-1.372	-0.044	0.137
06/11/2004	053000.000	0.101	-54.127	0.894	0.221	3.000	1.000	1.000	0.74122	1.260	0.532	0.152	0.584	62.419	6.175	0.344	1.000	1.000	1.000	0.71541	-1.215	-0.012	0.142
06/11/2004	060000.000	0.200	-34.979	5.452	0.171	1.000	1.000	1.000	0.74252	1.056	0.471	0.227	-2.761	72.025	5.834	0.411	1.000	1.000	2.000	0.72497	-1.529	-0.045	0.103
06/11/2004	063000.000	-0.398	-44.577	3.166	0.181	2.000	1.000	1.000	0.75002	1.116	0.482	0.143	+9999	52.608	-3.131	0.343	1.000	1.000	1.000	0.73618	-1.247	-0.026	0.126
06/11/2004	070000.000	0.114	-52.559	6.430	0.242	1.000	1.000	1.000	0.74586	1.274	0.569	0.298	+9999	59.208	-0.249	0.462	1.000	1.000	6.000	0.73244	-1.891	0.014	0.059
06/11/2004	073000.000	0.006	-37.352	3.549	0.202	5.000	1.000	1.000	0.74852	1.236	0.519	0.186	-0.423	64.996	4.160	0.379	1.000	1.000	2.000	0.72356	-1.441	0.010	0.082
06/11/2004	080000.000	0.173	-52.285	2.729	0.216	1.000	1.000	1.000	0.75114	1.024	0.445	0.169	-0.982	52.741	1.246	0.368	1.000	1.000	2.000	0.72638	-1.331	0.015	0.101
06/11/2004	083000.000	0.065	-36.454	0.930	0.204	3.000	1.000	6.000	0.75024	0.891	0.476	0.242	-1.542	71.879	5.061	0.412	1.000	1.000	1.000	0.72691	-1.561	-0.150	-0.010
06/11/2004	090000.000	-0.586	-69.814	-2.249	0.295	1.000	1.000	3.000	0.73618	1.436	0.605	0.347	0.113	129.113	8.760	0.619	3.000	1.000	1.000	0.70968	-2.216	-0.161	0.035
06/11/2004	093000.000	0.370	-70.848	1.617	0.294	1.000	1.000	4.000	0.73021	1.429	0.635	0.314	-1.456	120.598	6.364	0.564	1.000	1.000	1.000	0.70997	-2.144	-0.143	0.067
06/11/2004	100000.000	0.154	-32.819	1.336	0.199	1.000	1.000	3.000	0.74059	0.533	0.372	0.337	2.088	185.086	17.561	0.584	1.000	1.000	1.000	0.70388	-1.493	-0.449	0.050
06/11/2004	103000.000	-0.627	-37.994	-6.272	0.230	1.000	1.000	1.000	0.73761	0.531	0.496	0.321	2.010	173.854	13.917	0.596	1.000	1.000	1.000	0.69920	-1.697	-0.588	-0.011
06/11/2004	110000.000	0.640	-15.517	-5.838	0.236	2.000	1.000	3.000	0.73668	0.606	0.520	0.303	3.262	275.994	38.171	0.700	1.000	1.000	1.000	0.69894	-2.128	-0.620	-0.101
06/11/2004	113000.000	-0.209	-77.411	0.019	0.319	4.000	1.000	6.000	0.73060	1.601	0.689	0.371	-0.751	214.124	9.675	0.668	1.000	1.000	3.000	0.70173	-2.457	-0.048	0.112
06/11/2004	120000.000	0.263	-47.988	-9.597	0.243	1.000	1.000	1.000	0.73225	1.331	0.594	0.371	-2.003	149.746	4.865	0.560	1.000	1.000	6.000	0.70241	-2.155	-0.088	0.171
06/11/2004	123000.000	-0.110	-39.339	-11.909	0.240	9.000	2.000	2.000	0.73537	0.709	0.520	0.303	1.745	206.088	29.527	0.694	1.000	1.000	1.000	0.69966	-2.289	-0.513	-0.087
06/11/2004	130000.000	-0.168	-43.564	-10.675	0.237	4.000	1.000	1.000	0.72797	1.661	0.605	0.351	-2.060	134.292	5.132	0.516	2.000	1.000	3.000	0.70598	-1.955	0.015	0.242
06/11/2004	133000.000	0.247	-53.179	4.886	0.266	2.000	2.000	6.000	0.73578	1.099	0.529	0.294	-1.354	137.823	14.817	0.523	2.000	1.000	1.000	0.70509	-1.889	-0.121	0.087
06/11/2004	140000.000	0.530	-43.935	2.667	0.197	1.000	1.000	5.000	0.74237	0.849	0.498	0.235	1.620	161.980	18.538	0.582	2.000	1.000	1.000	0.70583	-1.989	-0.345	-0.049
06/11/2004	143000.000	0.316	-69.611	-1.116	0.308	2.000	1.000	4.000	0.74304	1.255	0.554	0.285	-0.358	121.422	-2.799	0.459	1.000	1.000	1.000	0.71448	-1.610	-0.083	0.123
06/11/2004	150000.000	0.511	-48.241	0.800	0.291	2.000	1.000	4.000	0.74607	1.681	0.615	0.400	-2.335	113.414	8.871	0.539	1.000	1.000	2.000	0.71514	-2.035	0.041	0.278
06/11/2004	153000.000	1.331	-36.243	-6.723	0.274	1.000	1.000	2.000	0.75103	1.699	0.595	0.306	-0.222	89.845	0.546	0.437	4.000	1.000	7.000	0.71880	-1.784	-0.060	0.227
06/11/2004	160000.000	0.291	-9.169	-2.559	0.260	1.000	1.000	3.000	0.74459	2.015	0.634	0.413	-2.240	42.211	0.811	0.272	1.000	1.000	7.000	0.72630	-1.735	0.210	0.412
06/11/2004	163000.000	0.359	2.735	-4.604	0.269	2.000	3.000	1.000	0.74406	2.077	0.614	0.337	0.952	47.684	0.188	0.267	1.000	1.000	7.000	0.72514	-1.535	0.167	0.477
06/11/2004	170000.000	1.106	19.190	-2.735	0.233	1.000	1.000	4.000	0.75352	1.810	0.524	0.244	-0.198	35.065	2.151	0.190	2.000	1.000	5.000	0.73327	-1.243	0.140	0.363
06/11/2004	173000.000	0.295	-9.708	-1.699	0.249	1.000	1.000	6.000	0.75871	1.695	0.515	0.294	-0.057	35.026	3.828	0.188	4.000	1.000	4.000	0.73231	-1.365	0.095	0.360
06/11/2004	180000.000	0.159	-37.126	-2.366	0.233	4.000	2.000	4.000	0.76427	1.099	0.458	0.276	0.868	87.159	1.320	0.438	1.000	1.000	6.000	0.73024	-1.543	-0.102	0.077
06/11/2004	183000.000	0.475	-21.317	-2.436	0.205	1.000	1.000	1.000	0.76912	0.990	0.449	0.289	-0.577	74.323	11.086	0.457	1.000	1.000	1.000	0.73042	-1.811	-0.107	-0.037
06/11/2004	190000.000	0.552	-16.867	-1.925	0.168	1.000	1.000	3.000	0.76621	0.587	0.322	0.289	3.128	111.738	12.904	0.422	1.000	1.000	1.000	0.72658	-1.277	-0.367	-0.016
06/11/2004	193000.000	0.222	-16.558	-0.935	0.162	1.000	1.000	3.000	0.76191	0.341	0.310	0.247	1.919	90.947	9.568	0.424	1.000	1.000	1.000	0.72345	-1.121	-0.339	0.028
06/11/2004	200000.000	0.027	-25.671	-0.147	0.164	6.000	1.000	7.000	0.74254	-0.194	0.308	0.242	1.622	90.090	6.102	0.482	1.000	1.000	1.000	0.71504	-0.881	-0.446	0.063
06/11/2004	203000.000	0.069	-34.630	0.083	0.153	1.000	1.000	7.000	0.73546	-0.423	0.373	0.228	2.546	85.409	6.189	0.494	2.000	1.000	1.000	0.71381	-1.145	-0.572	0.028
06/11/2004	210000.000	0.011	-37.356	1.501	0.130	1.000	1.000	1.000	0.73454	-0.247	0.332	0.250	1.406	63.417	6.854	0.525	1.000	1.000	1.000	0.70695	-1.347	-0.584	-0.065
06/11/2004	213000.000	0.033	-35.566	0.945	0.153	1.000	1.000	1.000	0.73313	-0.290	0.343	0.181	1.271	58.849	6.260	0.465	1.000	1.000	1.000	0.70806	-1.252	-0.521	-0.033
06/11/2004	220000.000	0.024	-26.032	0.973	0.173	2.000	1.000	3.000	0.73422	-0.110	0.319	0.207	1.278	80.558	5.030	0.458	1.000	1.000	1.000	0.70798	-1.099	-0.404	0.012
06/11/2004	223000.000	0.084	-23.893	1.306	0.166	3.000	1.000	1.000	0.73222	-0.237	0.311	0.195	0.881	73.172	4.210	0.456	1.000	1.000	1.000	0.70569	-1.056	-0.494	-0.006
06/11/2004	230000.000	0.111	-26.118	1.070	0.123	2.000	1.000	2.000	0.73306	-0.350	0.341	0.202	1.195	70.793	5.018	0.458	1.000	1.000	1.000	0.70687	-1.085	-0.510	-0.018
06/11/2004	233000.000	0.242	-12.016	0.438	0.108	2.000	1.000	2.000	0.73801	-0.222	0.264	0.201	1.132	67.455	3.540	0.402	1.000	1.000	1.000	0.70970	-0.936	-0.467	0.034
06/11/2004	(J+1)000000.000	0.369	-21.045	1.378	0.137	3.000	1.000	1.000	0.73860	0.206	0.263	0.232	0.988	71.739	3.251	0.429	1.000	1.000	1.000	0.70905	-1.206	-0.406	-0.044
