29/09/2004	003000.000	0.202	19.024	-4.179	0.237	1.000	1.000	2.000	0.71469	-0.830	0.317	-0.058	0.133	12.239	-4.382	0.261	2.000	2.000	2.000	0.67929	0.271	-0.625	-0.107
29/09/2004	010000.000	0.347	14.700	-0.055	0.231	1.000	1.000	9.000	0.70713	-0.827	0.370	-0.047	0.209	18.654	-2.805	0.255	1.000	1.000	1.000	0.67167	0.143	-0.618	-0.089
29/09/2004	013000.000	0.175	2.713	-0.819	0.132	2.000	3.000	5.000	0.71401	-0.785	0.446	0.181	0.142	33.159	-4.528	0.285	2.000	1.000	1.000	0.67697	-0.004	-0.893	-0.124
29/09/2004	020000.000	0.053	6.236	-0.476	0.059	4.000	1.000	4.000	0.71572	-0.538	0.272	0.182	0.128	32.191	-3.374	0.245	1.000	1.000	1.000	0.67939	-0.107	-0.564	-0.040
29/09/2004	023000.000	0.017	7.448	-1.700	0.093	7.000	2.000	3.000	0.71610	-0.271	0.129	0.129	0.099	29.490	-3.145	0.167	2.000	1.000	1.000	0.68091	-0.160	-0.352	0.020
29/09/2004	030000.000	0.109	5.131	-3.153	0.083	2.000	1.000	2.000	0.72413	-0.567	0.207	0.096	0.155	45.857	-2.033	0.156	2.000	1.000	2.000	0.68781	-0.043	-0.389	0.031
29/09/2004	033000.000	0.448	11.862	-3.317	0.087	2.000	1.000	5.000	0.74724	-0.601	-0.045	0.123	-0.042	22.579	2.033	0.075	5.000	1.000	4.000	0.70938	0.511	-0.074	-0.056
29/09/2004	040000.000	0.569	12.779	2.451	0.125	1.000	2.000	4.000	0.74050	-0.592	0.211	-0.004	0.237	41.800	-1.701	0.140	1.000	1.000	1.000	0.70085	-0.051	-0.272	0.077
29/09/2004	043000.000	1.171	24.016	3.028	0.164	3.000	1.000	3.000	0.74375	-0.771	0.243	0.001	0.417	33.575	-0.831	0.187	2.000	2.000	3.000	0.70128	0.044	-0.442	-0.015
29/09/2004	050000.000	0.794	9.981	3.006	0.075	2.000	1.000	3.000	0.75883	0.156	0.006	0.144	1.169	45.114	-2.045	0.074	3.000	2.000	3.000	0.71261	-0.080	-0.140	0.111
29/09/2004	053000.000	1.708	35.842	2.940	0.108	2.000	1.000	1.000	0.76089	-1.122	-0.150	0.070	0.508	24.555	0.738	0.131	1.000	1.000	2.000	0.71713	0.710	-0.269	-0.059
29/09/2004	060000.000	2.103	55.725	7.008	0.140	1.000	1.000	3.000	0.77756	-1.128	-0.131	0.118	1.383	52.228	-1.773	0.180	1.000	1.000	4.000	0.73185	0.585	-0.259	0.013
29/09/2004	063000.000	3.239	71.947	4.686	0.191	1.000	1.000	4.000	0.78273	-1.316	-0.183	-0.125	1.264	58.983	-0.252	0.206	1.000	1.000	7.000	0.73646	0.576	-0.351	0.006
29/09/2004	070000.000	2.352	63.270	1.322	0.153	1.000	1.000	7.000	0.78288	-1.241	-0.192	0.030	0.713	61.674	0.329	0.198	1.000	1.000	7.000	0.73991	0.619	-0.303	0.017
29/09/2004	073000.000	2.555	69.300	1.713	0.137	1.000	1.000	6.000	0.77948	-1.040	-0.144	-0.030	0.341	57.372	-1.446	0.165	1.000	1.000	2.000	0.73019	0.275	-0.398	0.006
29/09/2004	080000.000	1.687	48.329	-2.391	0.129	2.000	1.000	4.000	0.76495	-0.827	-0.105	0.074	0.864	70.996	-2.746	0.152	1.000	1.000	3.000	0.72052	0.428	-0.178	0.011
29/09/2004	083000.000	4.443	95.369	-5.129	0.156	2.000	2.000	2.000	0.76540	-0.384	-0.025	-0.011	0.956	83.508	-1.568	0.147	3.000	3.000	4.000	0.71581	0.222	-0.044	-0.062
29/09/2004	090000.000	1.646	44.307	-4.223	0.131	1.000	1.000	1.000	0.77086	-0.329	0.138	0.172	1.104	86.315	-1.069	0.112	2.000	2.000	5.000	0.72077	-0.235	-0.204	0.036
29/09/2004	093000.000	1.756	72.546	-2.220	0.082	1.000	1.000	2.000	0.74681	-0.700	-0.232	0.128	1.752	103.682	-5.329	0.142	1.000	1.000	1.000	0.70083	0.161	-0.264	0.056
29/09/2004	100000.000	1.144	69.226	0.415	0.078	2.000	1.000	9.000	0.72002	-0.505	-0.334	-0.043	1.820	95.615	-1.471	0.180	3.000	1.000	3.000	0.68909	0.465	0.035	0.006
29/09/2004	103000.000	2.582	91.059	12.946	0.229	2.000	2.000	3.000	0.70968	0.325	-0.121	0.096	1.031	52.754	-3.233	0.149	2.000	1.000	2.000	0.67477	0.155	0.057	0.167
29/09/2004	110000.000	2.447	127.787	26.031	0.278	2.000	2.000	4.000	0.68007	0.599	-0.085	-0.016	0.682	38.524	0.451	0.122	1.000	1.000	6.000	0.65240	-0.135	0.016	0.232
29/09/2004	113000.000	1.093	98.670	8.282	0.192	1.000	1.000	1.000	0.67501	0.502	-0.120	-0.178	0.823	57.332	-2.412	0.160	1.000	1.000	1.000	0.64920	0.296	0.003	0.217
29/09/2004	120000.000	2.823	98.857	47.713	0.171	2.000	2.000	3.000	0.67924	0.900	-0.062	0.119	1.510	56.527	-6.183	0.139	1.000	1.000	6.000	0.65003	-0.052	-0.025	0.228
29/09/2004	123000.000	3.076	79.053	29.883	0.225	2.000	1.000	2.000	0.67703	0.728	0.221	0.051	1.641	113.062	1.023	0.100	2.000	1.000	8.000	0.63363	-0.414	-0.124	0.062
29/09/2004	130000.000	3.462	93.448	30.127	0.123	1.000	1.000	1.000	0.68026	0.959	0.146	0.039	0.868	44.741	1.730	0.100	1.000	1.000	2.000	0.63657	-0.581	-0.027	0.206
29/09/2004	133000.000	3.549	74.550	31.067	0.231	1.000	1.000	1.000	0.67284	0.766	0.163	-0.024	1.062	31.537	1.476	0.040	1.000	1.000	3.000	0.63866	-0.388	0.007	0.226
29/09/2004	140000.000	2.409	104.654	55.511	0.219	2.000	2.000	2.000	0.66628	0.348	-0.196	0.013	0.940	29.032	7.389	0.099	2.000	1.000	3.000	0.64491	-0.050	-0.003	0.214
29/09/2004	143000.000	5.505	107.497	29.909	0.147	2.000	2.000	1.000	0.67957	-0.237	0.017	0.073	1.800	92.774	13.861	0.125	1.000	1.000	1.000	0.63150	0.290	-0.199	0.045
29/09/2004	150000.000	2.918	62.888	25.609	0.202	1.000	1.000	2.000	0.67663	0.490	-0.072	0.001	2.284	27.099	0.253	0.173	2.000	2.000	6.000	0.65367	-0.203	-0.008	0.134
29/09/2004	153000.000	3.070	46.800	21.200	0.187	1.000	1.000	2.000	0.67496	0.491	-0.053	-0.018	2.860	29.606	12.830	0.119	2.000	1.000	2.000	0.65724	-0.093	0.057	0.086
29/09/2004	160000.000	5.606	47.693	29.479	0.078	1.000	1.000	1.000	0.71016	0.292	0.083	0.121	2.183	16.275	5.594	0.094	2.000	1.000	1.000	0.66012	-0.172	0.012	0.090
29/09/2004	163000.000	3.740	24.447	17.785	0.101	2.000	2.000	1.000	0.69627	0.785	0.238	0.109	1.138	22.182	-1.830	0.143	1.000	1.000	6.000	0.65697	-0.359	0.028	0.148
29/09/2004	170000.000	2.826	6.340	19.656	0.089	1.000	1.000	1.000	0.68703	0.973	0.124	0.118	-0.016	2.439	-9.999	0.092	9.000	1.000	2.000	0.65362	-0.586	0.016	0.167
29/09/2004	173000.000	1.878	-2.024	12.986	0.205	1.000	1.000	1.000	0.68601	1.258	-0.041	0.156	0.168	0.305	-6.851	0.059	2.000	4.000	1.000	0.67347	-0.262	0.022	0.095
29/09/2004	180000.000	1.295	-1.375	7.562	0.091	1.000	2.000	3.000	0.71019	0.778	0.052	0.200	0.207	4.452	-13.396	0.058	1.000	1.000	1.000	0.67024	-0.398	0.023	0.090
29/09/2004	183000.000	0.936	-3.770	2.643	0.165	1.000	1.000	2.000	0.71822	0.833	-0.024	0.163	0.382	-0.550	0.416	0.048	2.000	5.000	1.000	0.69659	-0.145	0.033	0.099
29/09/2004	190000.000	0.155	2.371	0.907	0.086	5.000	5.000	6.000	0.70762	0.211	0.003	0.192	0.606	2.171	1.848	0.081	1.000	1.000	3.000	0.68977	0.177	0.044	0.200
29/09/2004	193000.000	0.549	1.425	1.799	0.063	1.000	5.000	4.000	0.77099	0.185	0.003	0.057	0.136	3.427	-8.405	0.061	4.000	4.000	3.000	0.70658	-0.164	0.013	0.078
29/09/2004	200000.000	0.498	-0.176	1.415	0.041	2.000	5.000	2.000	0.81870	-0.142	-0.029	0.086	0.607	2.985	0.497	0.036	2.000	2.000	3.000	0.76446	0.084	-0.053	0.074
29/09/2004	203000.000	1.833	6.574	8.637	0.058	2.000	2.000	1.000	0.81612	-0.516	-0.044	0.064	0.486	4.523	2.459	0.050	1.000	2.000	2.000	0.76381	0.293	-0.090	0.059
29/09/2004	210000.000	0.743	-2.249	6.610	0.096	1.000	1.000	1.000	0.75695	-0.523	-0.132	-0.037	0.821	1.500	7.381	0.056	1.000	1.000	1.000	0.72855	0.556	-0.007	0.019
29/09/2004	213000.000	0.351	10.769	0.513	0.154	5.000	3.000	9.000	0.74861	-1.005	-0.259	0.209	1.042	13.234	11.791	0.179	3.000	1.000	3.000	0.70987	1.054	-0.089	-0.041
29/09/2004	220000.000	0.281	2.962	2.456	0.077	3.000	4.000	5.000	0.73664	-1.002	-0.200	0.236	0.326	7.959	-2.261	0.109	2.000	3.000	1.000	0.70349	0.651	-0.073	0.036
29/09/2004	223000.000	0.367	5.109	-3.071	0.153	1.000	1.000	2.000	0.72161	-1.346	-0.087	0.038	0.314	13.844	-1.446	0.118	1.000	1.000	1.000	0.68834	0.423	-0.192	0.083
29/09/2004	230000.000	0.224	7.236	-6.188	0.108	3.000	2.000	3.000	0.71339	-1.125	-0.229	0.231	0.527	9.799	-9.003	0.185	2.000	1.000	2.000	0.68070	0.869	-0.107	-0.031
29/09/2004	233000.000	0.498	22.353	-7.781	0.196	1.000	1.000	1.000	0.72514	-1.296	-0.125	-0.005	0.158	21.150	-2.071	0.206	1.000	1.000	1.000	0.68900	0.626	-0.349	-0.051
29/09/2004	(J+1)000000.000	0.513	20.758	-9.484	0.157	1.000	1.000	1.000	0.72919	-0.947	-0.058	-0.054	0.199	14.715	-4.581	0.136	2.000	1.000	1.000	0.69201	0.515	-0.244	-0.071
