12/07/2004	003000.000	0.127	-22.838	3.925	0.176	3.000	1.000	1.000	0.67904	0.694	0.372	0.208	0.227	60.283	-6.842	0.410	3.000	2.000	3.000	0.65591	-1.412	-0.375	-0.068
12/07/2004	010000.000	0.030	-19.671	-0.192	0.074	2.000	1.000	7.000	0.68266	0.091	0.300	0.223	0.159	67.417	-8.250	0.395	1.000	1.000	1.000	0.66042	-0.891	-0.360	0.049
12/07/2004	013000.000	-0.019	-38.313	6.608	0.212	1.000	1.000	1.000	0.68032	0.881	0.461	0.184	0.132	80.607	-15.572	0.461	3.000	1.000	1.000	0.65819	-1.396	-0.299	0.004
12/07/2004	020000.000	-0.006	-35.939	6.856	0.208	3.000	1.000	1.000	0.67884	0.776	0.464	0.193	0.145	77.189	-16.124	0.502	4.000	1.000	1.000	0.65653	-1.554	-0.351	-0.018
12/07/2004	023000.000	0.018	-31.092	5.607	0.194	1.000	1.000	1.000	0.67990	0.541	0.363	0.259	0.105	87.272	-11.724	0.492	2.000	1.000	1.000	0.65763	-1.462	-0.403	-0.036
12/07/2004	030000.000	0.041	-31.254	4.798	0.190	1.000	1.000	1.000	0.68200	0.323	0.382	0.215	0.120	73.209	-8.092	0.527	2.000	1.000	1.000	0.65868	-1.765	-0.451	-0.115
12/07/2004	033000.000	0.129	-13.848	7.099	0.188	1.000	1.000	1.000	0.68515	0.418	0.339	0.213	0.158	70.559	-7.184	0.489	2.000	1.000	1.000	0.66049	-1.448	-0.377	-0.079
12/07/2004	040000.000	0.092	-18.967	0.633	0.146	1.000	1.000	2.000	0.68676	-0.310	0.315	0.210	0.141	47.256	-3.659	0.406	2.000	1.000	1.000	0.66213	-1.109	-0.518	-0.106
12/07/2004	043000.000	0.162	-16.422	2.572	0.148	1.000	1.000	1.000	0.69126	-0.214	0.322	0.164	0.247	49.410	-3.613	0.435	1.000	1.000	2.000	0.66415	-1.281	-0.510	-0.133
12/07/2004	050000.000	0.052	-10.777	-1.498	0.161	1.000	1.000	1.000	0.69562	-0.252	0.290	0.219	0.670	80.648	-4.939	0.465	1.000	1.000	1.000	0.66675	-1.215	-0.565	-0.041
12/07/2004	053000.000	0.157	-7.597	1.047	0.179	2.000	3.000	4.000	0.69818	-0.523	0.330	0.314	0.350	59.313	-2.523	0.379	1.000	1.000	3.000	0.66858	-0.743	-0.547	0.034
12/07/2004	060000.000	0.324	-6.338	-1.430	0.155	1.000	1.000	1.000	0.70430	-0.237	0.257	0.240	0.686	84.280	-4.276	0.368	1.000	1.000	1.000	0.67135	-0.779	-0.474	0.023
12/07/2004	063000.000	0.168	-9.982	-3.084	0.179	1.000	1.000	1.000	0.70136	-0.433	0.316	0.273	0.654	85.489	2.196	0.440	1.000	1.000	1.000	0.67037	-0.866	-0.622	-0.016
12/07/2004	070000.000	0.256	-7.234	-1.966	0.159	2.000	1.000	1.000	0.69928	-0.392	0.299	0.282	1.011	92.862	-2.239	0.433	1.000	1.000	5.000	0.66687	-0.881	-0.490	0.041
12/07/2004	073000.000	0.099	-20.035	-8.790	0.200	1.000	1.000	1.000	0.69000	-0.289	0.376	0.243	0.935	102.078	-1.761	0.579	1.000	1.000	3.000	0.65926	-1.511	-0.650	-0.157
12/07/2004	080000.000	0.911	-13.051	-3.966	0.217	1.000	1.000	2.000	0.69647	0.152	0.390	0.279	0.957	112.453	-6.829	0.613	1.000	1.000	1.000	0.65891	-1.813	-0.622	-0.119
12/07/2004	083000.000	1.384	5.027	-0.625	0.204	1.000	3.000	5.000	0.70349	0.367	0.363	0.306	1.196	105.366	-6.357	0.551	1.000	1.000	1.000	0.66058	-1.624	-0.461	-0.062
12/07/2004	090000.000	1.200	-3.433	-7.589	0.197	1.000	1.000	2.000	0.70297	0.563	0.383	0.249	1.544	111.742	0.716	0.585	1.000	1.000	5.000	0.65971	-1.755	-0.508	-0.082
12/07/2004	093000.000	1.451	6.803	0.279	0.168	1.000	2.000	9.000	0.70750	0.327	0.331	0.303	1.456	112.615	-5.523	0.571	1.000	1.000	1.000	0.65850	-1.635	-0.586	-0.120
12/07/2004	100000.000	1.475	-0.249	-7.640	0.142	1.000	7.000	3.000	0.70064	0.054	0.334	0.270	2.059	115.652	11.749	0.498	1.000	1.000	4.000	0.65431	-1.261	-0.469	-0.054
12/07/2004	103000.000	0.058	-25.519	-10.547	0.153	1.000	1.000	1.000	0.68415	-0.067	0.384	0.329	1.784	153.508	-2.634	0.561	1.000	1.000	6.000	0.64563	-1.391	-0.521	0.000
12/07/2004	110000.000	0.729	-7.454	-10.363	0.202	1.000	2.000	2.000	0.67993	0.343	0.463	0.301	2.413	210.389	29.298	0.649	1.000	1.000	2.000	0.64170	-1.599	-0.570	-0.040
12/07/2004	113000.000	-0.169	-51.886	-8.948	0.168	1.000	1.000	3.000	0.67272	0.277	0.510	0.385	1.477	232.040	-1.993	0.688	1.000	1.000	6.000	0.63296	-1.740	-0.743	-0.106
12/07/2004	120000.000	0.223	-44.096	-8.765	0.211	1.000	1.000	1.000	0.67297	0.963	0.630	0.380	1.609	185.806	-19.934	0.678	1.000	1.000	1.000	0.63564	-2.306	-0.481	-0.067
12/07/2004	123000.000	0.586	-21.568	-8.382	0.317	1.000	1.000	4.000	0.67267	0.608	0.599	0.340	2.088	268.482	3.920	0.803	1.000	1.000	7.000	0.62842	-2.338	-0.629	-0.096
12/07/2004	130000.000	0.990	-19.896	-3.535	0.195	1.000	1.000	1.000	0.67754	0.238	0.491	0.279	3.295	319.458	14.399	0.688	1.000	1.000	1.000	0.63095	-2.019	-0.641	-0.088
12/07/2004	133000.000	1.009	-6.591	-14.677	0.245	1.000	3.000	1.000	0.68212	0.338	0.534	0.332	2.217	175.713	2.387	0.762	1.000	1.000	1.000	0.63747	-2.174	-0.701	-0.116
12/07/2004	140000.000	0.827	-7.813	-4.892	0.227	1.000	1.000	3.000	0.67755	0.661	0.529	0.430	2.946	289.040	6.017	0.842	1.000	1.000	2.000	0.62857	-2.067	-0.738	-0.041
12/07/2004	143000.000	0.787	-43.493	-4.989	0.167	2.000	2.000	6.000	0.67582	0.525	0.543	0.315	2.930	308.552	41.959	0.738	1.000	1.000	3.000	0.62484	-2.222	-0.660	-0.048
12/07/2004	150000.000	1.865	-20.537	-5.758	0.272	1.000	1.000	4.000	0.67807	1.059	0.621	0.414	+9999	315.006	+9999	0.844	+9999	1.000	+9999	0.62118	-2.354	-0.734	-0.063
12/07/2004	153000.000	1.699	-10.117	-6.193	+9999	+9999	+9999	+9999	0.67633	2.025	+9999	+9999	+9999	253.610	+9999	+9999	+9999	+9999	+9999	0.62369	-2.777	+9999	+9999
12/07/2004	160000.000	1.533	0.303	-6.627	0.437	1.000	3.000	6.000	0.67651	1.525	0.780	0.347	+9999	192.215	+9999	0.829	+9999	1.000	+9999	+9999	-3.230	-0.319	0.020
12/07/2004	163000.000	2.513	-30.732	-3.036	0.390	1.000	1.000	6.000	0.67500	1.244	0.708	0.356	3.104	189.996	-11.909	0.799	1.000	1.000	5.000	0.62777	-2.741	-0.595	-0.049
12/07/2004	170000.000	0.855	-48.369	11.274	0.440	2.000	2.000	5.000	0.66929	1.613	0.753	0.372	2.331	151.244	4.202	0.781	1.000	1.000	3.000	0.62714	-2.797	-0.166	0.086
12/07/2004	173000.000	1.634	-14.098	9.736	0.410	1.000	1.000	2.000	0.66608	1.565	0.789	0.363	2.463	151.804	2.912	0.800	1.000	1.000	4.000	0.62796	-2.700	-0.428	0.037
12/07/2004	180000.000	0.660	-22.246	-6.710	0.337	1.000	1.000	1.000	0.66460	1.232	0.645	0.369	1.838	146.694	-7.008	0.814	1.000	1.000	3.000	0.62480	-2.723	-0.573	-0.029
12/07/2004	183000.000	-0.131	-17.452	0.631	0.310	6.000	2.000	6.000	0.66273	1.358	0.598	0.370	1.680	88.301	6.944	0.655	1.000	1.000	2.000	0.62935	-2.614	-0.082	0.086
12/07/2004	190000.000	-0.196	-18.296	0.676	0.372	2.000	1.000	5.000	0.65986	2.148	0.788	0.492	1.013	49.797	-3.634	0.537	1.000	1.000	1.000	0.63102	-2.353	0.114	0.303
12/07/2004	193000.000	0.059	-14.121	-0.696	0.259	1.000	1.000	6.000	0.66434	1.405	0.584	0.366	1.403	43.317	-0.547	0.488	1.000	1.000	6.000	0.63522	-2.024	0.005	0.166
12/07/2004	200000.000	-0.087	-12.867	1.024	0.174	3.000	1.000	1.000	0.66967	0.747	0.386	0.243	0.577	34.079	-3.198	0.400	1.000	1.000	1.000	0.63826	-1.433	-0.207	0.024
12/07/2004	203000.000	-0.065	-10.054	2.961	0.170	6.000	1.000	1.000	0.67179	0.816	0.385	0.230	0.510	28.834	-0.178	0.360	1.000	1.000	2.000	0.64183	-1.266	-0.221	0.048
12/07/2004	210000.000	0.001	-9.634	-2.251	0.232	1.000	1.000	1.000	0.66997	0.180	0.391	0.244	1.056	54.055	0.345	0.601	1.000	1.000	8.000	0.64272	-1.737	-0.556	-0.122
12/07/2004	213000.000	0.293	-30.128	0.243	0.248	1.000	1.000	3.000	0.66644	1.011	0.543	0.262	0.694	60.519	-8.298	0.646	1.000	1.000	2.000	0.63970	-2.054	-0.475	-0.033
12/07/2004	220000.000	0.373	-12.338	1.655	0.228	1.000	1.000	2.000	0.67061	0.520	0.390	0.184	0.617	48.320	-6.194	0.552	1.000	1.000	1.000	0.64314	-1.588	-0.463	-0.089
12/07/2004	223000.000	0.096	-16.225	-1.692	0.140	1.000	1.000	1.000	0.67126	-0.183	0.330	0.197	0.242	33.073	-6.709	0.458	1.000	1.000	1.000	0.64498	-1.282	-0.526	-0.055
12/07/2004	230000.000	0.091	-20.412	-1.999	0.156	1.000	1.000	1.000	0.67291	-0.317	0.390	0.222	0.338	55.637	-5.429	0.551	1.000	1.000	2.000	0.64809	-1.474	-0.631	-0.060
12/07/2004	233000.000	0.137	-19.693	5.371	0.208	1.000	1.000	2.000	0.67356	0.713	0.473	0.231	0.302	68.213	-1.758	0.576	1.000	1.000	2.000	0.64846	-1.937	-0.388	-0.066
12/07/2004	(J+1)000000.000	0.005	-30.653	4.803	0.203	4.000	1.000	1.000	0.67430	0.727	0.431	0.264	0.245	65.988	-6.739	0.573	1.000	1.000	1.000	0.65046	-1.799	-0.435	-0.027
