15/07/2004	003000.000	0.291	7.538	4.634	0.152	1.000	1.000	1.000	0.68281	1.129	0.350	-0.004	0.032	6.331	-2.439	0.091	5.000	2.000	1.000	0.65617	-0.577	0.060	0.214
15/07/2004	010000.000	0.300	-2.837	3.023	0.104	1.000	1.000	1.000	0.68606	0.245	0.254	0.065	0.073	22.386	-4.114	0.190	2.000	2.000	3.000	0.66023	-0.560	-0.156	0.023
15/07/2004	013000.000	0.009	1.577	-1.698	0.078	7.000	1.000	1.000	0.69592	-0.368	0.117	0.189	-0.006	36.521	-6.483	0.132	1.000	1.000	2.000	0.67254	-0.117	-0.327	0.093
15/07/2004	020000.000	-0.051	7.725	-5.324	0.158	1.000	2.000	3.000	0.73004	-0.635	0.341	0.059	-0.070	28.635	-9.661	0.219	4.000	2.000	2.000	0.70790	0.144	-0.627	-0.084
15/07/2004	023000.000	0.082	34.358	-7.810	0.232	7.000	1.000	2.000	0.75099	-1.053	0.316	-0.115	-0.006	28.090	-8.988	0.286	3.000	1.000	2.000	0.72924	0.306	-0.787	-0.152
15/07/2004	030000.000	0.184	30.421	-8.564	0.235	1.000	1.000	2.000	0.76124	-0.815	0.285	-0.033	0.087	27.449	-6.735	0.209	1.000	1.000	1.000	0.73851	0.230	-0.604	-0.078
15/07/2004	033000.000	0.156	27.691	-3.647	0.179	1.000	1.000	2.000	0.76715	-0.847	0.283	-0.060	0.053	22.802	-4.950	0.194	3.000	1.000	1.000	0.74447	0.276	-0.684	-0.146
15/07/2004	040000.000	0.422	36.842	-5.769	0.172	1.000	1.000	1.000	0.77593	-0.845	0.379	-0.087	0.088	23.472	-6.322	0.184	1.000	1.000	1.000	0.75208	0.278	-0.626	-0.140
15/07/2004	043000.000	0.201	18.770	-4.211	0.149	1.000	1.000	1.000	0.77981	-0.766	0.335	-0.028	0.076	21.769	-4.737	0.188	1.000	1.000	1.000	0.75557	0.243	-0.549	-0.055
15/07/2004	050000.000	0.863	43.413	0.129	0.220	3.000	2.000	6.000	0.78933	-0.854	0.334	0.007	0.280	43.829	-7.479	0.236	1.000	1.000	1.000	0.76297	0.074	-0.574	-0.053
15/07/2004	053000.000	0.752	35.313	-6.092	0.214	1.000	1.000	1.000	0.79313	-0.748	0.306	-0.018	0.123	31.574	-5.412	0.180	1.000	1.000	1.000	0.76560	0.189	-0.535	-0.056
15/07/2004	060000.000	0.762	34.334	-4.169	0.161	1.000	1.000	3.000	0.80112	-0.790	0.267	-0.031	0.081	25.686	-3.228	0.166	3.000	1.000	1.000	0.77139	0.260	-0.588	-0.134
15/07/2004	063000.000	1.608	59.247	-2.073	0.276	1.000	1.000	1.000	0.79572	-0.934	0.344	-0.126	0.127	38.187	-2.265	0.213	2.000	1.000	2.000	0.76523	0.318	-0.636	-0.143
15/07/2004	070000.000	1.383	43.859	-3.803	0.185	1.000	1.000	1.000	0.78617	-0.700	0.288	0.122	0.269	52.269	-4.236	0.137	3.000	1.000	1.000	0.74975	0.026	-0.337	-0.050
15/07/2004	073000.000	1.124	48.323	-8.598	0.069	2.000	3.000	2.000	0.75436	-0.148	0.117	0.123	0.802	51.911	-5.312	0.168	1.000	1.000	1.000	0.71882	-0.216	-0.167	-0.004
15/07/2004	080000.000	2.353	57.583	-2.608	0.205	1.000	1.000	7.000	0.72802	0.386	0.137	0.172	1.139	79.107	-5.614	0.241	1.000	1.000	4.000	0.69049	-0.471	-0.096	0.051
15/07/2004	083000.000	0.386	-12.513	-7.431	0.194	5.000	1.000	4.000	0.71148	0.244	0.274	0.228	0.798	106.141	-1.686	0.244	1.000	1.000	1.000	0.66806	-0.430	-0.448	-0.043
15/07/2004	090000.000	0.802	14.312	1.989	0.191	1.000	2.000	2.000	0.70956	-0.348	0.146	0.289	1.415	152.525	-3.122	0.286	1.000	1.000	2.000	0.66205	-0.440	-0.517	-0.071
15/07/2004	093000.000	2.300	48.745	15.863	0.087	1.000	2.000	2.000	0.67825	0.697	0.204	0.230	1.487	83.757	2.483	0.236	1.000	1.000	4.000	0.63637	-0.394	-0.155	0.118
15/07/2004	100000.000	1.362	17.207	-2.463	0.226	1.000	2.000	5.000	0.67039	0.838	0.358	0.284	1.100	96.378	-6.108	0.254	1.000	1.000	2.000	0.62309	-1.032	0.005	0.156
15/07/2004	103000.000	2.052	-14.536	4.765	0.171	1.000	2.000	3.000	0.66680	1.411	0.432	0.280	1.406	118.430	6.042	0.401	1.000	1.000	6.000	0.61924	-1.592	-0.033	0.175
15/07/2004	110000.000	1.994	16.010	8.101	0.269	1.000	4.000	3.000	0.66368	1.372	0.450	0.279	1.148	85.427	4.312	0.205	1.000	1.000	3.000	0.62101	-1.336	0.087	0.200
15/07/2004	113000.000	0.897	-8.297	-1.986	0.209	1.000	3.000	5.000	0.66496	0.998	0.409	0.314	1.902	137.323	12.069	0.354	1.000	1.000	6.000	0.61971	-1.393	0.046	0.149
15/07/2004	120000.000	3.381	74.698	13.349	0.275	1.000	2.000	2.000	0.66467	1.232	0.458	0.235	2.680	235.829	8.307	0.437	1.000	1.000	3.000	0.61422	-1.346	-0.095	0.101
15/07/2004	123000.000	2.182	26.744	1.889	0.183	1.000	1.000	7.000	0.66356	1.263	0.450	0.274	2.721	243.006	-4.178	0.433	1.000	1.000	2.000	0.61549	-1.333	-0.005	0.151
15/07/2004	130000.000	4.174	40.646	23.297	0.257	1.000	2.000	3.000	0.67211	0.904	0.408	0.195	2.986	252.450	-2.576	0.436	1.000	1.000	6.000	0.61788	-1.130	-0.085	0.168
15/07/2004	133000.000	4.613	59.945	15.456	0.282	1.000	1.000	2.000	0.67130	0.822	0.441	0.161	3.035	263.065	14.637	0.393	1.000	1.000	1.000	0.61776	-1.168	-0.114	0.050
15/07/2004	140000.000	2.821	54.785	38.368	0.235	1.000	1.000	3.000	0.66503	0.606	0.423	0.173	2.887	194.568	58.336	0.340	1.000	1.000	1.000	0.61899	-1.165	-0.035	0.137
15/07/2004	143000.000	5.000	76.507	39.719	0.248	1.000	1.000	1.000	0.66795	0.935	0.377	0.175	2.258	190.581	11.515	0.319	1.000	1.000	4.000	0.61797	-1.144	-0.048	0.134
15/07/2004	150000.000	4.334	105.151	17.186	0.229	1.000	1.000	2.000	0.66148	1.283	0.315	0.121	2.066	108.811	13.546	0.090	1.000	1.000	1.000	0.62357	-0.818	0.003	0.190
15/07/2004	153000.000	3.562	78.499	48.392	0.197	1.000	1.000	3.000	0.65592	1.260	0.352	0.095	1.467	21.126	14.942	0.117	1.000	1.000	4.000	0.62046	-0.752	0.087	0.296
15/07/2004	160000.000	3.148	2.973	38.741	0.238	1.000	6.000	1.000	0.65994	0.771	0.377	0.117	2.320	142.148	12.386	0.302	2.000	1.000	6.000	0.62225	-1.065	-0.165	0.054
15/07/2004	163000.000	4.098	57.587	48.881	0.196	1.000	1.000	1.000	0.66290	0.633	0.263	0.119	1.849	68.899	-0.428	0.224	1.000	1.000	7.000	0.62757	-0.489	0.013	0.141
15/07/2004	170000.000	2.056	32.500	32.304	0.207	1.000	1.000	3.000	0.65786	0.390	0.399	0.160	2.522	142.248	-18.907	0.284	1.000	1.000	4.000	0.61916	-1.019	-0.120	0.054
15/07/2004	173000.000	2.482	33.625	15.067	0.248	1.000	1.000	6.000	0.66460	0.952	0.345	0.181	1.337	62.372	16.040	0.192	1.000	1.000	1.000	0.61871	-0.896	-0.017	0.106
15/07/2004	180000.000	1.965	15.861	13.671	0.176	2.000	3.000	4.000	0.65204	0.876	0.305	0.069	1.583	42.998	28.163	0.242	2.000	1.000	4.000	0.62238	-0.661	-0.080	0.113
15/07/2004	183000.000	1.510	-11.444	8.588	0.208	1.000	1.000	2.000	0.64992	1.117	0.373	0.082	0.876	19.250	4.152	0.171	1.000	1.000	6.000	0.62643	-0.465	-0.022	0.129
15/07/2004	190000.000	1.159	-19.042	6.693	0.202	1.000	1.000	5.000	0.64846	1.102	0.368	0.033	0.581	11.969	9.139	0.166	1.000	1.000	2.000	0.62440	-0.669	-0.025	0.172
15/07/2004	193000.000	1.711	-7.520	2.658	0.162	1.000	1.000	5.000	0.65639	0.756	0.328	0.001	1.627	10.752	7.615	0.156	1.000	1.000	1.000	0.63807	-0.599	-0.028	0.104
15/07/2004	200000.000	0.576	-6.266	8.515	0.107	2.000	1.000	1.000	0.66508	0.364	0.168	0.053	0.238	0.082	2.726	0.063	1.000	5.000	2.000	0.63873	-0.323	-0.063	0.054
15/07/2004	203000.000	0.599	-3.872	-3.778	0.085	2.000	1.000	1.000	0.68305	0.248	0.058	0.126	0.268	6.748	-11.343	0.093	1.000	2.000	2.000	0.64969	-0.265	-0.076	-0.027
15/07/2004	210000.000	0.105	-8.037	-9.378	0.056	3.000	2.000	2.000	0.68222	0.061	0.097	0.098	0.037	4.895	-5.439	0.065	5.000	2.000	2.000	0.66018	-0.191	-0.081	0.019
15/07/2004	213000.000	0.178	-1.595	-6.194	0.063	1.000	2.000	3.000	0.69911	-0.139	0.037	0.129	0.088	3.015	-3.250	0.091	3.000	4.000	5.000	0.67331	-0.191	-0.122	-0.025
15/07/2004	220000.000	0.572	12.101	-16.285	0.163	1.000	3.000	4.000	0.70705	-0.689	0.017	-0.060	0.163	7.307	-7.869	0.090	1.000	2.000	3.000	0.68055	0.088	-0.285	-0.024
15/07/2004	223000.000	0.542	10.750	-3.370	0.130	2.000	1.000	1.000	0.69993	-0.612	0.229	-0.045	0.127	9.710	-7.111	0.111	3.000	1.000	2.000	0.67248	0.013	-0.338	-0.015
15/07/2004	230000.000	0.622	14.785	-5.392	0.187	2.000	2.000	3.000	0.68589	-0.619	0.349	-0.027	0.193	10.487	-2.314	0.161	4.000	2.000	5.000	0.65742	0.102	-0.461	-0.080
15/07/2004	233000.000	0.300	8.597	-4.767	0.100	1.000	1.000	4.000	0.69161	-0.433	0.380	0.046	0.036	9.227	-3.713	0.156	4.000	3.000	3.000	0.66423	0.025	-0.461	-0.093
15/07/2004	(J+1)000000.000	0.410	15.387	-7.825	0.203	1.000	1.000	1.000	0.69990	-0.842	0.452	-0.017	0.133	15.170	-6.064	0.209	2.000	1.000	1.000	0.67438	0.138	-0.607	-0.124
