01/12/2004	003000.000	1.336	1.232	-8.591	0.173	1.000	2.000	2.000	0.76250	0.028	-0.094	-0.062	0.506	19.692	-3.349	0.139	3.000	2.000	1.000	0.74136	-0.018	-0.020	0.046
01/12/2004	010000.000	-0.007	-2.231	-1.520	0.107	9.000	5.000	1.000	0.79743	1.386	-0.045	0.051	0.113	11.567	-3.148	0.043	4.000	1.000	1.000	0.77986	-0.624	0.091	0.130
01/12/2004	013000.000	-0.001	8.558	-0.173	0.084	7.000	2.000	7.000	0.80100	0.893	0.169	-0.149	-0.063	15.697	-1.678	0.056	2.000	1.000	1.000	0.78273	-0.508	0.007	0.143
01/12/2004	020000.000	1.177	-21.574	-15.311	0.383	1.000	1.000	1.000	0.74636	-0.702	-0.690	-0.052	0.714	3.057	-11.401	0.301	1.000	6.000	1.000	0.73626	0.738	-0.053	0.059
01/12/2004	023000.000	0.655	-10.533	-6.665	0.491	1.000	1.000	1.000	0.71856	-1.423	-0.752	0.147	0.620	-3.208	-7.269	0.433	1.000	1.000	1.000	0.70175	1.906	-0.075	-0.020
01/12/2004	030000.000	0.452	-4.842	-2.416	0.442	2.000	1.000	1.000	0.72012	-1.548	-0.805	0.270	0.520	-2.281	-3.429	0.413	1.000	2.000	1.000	0.70337	1.966	-0.118	-0.024
01/12/2004	033000.000	0.658	-2.558	-1.316	0.590	1.000	1.000	1.000	0.71807	-1.782	-1.149	0.262	0.609	-0.660	-1.214	0.491	1.000	4.000	1.000	0.70130	2.720	-0.015	-0.030
01/12/2004	040000.000	0.592	-1.898	-0.463	0.636	2.000	4.000	8.000	0.71648	-1.669	-1.193	0.096	0.496	1.559	0.026	0.565	1.000	3.000	6.000	0.69959	2.447	-0.029	0.074
01/12/2004	043000.000	0.528	-3.283	-1.455	0.351	1.000	1.000	1.000	0.72081	-1.562	-0.492	0.150	0.776	11.745	-0.693	0.392	1.000	1.000	2.000	0.70369	1.473	-0.163	-0.040
01/12/2004	050000.000	0.571	2.102	-0.573	0.459	1.000	1.000	2.000	0.72021	-1.457	-0.865	0.124	0.747	5.314	-0.126	0.395	1.000	1.000	6.000	0.70452	1.896	-0.076	0.052
01/12/2004	053000.000	1.200	10.101	1.140	0.440	1.000	1.000	3.000	0.72893	-0.874	-0.863	0.014	0.663	14.432	2.388	0.271	1.000	2.000	2.000	0.71032	1.263	0.011	0.087
01/12/2004	060000.000	1.301	9.275	2.972	0.318	2.000	2.000	2.000	0.74280	-0.649	-0.484	0.109	1.313	18.073	2.147	0.276	1.000	1.000	1.000	0.72605	1.157	0.027	0.035
01/12/2004	063000.000	2.793	21.990	2.870	0.383	1.000	1.000	2.000	0.74721	-0.765	-0.789	-0.084	0.956	19.525	0.273	0.207	1.000	1.000	7.000	0.73343	0.813	0.015	0.120
01/12/2004	070000.000	2.214	11.973	2.333	0.298	1.000	1.000	1.000	0.75731	-0.771	-0.728	-0.034	1.096	12.195	0.136	0.193	1.000	1.000	6.000	0.74502	1.065	0.069	0.021
01/12/2004	073000.000	1.417	6.194	0.107	0.234	3.000	2.000	6.000	0.78204	0.151	-0.185	0.267	0.989	15.572	0.468	0.116	1.000	1.000	3.000	0.76576	0.308	0.027	0.183
01/12/2004	080000.000	2.147	15.687	1.876	0.254	2.000	1.000	2.000	0.76900	-0.806	-0.400	0.106	1.791	36.965	0.392	0.222	1.000	1.000	2.000	0.74592	1.180	0.037	-0.047
01/12/2004	083000.000	2.024	18.167	3.191	0.302	1.000	1.000	3.000	0.76418	-0.933	-0.542	0.129	1.866	37.087	0.892	0.302	1.000	1.000	3.000	0.74301	1.276	0.005	-0.015
01/12/2004	090000.000	2.956	36.893	14.432	0.580	1.000	1.000	1.000	0.73276	-1.314	-1.441	-0.132	2.379	41.753	11.079	0.389	1.000	1.000	1.000	0.71687	1.717	0.032	0.164
01/12/2004	093000.000	2.165	60.184	13.452	0.481	1.000	1.000	1.000	0.72474	-0.903	-1.357	-0.139	1.537	47.090	9.408	0.267	1.000	1.000	1.000	0.70827	1.025	0.024	0.240
01/12/2004	100000.000	3.004	71.973	31.834	0.673	1.000	1.000	1.000	0.71338	-1.173	-1.352	-0.080	2.033	40.852	22.595	0.434	1.000	1.000	1.000	0.69850	1.462	0.046	0.301
01/12/2004	103000.000	3.072	84.410	28.220	0.888	1.000	1.000	2.000	0.69641	-2.155	-1.524	0.287	2.564	90.466	30.515	0.793	1.000	1.000	1.000	0.67226	3.853	0.038	0.023
01/12/2004	110000.000	3.344	119.433	36.236	1.141	1.000	1.000	2.000	0.69119	-2.478	-2.170	0.133	2.586	126.897	42.427	0.910	1.000	1.000	2.000	0.66834	3.888	0.069	0.111
01/12/2004	113000.000	2.264	118.262	19.874	1.083	1.000	1.000	2.000	0.68722	-3.044	-1.946	0.401	2.649	157.563	34.657	1.021	1.000	1.000	1.000	0.66420	4.598	0.051	-0.020
01/12/2004	120000.000	2.943	127.347	24.277	1.228	1.000	1.000	1.000	0.68480	-2.874	-2.099	0.161	2.607	158.376	19.738	1.005	1.000	1.000	1.000	0.66263	4.281	0.037	0.160
01/12/2004	123000.000	3.220	133.933	13.542	1.164	1.000	1.000	1.000	0.68295	-2.457	-2.431	0.088	2.431	128.079	15.950	0.832	1.000	1.000	1.000	0.66156	3.483	0.088	0.240
01/12/2004	130000.000	2.889	101.228	7.807	1.138	1.000	1.000	1.000	0.67966	-2.861	-2.294	0.331	2.291	139.022	18.844	1.050	1.000	1.000	1.000	0.65688	4.469	0.047	0.151
01/12/2004	133000.000	2.735	93.698	14.292	1.185	1.000	1.000	2.000	0.67753	-2.871	-2.499	0.354	2.449	147.758	13.426	1.070	1.000	1.000	2.000	0.65467	4.760	0.070	0.074
01/12/2004	140000.000	3.022	116.113	13.601	1.402	1.000	1.000	3.000	0.67633	-3.174	-3.074	0.109	2.270	115.544	18.496	1.070	1.000	1.000	2.000	0.65481	4.586	0.054	0.404
01/12/2004	143000.000	2.921	104.122	18.926	1.289	1.000	1.000	2.000	0.67917	-2.946	-2.615	0.215	2.200	121.562	13.675	0.983	1.000	1.000	1.000	0.65666	4.410	0.039	0.211
01/12/2004	150000.000	2.853	89.417	12.243	1.225	1.000	1.000	3.000	0.68224	-2.858	-2.440	0.353	2.114	111.142	1.494	1.068	1.000	1.000	7.000	0.65930	4.796	0.104	0.125
01/12/2004	153000.000	3.460	70.434	22.010	1.159	1.000	1.000	1.000	0.68583	-2.661	-2.806	-0.003	2.256	72.004	18.920	0.880	1.000	1.000	1.000	0.66555	3.770	0.057	0.414
01/12/2004	160000.000	3.658	49.346	13.887	1.264	1.000	1.000	2.000	0.68747	-2.835	-2.577	0.165	2.007	41.647	11.987	0.878	1.000	1.000	1.000	0.66664	4.030	-0.003	0.339
01/12/2004	163000.000	2.945	28.822	19.159	1.279	1.000	1.000	1.000	0.68726	-2.943	-2.826	0.022	2.235	33.372	15.268	0.866	1.000	1.000	1.000	0.66846	4.277	0.133	0.318
01/12/2004	170000.000	2.685	24.934	6.434	1.129	1.000	1.000	1.000	0.68938	-2.582	-2.518	0.154	2.646	24.244	12.258	0.874	1.000	1.000	1.000	0.66979	3.984	0.070	0.284
01/12/2004	173000.000	3.335	20.044	-7.996	1.270	1.000	1.000	2.000	0.68812	-2.885	-2.721	0.168	2.758	17.099	-2.339	0.996	1.000	1.000	2.000	0.66830	4.389	0.103	0.194
01/12/2004	180000.000	3.044	20.081	-7.375	1.157	1.000	1.000	2.000	0.68688	-2.759	-2.737	0.027	2.300	14.379	3.196	0.960	1.000	1.000	4.000	0.66737	4.130	0.109	0.285
01/12/2004	183000.000	2.380	6.006	-5.257	1.077	1.000	1.000	2.000	0.68504	-2.626	-2.471	0.174	2.273	20.826	-3.315	0.935	1.000	1.000	1.000	0.66518	4.167	0.084	0.216
01/12/2004	190000.000	2.459	5.158	-3.686	1.239	1.000	2.000	3.000	0.68167	-3.023	-2.382	0.204	2.167	19.333	-5.214	1.126	1.000	1.000	2.000	0.66186	4.501	0.143	0.231
01/12/2004	193000.000	1.993	1.664	-9.526	1.198	1.000	4.000	1.000	0.68041	-3.037	-2.463	0.285	1.647	12.180	-8.664	0.996	1.000	1.000	2.000	0.66162	4.740	0.035	0.170
01/12/2004	200000.000	1.788	12.121	-9.813	1.204	1.000	1.000	1.000	0.68130	-2.936	-2.373	0.322	1.645	19.442	-9.908	1.005	1.000	1.000	1.000	0.66258	4.912	0.110	0.150
01/12/2004	203000.000	1.829	1.151	-4.066	1.204	1.000	1.000	3.000	0.68110	-2.673	-2.796	0.186	1.115	10.355	-6.243	0.916	1.000	1.000	2.000	0.66239	4.168	0.051	0.329
01/12/2004	210000.000	1.426	0.473	-5.569	1.173	1.000	9.000	2.000	0.67617	-2.806	-3.782	-0.469	0.717	6.760	-0.217	0.564	1.000	1.000	7.000	0.66039	3.020	0.070	0.642
01/12/2004	213000.000	1.301	-5.170	1.613	1.324	1.000	3.000	6.000	0.67533	-2.979	-3.070	0.061	1.274	13.185	-1.833	1.067	1.000	1.000	6.000	0.65750	4.363	0.125	0.387
01/12/2004	220000.000	1.434	-1.171	-3.885	1.239	1.000	6.000	4.000	0.67432	-2.901	-3.207	0.007	1.097	-2.102	8.805	0.917	1.000	5.000	2.000	0.65713	4.120	0.069	0.476
01/12/2004	223000.000	1.204	-7.271	3.499	1.142	1.000	2.000	4.000	0.67388	-2.618	-3.288	-0.202	0.723	2.388	2.288	0.653	1.000	1.000	2.000	0.65686	3.267	0.127	0.576
01/12/2004	230000.000	1.188	-7.514	7.980	1.218	1.000	3.000	3.000	0.67209	-2.854	-3.442	-0.274	0.667	-0.406	4.051	0.774	1.000	6.000	2.000	0.65505	3.241	0.103	0.540
01/12/2004	233000.000	0.856	-16.960	10.281	1.123	1.000	1.000	1.000	0.67146	-2.345	-3.225	-0.326	0.496	-11.781	7.419	0.465	1.000	1.000	1.000	0.65499	2.505	0.154	0.657
01/12/2004	(J+1)000000.000	0.811	-26.969	6.286	1.116	1.000	1.000	2.000	0.67039	-2.428	-3.356	-0.317	0.335	-11.695	4.365	0.390	1.000	1.000	1.000	0.65377	2.741	0.146	0.771
