11/10/2004	003000.000	0.185	1.030	8.531	0.127	5.000	8.000	4.000	0.76090	-0.766	-0.207	0.157	0.327	19.998	15.279	0.132	4.000	2.000	4.000	0.74125	0.810	-0.061	-0.082
11/10/2004	010000.000	0.320	7.526	14.690	0.124	4.000	2.000	4.000	0.74798	-0.799	0.046	-0.005	0.055	23.010	1.894	0.135	6.000	1.000	2.000	0.72961	0.275	-0.316	-0.015
11/10/2004	013000.000	0.005	-2.869	2.249	0.125	6.000	2.000	6.000	0.75808	-0.459	0.193	0.234	0.093	44.853	5.668	0.205	6.000	1.000	3.000	0.73941	-0.197	-0.405	0.030
11/10/2004	020000.000	0.000	12.659	-0.203	0.138	3.000	1.000	9.000	0.74010	-0.711	0.275	0.117	0.209	41.975	6.710	0.227	2.000	1.000	1.000	0.72241	0.000	-0.616	-0.043
11/10/2004	023000.000	+9999	-1.330	+9999	0.129	+9999	6.000	+9999	0.74112	0.983	0.309	0.073	+9999	21.596	+9999	0.154	+9999	1.000	+9999	0.72274	-0.565	-0.057	0.105
11/10/2004	030000.000	+9999	6.462	+9999	0.141	+9999	5.000	+9999	+9999	-0.108	-0.024	0.083	+9999	9.388	+9999	0.082	+9999	1.000	+9999	+9999	0.115	-0.129	0.075
11/10/2004	033000.000	+9999	25.483	+9999	0.195	+9999	1.000	+9999	+9999	-0.997	-0.345	0.140	+9999	31.916	+9999	0.220	+9999	1.000	+9999	0.88935	1.122	-0.043	-0.064
11/10/2004	040000.000	+9999	16.823	+9999	0.280	+9999	4.000	+9999	0.74764	-0.367	-0.499	0.171	-0.238	9.603	-16.690	0.074	6.000	2.000	6.000	0.70703	0.499	0.078	0.208
11/10/2004	043000.000	+9999	-6.721	+9999	0.204	+9999	2.000	+9999	0.72286	0.435	0.120	0.172	+9999	31.201	+9999	0.300	+9999	2.000	+9999	0.70130	-0.702	-0.064	0.040
11/10/2004	050000.000	+9999	8.816	+9999	0.093	+9999	1.000	+9999	+9999	-0.196	-0.261	0.214	+9999	15.583	+9999	0.085	+9999	2.000	+9999	+9999	0.519	0.045	0.061
11/10/2004	053000.000	+9999	1.564	+9999	0.125	+9999	5.000	+9999	+9999	-0.151	0.115	0.117	+9999	31.274	+9999	0.152	+9999	1.000	+9999	+9999	-0.265	-0.314	-0.001
11/10/2004	060000.000	0.815	14.077	21.330	0.103	1.000	1.000	2.000	0.78485	-0.612	0.102	0.177	1.884	28.362	113.698	0.156	5.000	1.000	5.000	0.88911	-0.023	-0.356	-0.011
11/10/2004	063000.000	1.625	23.790	17.028	0.148	1.000	1.000	1.000	0.78564	-0.786	-0.025	0.138	0.704	26.925	17.120	0.124	2.000	1.000	1.000	0.74688	0.200	-0.261	0.015
11/10/2004	070000.000	1.406	24.995	21.604	0.138	1.000	1.000	1.000	0.78863	-0.905	-0.044	0.176	0.959	38.393	17.265	0.150	1.000	1.000	1.000	0.75530	0.443	-0.295	-0.017
11/10/2004	073000.000	2.308	46.956	18.833	0.216	1.000	1.000	1.000	0.79443	-1.156	-0.170	0.186	1.279	56.073	23.321	0.249	1.000	1.000	1.000	0.76235	0.835	-0.241	-0.036
11/10/2004	080000.000	2.664	54.263	29.505	0.225	1.000	1.000	3.000	0.75755	-1.310	-0.097	0.065	1.963	63.337	29.635	0.274	2.000	1.000	2.000	0.72698	0.822	-0.329	-0.090
11/10/2004	083000.000	2.709	78.944	25.078	0.229	1.000	1.000	1.000	0.73142	-1.399	-0.168	0.129	0.577	54.412	19.378	0.225	1.000	1.000	1.000	0.69859	0.554	-0.523	-0.027
11/10/2004	090000.000	1.329	50.713	18.594	0.245	2.000	2.000	3.000	0.72279	-0.957	0.005	0.077	0.972	65.295	16.578	0.173	1.000	1.000	2.000	0.69277	0.261	-0.350	-0.070
11/10/2004	093000.000	1.215	44.497	4.984	0.167	1.000	1.000	2.000	0.72963	-1.063	0.036	0.140	-0.206	59.554	-43.624	0.238	4.000	1.000	3.000	0.70915	0.273	-0.642	-0.097
11/10/2004	100000.000	1.805	112.633	19.317	0.291	1.000	1.000	1.000	0.71539	-1.232	-0.214	0.129	1.270	118.772	18.614	0.186	1.000	1.000	1.000	0.68821	0.871	-0.268	-0.075
11/10/2004	103000.000	2.464	167.472	17.729	0.268	1.000	1.000	1.000	0.69763	-1.361	-0.442	0.056	1.518	162.275	17.271	0.246	1.000	1.000	2.000	0.67095	0.997	-0.172	-0.033
11/10/2004	110000.000	1.606	133.383	22.976	0.252	1.000	1.000	2.000	0.68868	-1.127	-0.367	0.068	0.935	168.123	20.828	0.185	1.000	1.000	1.000	0.65984	0.711	-0.254	0.031
11/10/2004	113000.000	1.689	50.998	-10.243	0.336	2.000	2.000	6.000	0.68934	0.190	0.200	0.116	1.778	182.135	36.197	0.287	1.000	1.000	1.000	0.65566	-0.559	-0.237	0.046
11/10/2004	120000.000	1.109	66.726	18.088	0.198	2.000	1.000	3.000	0.68748	-0.398	0.173	0.278	1.627	188.498	27.851	0.257	1.000	1.000	1.000	0.65292	-0.296	-0.346	-0.010
11/10/2004	123000.000	1.382	47.972	8.270	0.233	1.000	1.000	1.000	0.68765	0.540	0.204	0.211	1.353	155.208	22.341	0.277	1.000	1.000	1.000	0.65391	-0.522	-0.261	0.082
11/10/2004	130000.000	0.738	34.964	-3.994	0.168	2.000	3.000	2.000	0.68857	-0.275	0.223	0.368	1.614	179.259	27.383	0.406	2.000	1.000	2.000	0.65106	-0.630	-0.518	0.044
11/10/2004	133000.000	1.016	16.152	-2.353	0.141	1.000	3.000	6.000	0.68891	0.420	0.455	0.355	1.472	118.595	36.492	0.390	2.000	1.000	3.000	0.65496	-1.058	-0.363	0.048
11/10/2004	140000.000	1.196	7.037	16.809	0.299	1.000	5.000	5.000	0.68980	2.789	0.701	0.470	0.586	7.748	16.882	0.180	1.000	5.000	4.000	0.66311	-1.695	0.193	0.516
11/10/2004	143000.000	1.364	29.716	9.758	0.243	1.000	1.000	1.000	0.68442	2.437	0.564	0.267	0.302	3.383	-4.042	0.205	2.000	6.000	4.000	0.66221	-1.041	0.120	0.397
11/10/2004	150000.000	1.774	32.533	5.353	0.197	1.000	1.000	2.000	0.68524	2.493	0.648	0.262	0.624	5.645	-4.722	0.183	1.000	1.000	1.000	0.66743	-0.879	0.094	0.319
11/10/2004	153000.000	2.051	72.843	6.980	0.278	1.000	1.000	1.000	0.68360	2.588	0.448	0.213	0.247	-9.390	-13.251	0.232	4.000	6.000	1.000	0.66951	-0.767	0.094	0.327
11/10/2004	160000.000	2.472	91.471	11.422	0.328	1.000	1.000	1.000	0.68805	1.756	-0.059	0.140	0.699	9.826	-3.544	0.070	1.000	1.000	2.000	0.68245	-0.204	0.078	0.171
11/10/2004	163000.000	2.236	64.920	12.823	0.319	1.000	1.000	1.000	0.68907	1.754	-0.105	0.121	0.619	6.394	-1.954	0.127	1.000	1.000	1.000	0.69022	-0.167	0.073	0.151
11/10/2004	170000.000	1.745	38.782	14.102	0.263	1.000	1.000	2.000	0.69752	1.372	-0.060	0.240	0.661	6.738	-1.155	0.046	1.000	2.000	1.000	0.68705	-0.471	0.062	0.179
11/10/2004	173000.000	2.206	35.775	12.128	0.200	2.000	1.000	1.000	0.69886	1.261	-0.119	0.105	0.036	-4.735	-1.024	0.132	1.000	3.000	1.000	0.68871	-0.364	0.063	0.184
11/10/2004	180000.000	1.555	26.840	19.601	0.247	1.000	1.000	1.000	0.69595	1.434	-0.049	0.142	0.227	-4.404	-1.219	0.080	1.000	2.000	2.000	0.68281	-0.433	0.072	0.148
11/10/2004	183000.000	1.862	29.980	10.282	0.266	1.000	1.000	1.000	0.69338	1.955	0.039	0.184	0.215	3.240	-1.262	0.059	1.000	1.000	1.000	0.67285	-0.506	0.072	0.159
11/10/2004	190000.000	0.992	25.718	6.716	0.247	1.000	1.000	6.000	0.69141	1.695	-0.026	0.007	-0.084	3.202	11.774	0.043	+9999	1.000	+9999	0.70625	-0.112	0.087	0.166
11/10/2004	193000.000	+9999	27.608	+9999	0.239	+9999	1.000	+9999	0.68602	-0.037	-0.306	0.083	+9999	15.149	+9999	0.147	+9999	1.000	+9999	0.67993	0.455	0.016	0.104
11/10/2004	200000.000	+9999	9.785	+9999	0.075	+9999	1.000	+9999	+9999	-0.511	0.163	0.217	+9999	38.013	+9999	0.198	+9999	1.000	+9999	+9999	-0.101	-0.435	0.007
11/10/2004	203000.000	+9999	39.018	+9999	0.104	+9999	2.000	+9999	+9999	-0.592	-0.194	0.005	+9999	39.122	+9999	0.122	+9999	1.000	+9999	+9999	0.410	-0.176	-0.004
11/10/2004	210000.000	+9999	41.259	+9999	0.255	+9999	2.000	+9999	+9999	-1.144	0.087	0.004	+9999	41.658	+9999	0.216	+9999	2.000	+9999	+9999	0.148	-0.519	0.028
11/10/2004	213000.000	+9999	34.091	+9999	0.377	+9999	1.000	+9999	+9999	-1.853	-0.239	0.267	+9999	41.365	+9999	0.322	+9999	1.000	+9999	+9999	1.363	-0.401	-0.157
11/10/2004	220000.000	+9999	30.622	+9999	0.298	+9999	1.000	+9999	+9999	-1.632	-0.202	0.231	+9999	24.434	+9999	0.284	+9999	1.000	+9999	+9999	1.351	-0.423	-0.168
11/10/2004	223000.000	+9999	52.845	+9999	0.295	+9999	1.000	+9999	+9999	-1.728	-0.135	-0.056	+9999	30.069	+9999	0.272	+9999	1.000	+9999	+9999	0.869	-0.487	-0.110
11/10/2004	230000.000	+9999	26.435	+9999	0.280	+9999	1.000	+9999	+9999	-1.350	0.035	-0.029	+9999	24.247	+9999	0.232	+9999	1.000	+9999	+9999	0.508	-0.559	-0.135
11/10/2004	233000.000	+9999	15.887	+9999	0.202	+9999	1.000	+9999	+9999	-1.063	0.162	-0.068	+9999	27.659	+9999	0.242	+9999	1.000	+9999	+9999	0.246	-0.663	-0.092
11/10/2004	(J+1)000000.000	+9999	25.375	+9999	0.179	+9999	1.000	+9999	+9999	-1.224	0.116	-0.008	+9999	27.683	+9999	0.277	+9999	1.000	+9999	0.95308	0.386	-0.699	-0.111
