10/11/2004	003000.000	+9999	-5.999	+9999	0.141	+9999	4.000	+9999	+9999	1.887	0.553	0.158	+9999	32.449	+9999	0.263	+9999	3.000	+9999	+9999	-0.879	0.131	0.358
10/11/2004	010000.000	+9999	-24.754	+9999	0.295	+9999	1.000	+9999	+9999	1.989	0.550	0.209	+9999	16.758	+9999	0.145	+9999	1.000	+9999	+9999	-1.174	0.121	0.416
10/11/2004	013000.000	-0.029	4.063	5.709	0.156	6.000	7.000	3.000	0.71686	1.802	0.345	0.102	+9999	17.966	+9999	0.134	+9999	1.000	+9999	+9999	-0.554	0.071	0.246
10/11/2004	020000.000	0.065	9.205	13.326	0.156	4.000	1.000	3.000	0.71876	1.250	0.224	0.048	+9999	12.079	+9999	0.119	+9999	1.000	+9999	1.06547	-0.697	0.059	0.268
10/11/2004	023000.000	-0.086	-7.113	-1.840	0.169	2.000	1.000	3.000	0.72021	1.861	0.466	0.157	-0.273	13.241	-11.341	0.117	5.000	1.000	6.000	0.70939	-0.881	0.086	0.296
10/11/2004	030000.000	-0.105	1.556	11.402	0.178	3.000	6.000	4.000	0.72243	2.050	0.469	0.122	0.136	19.574	4.698	0.140	5.000	1.000	4.000	0.70936	-0.686	0.097	0.246
10/11/2004	033000.000	+9999	4.018	+9999	0.173	+9999	6.000	+9999	+9999	1.797	0.450	0.125	+9999	15.745	+9999	0.122	+9999	2.000	+9999	+9999	-0.683	0.089	0.251
10/11/2004	040000.000	+9999	-0.939	+9999	0.202	+9999	8.000	+9999	+9999	1.537	0.375	-0.021	+9999	14.483	+9999	0.114	+9999	1.000	+9999	+9999	-0.499	0.068	0.203
10/11/2004	043000.000	+9999	14.314	+9999	0.183	+9999	1.000	+9999	+9999	1.314	0.289	-0.075	+9999	20.280	+9999	0.128	+9999	1.000	+9999	+9999	-0.511	0.041	0.213
10/11/2004	050000.000	+9999	-8.887	+9999	0.097	+9999	2.000	+9999	+9999	1.119	0.356	0.009	+9999	41.294	+9999	0.160	+9999	1.000	+9999	0.75000	-0.720	0.012	0.151
10/11/2004	053000.000	+9999	24.148	+9999	0.220	+9999	1.000	+9999	+9999	1.719	0.157	0.017	0.039	18.888	-8.874	0.077	9.000	1.000	5.000	0.73671	-0.501	0.064	0.229
10/11/2004	060000.000	+9999	64.176	+9999	0.296	+9999	3.000	+9999	+9999	2.046	0.017	0.197	+9999	6.017	+9999	0.120	+9999	2.000	+9999	+9999	-0.084	0.107	0.224
10/11/2004	063000.000	+9999	37.440	+9999	0.297	+9999	1.000	+9999	+9999	1.698	-0.097	0.149	+9999	8.062	+9999	0.182	+9999	1.000	+9999	+9999	0.045	0.114	0.218
10/11/2004	070000.000	+9999	28.580	+9999	0.232	+9999	2.000	+9999	+9999	0.756	-0.157	0.255	+9999	1.707	+9999	0.091	+9999	6.000	+9999	+9999	-0.035	0.088	0.251
10/11/2004	073000.000	+9999	25.325	+9999	0.198	+9999	1.000	+9999	0.77984	1.383	-0.003	0.106	+9999	6.281	+9999	0.131	+9999	2.000	+9999	+9999	-0.106	0.089	0.223
10/11/2004	080000.000	0.705	17.334	24.860	0.168	+9999	1.000	+9999	0.77779	1.633	0.395	0.066	+9999	22.907	+9999	0.117	+9999	1.000	+9999	+9999	-0.566	0.061	0.237
10/11/2004	083000.000	+9999	4.498	+9999	0.168	+9999	5.000	+9999	+9999	1.104	0.312	0.064	+9999	38.618	+9999	0.104	+9999	1.000	+9999	+9999	-0.819	0.074	0.220
10/11/2004	090000.000	+9999	8.700	+9999	0.175	+9999	3.000	+9999	+9999	1.442	0.418	0.165	+9999	49.149	+9999	0.190	+9999	1.000	+9999	+9999	-1.096	0.082	0.270
10/11/2004	093000.000	+9999	34.626	+9999	0.084	+9999	1.000	+9999	+9999	1.709	0.338	0.090	+9999	22.576	+9999	0.087	+9999	2.000	+9999	+9999	-0.486	0.078	0.202
10/11/2004	100000.000	+9999	74.574	+9999	0.161	+9999	1.000	+9999	0.78748	1.567	0.246	0.045	-0.212	30.900	-0.369	0.094	4.000	1.000	8.000	0.76861	-0.451	0.070	0.207
10/11/2004	103000.000	0.826	3.553	14.375	0.165	2.000	3.000	2.000	0.78670	1.000	0.370	0.211	0.909	85.727	10.861	0.263	1.000	1.000	1.000	0.74429	-0.886	-0.061	0.115
10/11/2004	110000.000	-0.308	-3.657	3.483	0.122	5.000	6.000	1.000	0.77441	-0.249	0.245	0.259	2.190	105.648	14.140	0.332	1.000	1.000	1.000	0.74521	-0.584	-0.392	0.134
10/11/2004	113000.000	0.537	-19.153	-1.853	0.143	1.000	1.000	1.000	0.77183	0.760	0.353	0.252	-1.965	70.391	2.234	0.354	1.000	1.000	1.000	0.74494	-1.273	-0.040	0.094
10/11/2004	120000.000	0.313	-23.507	5.083	0.228	2.000	1.000	6.000	0.75297	1.187	0.476	0.361	0.365	86.859	12.875	0.528	5.000	1.000	1.000	0.72787	-1.873	-0.131	0.094
10/11/2004	123000.000	+9999	-41.376	+9999	0.205	+9999	1.000	+9999	0.73777	1.622	0.631	0.470	+9999	82.690	+9999	0.558	+9999	1.000	+9999	0.71981	-2.213	-0.081	0.167
10/11/2004	130000.000	+9999	-82.987	+9999	0.270	+9999	1.000	+9999	+9999	1.672	0.631	0.320	+9999	98.261	+9999	0.637	+9999	1.000	+9999	+9999	-2.264	-0.328	-0.020
10/11/2004	133000.000	+9999	-48.611	+9999	0.294	+9999	2.000	+9999	+9999	1.650	0.658	0.410	+9999	83.805	+9999	0.542	+9999	1.000	+9999	+9999	-2.152	-0.174	0.139
10/11/2004	140000.000	+9999	-17.741	+9999	0.208	+9999	5.000	+9999	+9999	1.594	0.530	0.293	+9999	45.817	+9999	0.412	+9999	1.000	+9999	+9999	-1.642	0.085	0.233
10/11/2004	143000.000	+9999	-28.584	+9999	0.301	+9999	2.000	+9999	+9999	1.845	0.566	0.198	+9999	71.801	+9999	0.492	+9999	1.000	+9999	+9999	-1.719	-0.037	0.184
10/11/2004	150000.000	+9999	-14.663	+9999	0.236	+9999	2.000	+9999	+9999	2.571	0.681	0.194	+9999	35.789	+9999	0.377	+9999	1.000	+9999	+9999	-1.911	0.190	0.451
10/11/2004	153000.000	+9999	-55.533	+9999	0.313	+9999	1.000	+9999	+9999	2.063	0.623	0.210	+9999	53.240	+9999	0.462	+9999	1.000	+9999	+9999	-1.807	-0.045	0.236
10/11/2004	160000.000	+9999	-20.040	+9999	0.207	+9999	1.000	+9999	+9999	1.918	0.559	0.309	+9999	46.111	+9999	0.300	+9999	1.000	+9999	+9999	-1.418	-0.001	0.310
10/11/2004	163000.000	+9999	+9999	+9999	+9999	+9999	+9999	+9999	+9999	+9999	+9999	+9999	+9999	+9999	+9999	+9999	+9999	+9999	+9999	+9999	+9999	+9999	+9999
10/11/2004	170000.000	+9999	+9999	+9999	+9999	+9999	+9999	+9999	0.80733	+9999	+9999	+9999	+9999	+9999	+9999	+9999	+9999	+9999	+9999	+9999	+9999	+9999	+9999
10/11/2004	173000.000	+9999	+9999	+9999	+9999	+9999	+9999	+9999	0.79632	+9999	+9999	+9999	+9999	+9999	+9999	+9999	+9999	+9999	+9999	+9999	+9999	+9999	+9999
10/11/2004	180000.000	+9999	+9999	+9999	+9999	+9999	+9999	+9999	0.80858	+9999	+9999	+9999	+9999	+9999	+9999	+9999	+9999	+9999	+9999	1.27090	+9999	+9999	+9999
10/11/2004	183000.000	+9999	+9999	+9999	+9999	+9999	+9999	+9999	0.82620	+9999	+9999	+9999	+9999	+9999	+9999	+9999	+9999	+9999	+9999	0.81157	+9999	+9999	+9999
10/11/2004	190000.000	+9999	+9999	+9999	+9999	+9999	+9999	+9999	+9999	+9999	+9999	+9999	+9999	+9999	+9999	+9999	+9999	+9999	+9999	0.75283	+9999	+9999	+9999
10/11/2004	193000.000	+9999	+9999	+9999	+9999	+9999	+9999	+9999	+9999	+9999	+9999	+9999	+9999	+9999	+9999	+9999	+9999	+9999	+9999	+9999	+9999	+9999	+9999
10/11/2004	200000.000	+9999	+9999	+9999	+9999	+9999	+9999	+9999	+9999	+9999	+9999	+9999	+9999	+9999	+9999	+9999	+9999	+9999	+9999	+9999	+9999	+9999	+9999
10/11/2004	203000.000	+9999	+9999	+9999	+9999	+9999	+9999	+9999	+9999	+9999	+9999	+9999	+9999	+9999	+9999	+9999	+9999	+9999	+9999	+9999	+9999	+9999	+9999
10/11/2004	210000.000	+9999	+9999	+9999	+9999	+9999	+9999	+9999	+9999	+9999	+9999	+9999	+9999	+9999	+9999	+9999	+9999	+9999	+9999	+9999	+9999	+9999	+9999
10/11/2004	213000.000	+9999	+9999	+9999	+9999	+9999	+9999	+9999	+9999	+9999	+9999	+9999	+9999	+9999	+9999	+9999	+9999	+9999	+9999	+9999	+9999	+9999	+9999
10/11/2004	220000.000	+9999	+9999	+9999	+9999	+9999	+9999	+9999	+9999	+9999	+9999	+9999	+9999	+9999	+9999	+9999	+9999	+9999	+9999	+9999	+9999	+9999	+9999
10/11/2004	223000.000	+9999	+9999	+9999	+9999	+9999	+9999	+9999	+9999	+9999	+9999	+9999	+9999	+9999	+9999	+9999	+9999	+9999	+9999	0.70696	+9999	+9999	+9999
10/11/2004	230000.000	+9999	+9999	+9999	+9999	+9999	+9999	+9999	0.73875	+9999	+9999	+9999	+9999	+9999	+9999	+9999	+9999	+9999	+9999	0.70133	+9999	+9999	+9999
10/11/2004	233000.000	+9999	+9999	+9999	+9999	+9999	+9999	+9999	0.73134	+9999	+9999	+9999	+9999	+9999	+9999	+9999	+9999	+9999	+9999	0.69882	+9999	+9999	+9999
10/11/2004	(J+1)000000.000	+9999	+9999	+9999	+9999	+9999	+9999	+9999	+9999	+9999	+9999	+9999	+9999	+9999	+9999	+9999	+9999	+9999	+9999	+9999	+9999	+9999	+9999
