16/12/2004	003000.000	0.625	48.407	-4.444	0.361	1.000	1.000	2.000	0.71918	-1.626	-0.218	0.130	0.532	47.206	-1.305	0.290	1.000	1.000	2.000	0.68366	1.230	-0.281	-0.133
16/12/2004	010000.000	0.179	20.803	-2.710	0.262	3.000	1.000	1.000	0.71517	-1.466	-0.210	0.265	0.531	43.658	0.752	0.349	1.000	1.000	7.000	0.67499	1.493	-0.195	-0.112
16/12/2004	013000.000	0.469	33.125	-3.844	0.298	1.000	1.000	1.000	0.71964	-1.369	-0.192	0.128	0.293	37.646	-3.448	0.303	1.000	1.000	1.000	0.68165	1.151	-0.293	-0.085
16/12/2004	020000.000	0.357	20.609	-2.369	0.236	1.000	1.000	1.000	0.72475	-1.252	-0.097	0.040	0.405	33.886	-1.930	0.238	1.000	1.000	3.000	0.69423	0.662	-0.304	-0.034
16/12/2004	023000.000	0.111	6.280	-5.151	0.195	3.000	3.000	5.000	0.72712	-0.919	0.147	0.029	0.372	22.184	-2.387	0.215	1.000	1.000	2.000	0.69533	0.392	-0.439	-0.104
16/12/2004	030000.000	0.226	11.216	2.661	0.183	2.000	2.000	4.000	0.73199	-0.792	0.171	0.049	0.338	43.523	-2.161	0.204	1.000	1.000	1.000	0.70036	0.040	-0.567	-0.045
16/12/2004	033000.000	0.026	-5.012	2.294	0.097	4.000	3.000	6.000	0.74299	-0.057	0.092	0.158	0.118	31.753	-1.582	0.183	5.000	2.000	1.000	0.71449	-0.047	-0.219	0.126
16/12/2004	040000.000	-0.012	-19.245	0.562	0.061	7.000	1.000	6.000	0.74999	0.644	0.278	0.141	0.224	61.676	-1.433	0.188	3.000	1.000	2.000	0.71668	-0.536	-0.191	0.094
16/12/2004	043000.000	0.203	2.864	4.069	0.049	1.000	3.000	4.000	0.74659	-0.469	0.209	0.109	0.428	69.941	-2.052	0.232	1.000	1.000	2.000	0.71248	-0.183	-0.528	-0.035
16/12/2004	050000.000	0.509	15.060	-1.677	0.192	1.000	1.000	6.000	0.74225	-0.932	0.290	-0.010	0.138	38.565	-3.339	0.193	2.000	1.000	1.000	0.70964	0.125	-0.570	-0.032
16/12/2004	053000.000	0.412	-1.750	5.368	0.128	2.000	6.000	6.000	0.74839	-0.641	0.403	0.147	0.986	61.162	-2.970	0.194	1.000	1.000	2.000	0.71110	-0.025	-0.474	0.028
16/12/2004	060000.000	0.464	-9.463	8.738	0.175	3.000	2.000	1.000	0.75096	-0.845	0.377	-0.056	1.316	66.263	-6.146	0.241	1.000	1.000	5.000	0.71850	0.036	-0.504	0.001
16/12/2004	063000.000	1.137	18.460	-0.234	0.126	3.000	4.000	9.000	0.77735	-0.641	0.361	0.112	1.098	91.046	1.492	0.244	1.000	1.000	4.000	0.73940	-0.040	-0.499	0.059
16/12/2004	070000.000	1.506	26.053	0.111	0.122	1.000	2.000	9.000	0.79163	-1.179	0.110	-0.026	0.908	59.477	0.247	0.230	1.000	1.000	7.000	0.74945	0.260	-0.594	-0.075
16/12/2004	073000.000	0.695	17.782	4.596	0.156	2.000	2.000	6.000	0.81270	-0.816	0.227	0.151	0.500	70.579	1.472	0.212	1.000	1.000	4.000	0.77025	-0.042	-0.556	0.013
16/12/2004	080000.000	0.425	2.065	0.591	0.108	1.000	4.000	5.000	0.83166	-0.663	0.350	0.210	0.811	100.312	1.438	0.272	2.000	1.000	3.000	0.79286	-0.072	-0.613	-0.045
16/12/2004	083000.000	1.631	35.955	-8.410	0.153	1.000	1.000	4.000	0.84528	-0.981	0.002	0.133	0.884	72.747	-2.775	0.201	2.000	1.000	2.000	0.80389	0.324	-0.331	-0.006
16/12/2004	090000.000	1.788	29.551	10.712	0.183	2.000	2.000	3.000	0.83828	-0.767	0.193	0.030	1.653	95.305	2.181	0.193	1.000	1.000	2.000	0.79942	0.015	-0.481	0.010
16/12/2004	093000.000	1.790	41.707	-0.039	0.225	1.000	1.000	9.000	0.82320	-0.944	0.226	-0.145	0.707	68.739	1.763	0.209	1.000	1.000	1.000	0.78695	0.069	-0.456	0.031
16/12/2004	100000.000	0.640	88.562	9.515	0.267	4.000	2.000	5.000	0.77356	-1.268	-0.621	0.247	2.002	90.144	4.905	0.343	2.000	1.000	3.000	0.73718	1.461	-0.229	-0.148
16/12/2004	103000.000	1.847	85.421	2.559	0.236	1.000	1.000	1.000	0.76289	-1.140	-0.329	0.201	2.291	148.664	9.303	0.334	1.000	1.000	1.000	0.72254	1.421	-0.063	-0.133
16/12/2004	110000.000	2.487	118.585	-1.037	0.337	1.000	1.000	4.000	0.75817	-0.709	-0.551	0.139	1.479	104.413	0.308	0.209	1.000	1.000	7.000	0.72434	1.080	-0.015	0.032
16/12/2004	113000.000	1.794	62.098	7.712	0.212	2.000	1.000	3.000	0.75335	-0.215	-0.186	0.214	2.393	93.397	7.152	0.131	2.000	2.000	3.000	0.72635	0.595	-0.027	0.100
16/12/2004	120000.000	3.047	133.862	4.656	0.324	3.000	2.000	4.000	0.74634	-0.386	-0.492	0.066	1.676	97.839	-0.430	0.167	2.000	1.000	6.000	0.71519	0.721	-0.002	0.062
16/12/2004	123000.000	3.434	122.718	3.261	0.307	1.000	1.000	1.000	0.73991	-0.706	-0.514	-0.037	2.043	88.171	3.507	0.139	2.000	2.000	4.000	0.70701	0.711	-0.011	0.007
16/12/2004	130000.000	1.782	55.251	3.059	0.122	2.000	1.000	2.000	0.74536	-0.625	-0.177	0.127	2.231	134.030	9.713	0.230	2.000	1.000	1.000	0.70588	0.446	-0.140	-0.039
16/12/2004	133000.000	2.446	47.593	3.716	0.175	1.000	1.000	1.000	0.74786	-0.858	0.322	0.066	1.948	126.943	8.489	0.233	1.000	1.000	1.000	0.70925	0.045	-0.602	-0.067
16/12/2004	140000.000	2.478	44.597	9.803	0.225	1.000	1.000	3.000	0.75525	-1.175	-0.023	0.060	1.414	121.749	5.310	0.209	1.000	1.000	3.000	0.71491	0.124	-0.437	0.025
16/12/2004	143000.000	4.217	71.685	19.466	0.273	1.000	1.000	1.000	0.75525	-1.270	0.069	-0.063	1.588	79.227	13.225	0.218	1.000	1.000	1.000	0.71503	0.223	-0.551	-0.065
16/12/2004	150000.000	3.823	48.083	17.718	0.211	2.000	2.000	3.000	0.77596	-1.229	0.067	0.085	2.330	66.442	14.772	0.240	1.000	1.000	1.000	0.71913	0.237	-0.674	-0.058
16/12/2004	153000.000	3.763	42.267	-25.256	0.208	1.000	1.000	2.000	0.76320	-1.090	0.273	-0.001	1.391	36.123	20.323	0.244	1.000	1.000	1.000	0.72076	0.179	-0.608	-0.070
16/12/2004	160000.000	4.891	46.117	86.799	0.271	1.000	1.000	3.000	0.78667	-1.491	0.012	-0.054	1.229	18.793	23.366	0.285	1.000	1.000	1.000	0.72845	0.513	-0.929	-0.159
16/12/2004	163000.000	3.151	30.603	-19.036	0.275	1.000	1.000	1.000	0.77188	-1.139	0.321	-0.127	1.549	18.230	8.314	0.300	1.000	1.000	1.000	0.72584	0.402	-0.916	-0.176
16/12/2004	170000.000	+9999	43.777	+9999	0.171	+9999	4.000	+9999	+9999	-1.083	0.425	0.105	+9999	22.016	+9999	0.289	+9999	1.000	+9999	0.74133	0.005	-0.882	-0.079
16/12/2004	173000.000	+9999	17.269	+9999	0.231	+9999	3.000	+9999	0.77779	-0.996	0.541	0.076	+9999	25.505	+9999	0.303	+9999	1.000	+9999	+9999	0.065	-0.750	-0.076
16/12/2004	180000.000	0.491	-5.638	21.849	0.083	1.000	3.000	3.000	0.77055	-0.948	0.497	0.345	+9999	39.940	+9999	0.357	+9999	1.000	+9999	+9999	-0.223	-0.878	-0.038
16/12/2004	183000.000	-0.121	-10.359	14.237	0.149	6.000	1.000	2.000	0.75156	-1.064	0.537	0.446	+9999	38.302	+9999	0.454	+9999	1.000	+9999	+9999	-0.251	-1.107	-0.057
16/12/2004	190000.000	-0.406	-33.999	0.977	0.242	2.000	1.000	9.000	0.75721	-0.199	0.348	0.316	+9999	49.772	+9999	0.631	+9999	1.000	+9999	+9999	-1.251	-0.790	-0.012
16/12/2004	193000.000	-0.105	-19.837	-8.137	0.149	8.000	1.000	7.000	0.75502	0.023	0.368	0.289	+9999	55.794	+9999	0.579	+9999	1.000	+9999	+9999	-1.275	-0.613	0.015
16/12/2004	200000.000	-0.237	-27.249	33.324	0.205	4.000	1.000	4.000	0.74726	-0.048	0.302	0.271	+9999	51.506	+9999	0.581	+9999	1.000	+9999	0.81098	-1.376	-0.656	-0.022
16/12/2004	203000.000	0.434	-37.772	-14.123	0.275	3.000	1.000	6.000	0.74040	0.834	0.446	0.254	2.635	60.657	21.879	0.644	1.000	1.000	5.000	0.69597	-2.033	-0.624	-0.111
16/12/2004	210000.000	0.621	-45.882	5.050	0.295	1.000	1.000	1.000	0.71491	0.980	0.497	0.259	4.579	85.780	5.209	0.659	1.000	1.000	1.000	0.68071	-2.026	-0.492	-0.036
16/12/2004	213000.000	0.664	-73.564	7.958	0.294	2.000	1.000	2.000	0.71346	1.052	0.529	0.165	1.102	51.035	6.416	0.561	2.000	1.000	5.000	0.68306	-1.894	-0.377	-0.051
16/12/2004	220000.000	+9999	-73.901	+9999	0.369	+9999	1.000	+9999	+9999	1.557	0.667	0.340	+9999	63.774	+9999	0.650	+9999	1.000	+9999	+9999	-2.015	-0.329	0.056
16/12/2004	223000.000	+9999	-57.286	+9999	0.286	+9999	1.000	+9999	+9999	1.262	0.569	0.250	+9999	52.990	+9999	0.547	+9999	1.000	+9999	0.70537	-1.943	-0.266	0.020
16/12/2004	230000.000	1.899	-27.231	-79.427	0.192	+9999	1.000	+9999	0.73091	0.962	0.464	0.245	1.016	39.473	-0.847	0.516	2.000	1.000	9.000	0.68014	-1.615	-0.335	0.016
16/12/2004	233000.000	0.212	-62.019	4.440	0.280	2.000	1.000	3.000	0.71075	1.283	0.540	0.267	1.047	47.365	5.889	0.503	1.000	1.000	1.000	0.67645	-1.561	-0.387	0.016
16/12/2004	(J+1)000000.000	0.212	-62.019	4.440	0.219	+9999	3.000	+9999	0.70846	1.142	0.472	0.323	1.047	47.365	5.889	0.548	+9999	1.000	+9999	0.67258	-1.729	-0.394	-0.044
