19/07/2004	003000.000	+9999	9.407	+9999	0.076	+9999	4.000	+9999	0.68690	1.283	0.209	-0.051	+9999	3.097	+9999	0.062	+9999	1.000	+9999	0.66332	-0.420	0.079	0.184
19/07/2004	010000.000	+9999	14.420	+9999	0.115	+9999	1.000	+9999	+9999	1.279	0.120	0.067	+9999	5.077	+9999	0.057	+9999	1.000	+9999	+9999	-0.426	0.057	0.155
19/07/2004	013000.000	+9999	10.264	+9999	0.140	+9999	3.000	+9999	0.72510	0.761	0.094	0.096	+9999	1.683	+9999	0.076	+9999	2.000	+9999	+9999	-0.293	0.045	0.170
19/07/2004	020000.000	0.521	21.806	-49.523	0.190	5.000	3.000	6.000	0.67625	0.982	-0.056	0.089	-0.758	8.247	-33.410	0.074	4.000	1.000	1.000	0.85769	0.051	0.056	0.171
19/07/2004	023000.000	0.030	19.293	4.271	0.155	6.000	1.000	4.000	0.67427	0.364	-0.247	0.097	0.009	6.490	-4.276	0.072	8.000	2.000	4.000	0.64444	0.204	0.047	0.203
19/07/2004	030000.000	0.049	20.549	-8.554	0.221	6.000	1.000	3.000	0.67851	-0.232	-0.358	0.129	0.071	15.971	-3.150	0.047	2.000	1.000	2.000	0.64769	0.567	0.013	0.114
19/07/2004	033000.000	0.205	15.887	0.250	0.194	1.000	2.000	6.000	0.68795	0.057	-0.208	0.215	0.211	30.183	-6.426	0.134	2.000	2.000	1.000	0.65648	0.538	0.027	0.121
19/07/2004	040000.000	0.190	11.969	0.464	0.234	1.000	1.000	8.000	0.69553	0.305	-0.147	0.317	0.130	17.825	-3.325	0.059	1.000	1.000	1.000	0.66230	0.497	-0.000	0.110
19/07/2004	043000.000	0.896	35.955	-7.585	0.246	1.000	1.000	1.000	0.70372	-0.642	-0.511	0.069	0.172	17.156	-4.611	0.181	2.000	2.000	1.000	0.66793	0.877	0.004	0.056
19/07/2004	050000.000	0.881	26.763	3.804	0.249	2.000	2.000	4.000	0.72044	-0.536	-0.447	0.140	0.759	40.659	0.886	0.252	1.000	2.000	2.000	0.68349	1.205	0.003	-0.053
19/07/2004	053000.000	0.590	34.449	-1.584	0.306	2.000	1.000	8.000	0.72201	-0.236	-0.388	0.156	0.644	24.610	2.941	0.122	2.000	2.000	4.000	0.69258	0.496	0.059	0.148
19/07/2004	060000.000	1.174	54.641	38.308	0.305	2.000	2.000	3.000	0.72192	-0.503	-0.659	0.267	0.471	31.393	17.367	0.210	1.000	1.000	1.000	0.68552	1.152	0.034	0.144
19/07/2004	063000.000	1.897	86.519	44.510	0.393	3.000	2.000	3.000	0.70806	-0.941	-0.860	0.152	0.650	55.698	39.152	0.246	1.000	2.000	3.000	0.67364	1.418	0.031	0.087
19/07/2004	070000.000	2.137	127.820	23.663	0.509	1.000	1.000	1.000	0.69345	-1.145	-1.275	-0.041	0.732	86.571	7.756	0.356	2.000	2.000	1.000	0.65912	1.469	0.110	0.195
19/07/2004	073000.000	1.485	133.618	12.680	0.441	3.000	2.000	2.000	0.68559	-1.194	-1.167	-0.024	1.740	124.031	8.020	0.374	2.000	2.000	2.000	0.65641	1.454	0.115	0.086
19/07/2004	080000.000	2.744	152.404	-10.821	0.332	2.000	2.000	1.000	0.68534	-0.634	-0.552	0.120	0.753	88.935	-10.867	0.139	2.000	1.000	1.000	0.64977	0.669	0.044	0.155
19/07/2004	083000.000	3.003	185.437	-15.471	0.315	1.000	1.000	4.000	0.67699	-0.197	-0.490	-0.014	0.779	75.186	-10.131	0.159	1.000	1.000	1.000	0.64214	0.506	0.064	0.148
19/07/2004	090000.000	3.717	191.393	62.873	0.353	1.000	1.000	1.000	0.67474	0.030	-0.347	0.021	1.893	95.073	20.577	0.207	2.000	2.000	4.000	0.64216	0.439	0.016	0.163
19/07/2004	093000.000	2.940	225.008	38.901	0.349	2.000	1.000	3.000	0.66453	0.263	-0.303	0.243	1.858	145.386	70.514	0.201	1.000	1.000	2.000	0.62536	0.495	-0.065	0.146
19/07/2004	100000.000	3.512	323.307	113.966	0.354	1.000	1.000	2.000	0.65694	0.187	-0.416	0.110	1.877	98.738	44.328	0.171	1.000	1.000	4.000	0.62329	0.425	0.143	0.269
19/07/2004	103000.000	2.546	193.754	9.310	0.381	1.000	1.000	6.000	0.65494	-0.155	-0.422	0.255	2.657	199.282	12.708	0.287	1.000	1.000	1.000	0.61995	0.975	-0.062	0.163
19/07/2004	110000.000	1.466	167.553	1.959	0.537	1.000	1.000	6.000	0.64840	-0.093	-0.577	0.355	1.726	125.203	-1.608	0.118	2.000	1.000	5.000	0.61787	0.691	0.074	0.268
19/07/2004	113000.000	1.422	159.322	18.277	0.534	1.000	1.000	1.000	0.64384	0.048	-0.472	0.473	2.375	223.374	6.356	0.360	3.000	3.000	1.000	0.61111	0.904	0.084	0.228
19/07/2004	120000.000	3.541	286.171	155.946	0.802	1.000	1.000	3.000	0.63739	-1.739	-1.625	0.162	1.752	232.556	20.937	0.522	1.000	1.000	5.000	0.59862	2.416	0.070	0.156
19/07/2004	123000.000	2.732	243.835	-1.856	0.646	1.000	1.000	6.000	0.63869	-2.177	-1.289	0.334	2.290	292.125	4.585	0.672	1.000	1.000	3.000	0.59939	2.678	-0.110	-0.048
19/07/2004	130000.000	2.759	311.816	-14.361	0.825	1.000	1.000	2.000	0.63660	-2.413	-1.260	0.154	2.006	281.033	-1.994	0.677	1.000	1.000	2.000	0.59803	2.752	-0.153	-0.016
19/07/2004	133000.000	3.194	231.412	-17.446	0.572	1.000	1.000	1.000	0.63877	-2.175	-1.046	0.266	2.701	317.441	-14.744	0.659	1.000	1.000	1.000	0.59965	2.690	-0.138	-0.012
19/07/2004	140000.000	3.429	183.342	3.730	0.537	1.000	1.000	7.000	0.64141	-2.450	-0.726	0.363	2.977	278.159	-22.101	0.693	1.000	1.000	3.000	0.60172	2.800	-0.279	-0.110
19/07/2004	143000.000	3.541	253.265	-14.090	0.825	1.000	1.000	1.000	0.63640	-2.420	-1.259	0.232	2.388	301.662	-19.098	0.742	1.000	1.000	2.000	0.59811	2.952	-0.026	0.048
19/07/2004	150000.000	2.811	194.544	-26.546	0.597	1.000	1.000	2.000	0.63468	-2.321	-1.120	0.260	2.631	226.282	-4.369	0.554	1.000	1.000	4.000	0.59788	2.361	-0.191	0.083
19/07/2004	153000.000	2.455	235.810	-27.588	0.805	1.000	1.000	2.000	0.63101	-1.943	-1.656	0.191	2.105	262.040	-5.368	0.708	1.000	1.000	2.000	0.59669	2.988	0.105	0.086
19/07/2004	160000.000	2.695	174.127	10.969	0.676	1.000	1.000	3.000	0.63441	-1.855	-1.367	0.176	2.233	221.102	-36.454	0.581	1.000	1.000	1.000	0.60144	2.614	0.022	0.068
19/07/2004	163000.000	2.312	164.100	-16.630	0.704	1.000	1.000	1.000	0.63527	-2.245	-1.348	0.309	2.533	231.386	-10.170	0.657	1.000	1.000	1.000	0.60223	2.989	-0.092	0.042
19/07/2004	170000.000	2.610	148.938	-0.084	0.547	1.000	1.000	6.000	0.63662	-2.587	-0.994	0.442	2.593	224.317	-12.153	0.728	1.000	1.000	1.000	0.60160	2.938	-0.218	-0.036
19/07/2004	173000.000	1.604	135.117	-4.105	0.576	1.000	1.000	1.000	0.63484	-2.343	-1.118	0.554	1.613	186.628	-8.642	0.774	1.000	1.000	2.000	0.60082	3.471	-0.056	-0.151
19/07/2004	180000.000	1.126	140.230	-9.321	0.924	1.000	1.000	3.000	0.63357	-2.474	-1.843	0.342	0.928	142.208	-1.399	0.771	1.000	1.000	8.000	0.59890	3.688	0.117	0.015
19/07/2004	183000.000	1.237	87.438	7.530	0.797	1.000	1.000	2.000	0.63550	-2.241	-1.660	0.359	0.789	101.140	-0.899	0.763	1.000	1.000	2.000	0.60320	3.675	0.008	-0.056
19/07/2004	190000.000	0.866	52.306	-9.258	0.713	1.000	1.000	1.000	0.63724	-2.114	-1.464	0.300	0.979	67.991	-9.977	0.689	1.000	1.000	1.000	0.60731	3.199	0.110	-0.002
19/07/2004	193000.000	1.275	52.969	21.942	0.688	1.000	1.000	3.000	0.63982	-1.939	-1.510	0.272	0.993	52.735	-1.846	0.562	1.000	1.000	7.000	0.60953	2.668	0.077	0.045
19/07/2004	200000.000	0.866	51.943	27.203	0.737	1.000	1.000	1.000	0.64197	-1.992	-1.399	0.312	0.577	55.152	25.831	0.693	1.000	1.000	2.000	0.61104	3.336	0.103	-0.108
19/07/2004	203000.000	0.756	43.790	15.413	0.680	1.000	1.000	2.000	0.64454	-1.805	-1.391	0.299	0.443	37.829	2.115	0.580	1.000	1.000	6.000	0.61222	2.901	0.081	0.012
19/07/2004	210000.000	0.736	45.008	-0.837	0.433	1.000	1.000	6.000	0.64842	-1.730	-0.524	0.138	0.372	37.641	1.744	0.462	1.000	1.000	1.000	0.61746	1.619	-0.220	-0.017
19/07/2004	213000.000	0.607	40.591	-7.474	0.390	1.000	1.000	1.000	0.65114	-1.700	-0.088	0.180	0.365	41.690	-8.803	0.382	1.000	1.000	1.000	0.61948	0.863	-0.609	-0.054
19/07/2004	220000.000	0.247	-3.052	-0.431	0.164	1.000	2.000	9.000	0.65211	-0.498	0.396	0.350	0.342	59.969	-38.109	0.530	1.000	1.000	1.000	0.61968	-1.009	-0.665	-0.027
19/07/2004	223000.000	0.122	-18.996	8.821	0.361	2.000	3.000	3.000	0.65629	1.752	0.688	0.385	0.252	65.954	-1.238	0.425	1.000	1.000	7.000	0.61889	-2.080	0.021	0.330
19/07/2004	230000.000	-0.010	-10.615	6.069	0.369	7.000	4.000	3.000	0.65683	2.357	0.615	0.269	0.040	17.165	-7.094	0.086	6.000	2.000	1.000	0.62134	-1.217	0.176	0.382
19/07/2004	233000.000	+9999	-11.638	+9999	0.258	+9999	3.000	+9999	0.65810	1.907	0.546	0.164	+9999	24.518	+9999	0.287	+9999	1.000	+9999	0.62046	-1.161	-0.029	0.226
19/07/2004	(J+1)000000.000	+9999	-58.285	+9999	0.525	+9999	1.000	+9999	+9999	1.323	0.080	-0.092	+9999	28.623	+9999	0.251	+9999	1.000	+9999	+9999	-0.033	-0.213	0.096
