30/09/2004	003000.000	0.214	3.189	-7.469	0.097	1.000	3.000	1.000	0.73884	-0.694	-0.160	0.073	0.082	9.192	-2.786	0.100	2.000	1.000	2.000	0.70105	0.730	-0.117	-0.123
30/09/2004	010000.000	0.213	11.887	-6.355	0.146	1.000	1.000	1.000	0.73378	-0.855	-0.011	0.071	0.259	17.942	-7.769	0.122	2.000	1.000	1.000	0.69768	0.499	-0.227	-0.068
30/09/2004	013000.000	0.424	13.869	-15.071	0.149	1.000	1.000	1.000	0.73497	-0.771	-0.065	0.104	0.277	19.582	-9.152	0.124	2.000	1.000	1.000	0.69755	0.622	-0.130	-0.085
30/09/2004	020000.000	0.358	12.677	-17.438	0.097	3.000	3.000	3.000	0.72732	-0.537	-0.198	-0.021	0.321	18.699	-14.743	0.134	3.000	2.000	3.000	0.69179	0.454	-0.002	-0.054
30/09/2004	023000.000	0.180	10.619	-9.323	0.092	1.000	1.000	1.000	0.72443	-0.902	-0.212	0.212	0.102	15.127	-4.841	0.139	1.000	1.000	1.000	0.68958	0.665	-0.124	-0.003
30/09/2004	030000.000	0.607	38.746	-10.882	0.221	1.000	1.000	1.000	0.73028	-1.344	-0.168	-0.007	0.138	26.069	-4.572	0.194	4.000	1.000	2.000	0.69461	0.761	-0.327	-0.090
30/09/2004	033000.000	0.166	13.780	-2.885	0.179	1.000	1.000	1.000	0.73308	-0.970	-0.106	0.264	0.269	28.489	-7.486	0.161	1.000	1.000	1.000	0.69587	0.942	-0.174	-0.116
30/09/2004	040000.000	0.733	22.148	-7.608	0.141	1.000	1.000	1.000	0.74971	-1.106	0.055	-0.022	0.128	31.365	-5.677	0.197	6.000	1.000	2.000	0.71275	0.436	-0.423	-0.074
30/09/2004	043000.000	0.436	17.118	1.967	0.124	1.000	1.000	1.000	0.75107	-0.923	0.022	-0.008	0.164	34.892	-3.497	0.203	1.000	1.000	1.000	0.71087	0.126	-0.536	-0.055
30/09/2004	050000.000	0.700	19.540	2.034	0.176	1.000	1.000	2.000	0.76258	-1.089	0.070	-0.024	0.280	36.765	-3.450	0.232	2.000	1.000	2.000	0.72046	0.259	-0.682	-0.088
30/09/2004	053000.000	0.714	16.239	2.119	0.178	1.000	2.000	1.000	0.76698	-0.933	0.400	0.008	0.328	31.549	-3.041	0.266	1.000	1.000	1.000	0.72236	0.278	-0.779	-0.113
30/09/2004	060000.000	0.879	13.547	-0.532	0.077	1.000	1.000	2.000	0.79039	-0.793	0.371	0.218	0.379	59.282	-3.981	0.285	3.000	2.000	1.000	0.74264	-0.026	-0.475	0.018
30/09/2004	063000.000	0.383	4.029	2.526	0.070	1.000	1.000	6.000	0.78500	-0.372	0.171	0.211	0.865	45.546	-16.888	0.230	1.000	1.000	1.000	0.72718	-0.384	-0.314	-0.034
30/09/2004	070000.000	1.414	27.175	3.854	0.106	1.000	2.000	6.000	0.76839	-0.442	0.189	0.107	0.904	57.260	-4.353	0.177	1.000	1.000	4.000	0.71702	-0.236	-0.362	-0.029
30/09/2004	073000.000	1.930	35.552	-6.041	0.156	1.000	1.000	1.000	0.78601	-0.967	0.113	0.056	0.782	54.382	-10.999	0.185	2.000	1.000	1.000	0.73814	0.114	-0.478	0.002
30/09/2004	080000.000	1.089	23.254	-4.906	0.112	1.000	1.000	1.000	0.77066	-0.605	0.309	0.157	0.747	56.675	-12.956	0.152	1.000	2.000	1.000	0.72661	-0.019	-0.378	0.001
30/09/2004	083000.000	2.532	70.957	-5.816	0.180	1.000	2.000	4.000	0.76245	-0.768	0.052	0.065	1.065	63.538	-12.163	0.120	2.000	1.000	3.000	0.71803	0.126	-0.275	0.031
30/09/2004	090000.000	1.440	4.380	7.325	0.136	1.000	3.000	2.000	0.74188	0.099	0.234	0.246	2.114	73.786	-21.295	0.360	1.000	1.000	1.000	0.67486	-0.839	-0.286	0.025
30/09/2004	093000.000	1.292	10.670	2.141	0.116	1.000	1.000	1.000	0.72429	0.665	0.283	0.313	1.634	71.343	-16.549	0.411	1.000	1.000	1.000	0.65485	-1.128	-0.270	0.006
30/09/2004	100000.000	0.949	-5.454	6.385	0.161	1.000	2.000	1.000	0.70984	0.736	0.351	0.176	1.190	52.423	-14.328	0.383	1.000	1.000	1.000	0.65123	-1.266	-0.050	0.045
30/09/2004	103000.000	0.506	4.285	4.466	0.127	1.000	1.000	2.000	0.71419	0.468	0.291	0.276	2.374	74.530	-7.955	0.339	1.000	1.000	1.000	0.65449	-0.998	-0.182	0.018
30/09/2004	110000.000	0.982	11.685	1.563	0.177	1.000	1.000	3.000	0.71127	0.601	0.278	0.306	1.603	57.606	-4.822	0.292	1.000	1.000	1.000	0.64947	-1.064	-0.250	0.009
30/09/2004	113000.000	0.072	-4.873	0.788	0.155	6.000	6.000	3.000	0.69113	0.931	0.278	0.226	1.633	58.894	-3.792	0.289	1.000	1.000	1.000	0.64448	-0.917	-0.029	0.076
30/09/2004	120000.000	0.421	-8.709	2.176	0.188	3.000	2.000	3.000	0.69013	0.325	0.263	0.168	2.436	101.860	16.960	0.433	1.000	1.000	1.000	0.63694	-1.090	-0.178	-0.082
30/09/2004	123000.000	0.571	1.024	-7.207	0.170	1.000	8.000	6.000	0.68731	0.457	0.293	0.334	1.848	110.314	1.515	0.277	1.000	1.000	6.000	0.63465	-0.701	-0.255	0.117
30/09/2004	130000.000	3.177	59.192	3.243	0.162	1.000	1.000	6.000	0.69547	0.346	0.090	0.255	1.783	75.274	4.331	0.217	1.000	1.000	5.000	0.63872	-0.327	-0.176	0.127
30/09/2004	133000.000	0.384	5.016	-2.338	0.172	6.000	6.000	6.000	0.69998	-0.499	0.298	0.339	1.737	106.345	6.863	0.363	1.000	1.000	3.000	0.63117	-0.348	-0.604	-0.049
30/09/2004	140000.000	1.346	18.735	6.779	0.207	3.000	3.000	3.000	0.70502	-0.264	0.304	0.345	2.364	134.391	4.659	0.387	1.000	1.000	2.000	0.63247	-0.731	-0.635	-0.038
30/09/2004	143000.000	2.983	9.177	17.501	0.195	1.000	2.000	1.000	0.70222	0.819	0.405	0.256	2.698	104.857	2.333	0.414	1.000	1.000	3.000	0.63832	-1.285	-0.214	0.026
30/09/2004	150000.000	0.985	24.434	4.675	0.130	3.000	1.000	2.000	0.70333	-0.171	0.203	0.295	2.451	109.513	4.868	0.416	1.000	1.000	1.000	0.63889	-0.685	-0.454	-0.011
30/09/2004	153000.000	2.296	7.996	16.816	0.201	1.000	2.000	3.000	0.71594	0.636	0.328	0.180	2.738	78.363	12.918	0.366	1.000	1.000	3.000	0.64022	-1.148	-0.191	0.002
30/09/2004	160000.000	1.193	-7.788	10.262	0.186	1.000	2.000	1.000	0.71327	0.649	0.309	0.270	3.194	66.301	17.157	0.447	1.000	1.000	3.000	0.64276	-1.273	-0.305	-0.057
30/09/2004	163000.000	1.329	2.394	9.396	0.176	1.000	2.000	1.000	0.71703	0.713	0.318	0.202	2.384	33.396	6.094	0.290	1.000	1.000	3.000	0.64940	-1.097	-0.127	0.073
30/09/2004	170000.000	0.859	-5.127	7.367	0.174	1.000	1.000	1.000	0.70442	1.014	0.418	0.247	1.603	21.101	-1.076	0.283	1.000	1.000	1.000	0.64660	-1.433	-0.095	0.103
30/09/2004	173000.000	1.662	5.322	10.048	0.138	1.000	1.000	1.000	0.72069	0.407	0.267	0.179	1.548	16.931	-0.597	0.262	1.000	1.000	4.000	0.65403	-0.970	-0.234	-0.000
30/09/2004	180000.000	0.154	-1.613	2.391	0.133	3.000	3.000	1.000	0.71824	-0.145	0.119	0.221	1.765	19.836	0.027	0.229	1.000	1.000	9.000	0.67101	-0.506	-0.259	0.034
30/09/2004	183000.000	0.472	0.873	1.705	0.149	1.000	2.000	2.000	0.71841	-0.247	0.121	0.239	1.114	22.109	-2.901	0.197	1.000	1.000	1.000	0.67677	-0.325	-0.192	0.101
30/09/2004	190000.000	0.228	1.054	0.075	0.133	2.000	3.000	6.000	0.71145	-0.396	0.101	0.284	1.016	20.525	-1.489	0.174	1.000	1.000	1.000	0.67559	-0.304	-0.211	0.106
30/09/2004	193000.000	0.140	-3.019	1.880	0.119	2.000	3.000	1.000	0.71202	-0.243	0.113	0.207	1.772	31.229	-3.231	0.203	1.000	1.000	1.000	0.67701	-0.363	-0.192	0.106
30/09/2004	200000.000	0.190	0.289	1.116	0.120	2.000	1.000	3.000	0.70751	-0.281	0.103	0.234	0.993	21.430	-1.213	0.194	1.000	1.000	1.000	0.66985	-0.294	-0.195	0.062
30/09/2004	203000.000	0.060	-0.440	-0.172	0.118	4.000	6.000	3.000	0.70106	-0.409	0.099	0.275	0.828	25.285	-3.770	0.198	3.000	2.000	1.000	0.66574	-0.217	-0.239	0.082
30/09/2004	210000.000	0.207	-0.470	0.616	0.137	1.000	4.000	1.000	0.70147	-0.265	0.178	0.276	0.572	21.627	-2.535	0.162	1.000	1.000	1.000	0.66366	-0.355	-0.202	0.079
30/09/2004	213000.000	0.271	-0.360	0.715	0.071	1.000	6.000	3.000	0.70158	-0.161	0.146	0.190	0.713	32.922	-8.945	0.243	1.000	1.000	1.000	0.65972	-0.454	-0.233	0.036
30/09/2004	220000.000	0.129	0.250	0.115	0.109	2.000	6.000	4.000	0.69784	-0.396	0.123	0.250	0.425	20.733	-6.020	0.148	2.000	2.000	2.000	0.65887	-0.232	-0.237	0.071
30/09/2004	223000.000	0.367	8.591	3.425	0.078	1.000	3.000	5.000	0.69839	-0.586	0.076	0.141	0.083	14.830	-2.770	0.130	4.000	1.000	2.000	0.65692	-0.122	-0.314	-0.013
30/09/2004	230000.000	0.413	13.238	-2.980	0.218	1.000	1.000	1.000	0.70336	-0.794	0.279	-0.198	0.107	6.740	-2.102	0.159	2.000	1.000	1.000	0.66559	0.158	-0.454	-0.087
30/09/2004	233000.000	0.295	10.741	0.017	0.184	1.000	1.000	6.000	0.70876	-0.691	0.462	-0.040	0.116	12.190	-2.599	0.220	1.000	1.000	1.000	0.67176	0.173	-0.592	-0.119
30/09/2004	(J+1)000000.000	0.323	9.676	-1.483	0.208	1.000	1.000	1.000	0.71256	-0.937	0.319	-0.064	0.296	19.707	-3.945	0.242	1.000	1.000	1.000	0.67594	0.134	-0.672	-0.125
