23/08/2004	003000.000	0.087	35.352	1.154	0.626	2.000	1.000	3.000	0.65340	-2.110	-1.159	0.327	0.189	43.839	-18.487	0.637	1.000	1.000	1.000	0.61458	2.794	-0.094	-0.044
23/08/2004	010000.000	0.033	32.896	-15.756	0.793	2.000	1.000	2.000	0.65242	-1.992	-1.563	0.216	0.190	38.984	-32.626	0.679	1.000	1.000	1.000	0.61129	3.145	0.011	-0.056
23/08/2004	013000.000	0.105	22.111	2.813	0.556	1.000	1.000	1.000	0.65302	-1.982	-0.886	0.373	0.192	32.525	-7.563	0.632	1.000	1.000	4.000	0.61089	2.770	-0.136	-0.061
23/08/2004	020000.000	0.096	18.545	5.421	0.547	1.000	1.000	3.000	0.65362	-1.769	-0.921	0.206	0.112	23.794	-10.258	0.578	1.000	1.000	1.000	0.61312	2.217	-0.086	-0.032
23/08/2004	023000.000	0.131	10.983	-5.897	0.717	1.000	1.000	1.000	0.65360	-1.950	-1.300	0.320	0.194	18.232	-17.767	0.661	1.000	1.000	1.000	0.61271	3.334	0.058	-0.136
23/08/2004	030000.000	0.146	10.393	-6.739	0.689	1.000	1.000	1.000	0.65523	-1.765	-1.383	0.073	0.124	18.592	-13.179	0.587	1.000	1.000	1.000	0.61411	2.498	-0.007	-0.002
23/08/2004	033000.000	0.165	15.595	1.357	0.637	1.000	1.000	1.000	0.65589	-2.051	-1.216	0.216	0.240	20.277	-10.079	0.643	1.000	1.000	1.000	0.61501	2.697	-0.184	-0.009
23/08/2004	040000.000	0.324	20.587	4.400	0.624	1.000	1.000	1.000	0.65748	-1.813	-1.106	0.160	0.269	20.862	-9.094	0.645	1.000	1.000	1.000	0.61561	2.772	-0.041	-0.092
23/08/2004	043000.000	0.375	18.788	5.037	0.693	1.000	1.000	2.000	0.65825	-1.700	-1.295	0.029	0.486	19.264	-11.612	0.575	1.000	1.000	1.000	0.61618	2.274	-0.052	0.095
23/08/2004	050000.000	0.642	18.367	2.362	0.619	1.000	1.000	1.000	0.65939	-1.457	-1.175	0.075	0.547	19.278	-8.466	0.488	1.000	1.000	1.000	0.61693	2.057	-0.050	0.082
23/08/2004	053000.000	0.840	12.979	-10.441	0.557	2.000	1.000	1.000	0.66111	-1.131	-1.023	-0.007	0.759	16.431	-9.989	0.353	1.000	1.000	1.000	0.61750	1.536	0.002	0.085
23/08/2004	060000.000	0.389	12.604	-2.719	0.396	1.000	1.000	3.000	0.66041	-1.081	-0.789	0.124	0.663	25.202	-13.425	0.399	1.000	1.000	1.000	0.61479	1.695	-0.091	-0.005
23/08/2004	063000.000	1.071	31.289	-17.146	0.380	1.000	1.000	1.000	0.66361	-1.531	-0.625	0.317	0.859	44.814	-15.973	0.464	1.000	1.000	1.000	0.61699	1.376	-0.282	0.080
23/08/2004	070000.000	0.920	57.447	-12.419	0.681	1.000	1.000	2.000	0.65836	-1.978	-1.000	0.145	1.211	65.780	-17.462	0.579	1.000	1.000	1.000	0.61554	2.225	-0.139	-0.031
23/08/2004	073000.000	0.966	67.400	-3.120	0.552	1.000	1.000	3.000	0.65534	-1.864	-1.042	0.168	1.014	83.217	-10.832	0.518	1.000	1.000	1.000	0.61304	2.110	-0.246	-0.041
23/08/2004	080000.000	1.693	98.144	-3.182	0.557	1.000	1.000	2.000	0.65811	-2.812	-0.177	-0.089	0.383	65.112	-10.453	0.530	1.000	1.000	1.000	0.61287	0.953	-1.011	-0.053
23/08/2004	083000.000	1.717	77.465	-7.859	0.522	1.000	1.000	3.000	0.65933	-2.930	-0.049	-0.036	0.474	77.309	-9.038	0.589	1.000	1.000	2.000	0.61427	0.923	-1.359	-0.153
23/08/2004	090000.000	2.565	79.477	-4.171	0.453	1.000	1.000	4.000	0.66629	-2.460	0.124	0.002	0.761	87.508	-8.245	0.493	1.000	1.000	1.000	0.61747	0.704	-1.500	-0.208
23/08/2004	093000.000	3.153	131.788	2.287	0.572	1.000	1.000	3.000	0.66440	-3.139	-0.098	-0.041	1.001	119.399	-3.586	0.608	1.000	1.000	2.000	0.61520	1.248	-1.303	-0.171
23/08/2004	100000.000	2.496	148.341	3.410	0.484	1.000	1.000	7.000	0.66149	-2.370	-0.079	0.067	1.153	180.116	3.767	0.422	1.000	1.000	6.000	0.61217	1.107	-0.948	-0.102
23/08/2004	103000.000	2.276	210.097	-13.728	0.515	1.000	1.000	4.000	0.65811	-2.195	-0.194	0.006	1.190	206.760	-17.317	0.423	1.000	1.000	2.000	0.61160	1.193	-0.641	-0.104
23/08/2004	110000.000	2.948	201.430	-20.912	0.383	1.000	1.000	1.000	0.65656	-1.715	-0.458	0.120	1.172	201.269	-24.873	0.398	1.000	1.000	1.000	0.60900	1.140	-0.470	-0.063
23/08/2004	113000.000	0.889	208.918	74.217	0.275	+9999	1.000	+9999	0.64627	-1.307	-0.430	0.149	1.512	223.059	-15.780	0.349	1.000	1.000	2.000	0.60722	0.875	-0.360	-0.008
23/08/2004	120000.000	1.154	211.988	-7.922	0.363	+9999	1.000	+9999	0.64777	-1.564	-0.733	-0.048	1.602	207.532	-5.210	0.302	1.000	1.000	3.000	0.60706	1.160	-0.148	0.049
23/08/2004	123000.000	1.420	215.058	-90.061	0.404	1.000	1.000	1.000	0.65032	-1.107	-0.750	-0.084	2.340	273.141	-31.665	0.416	2.000	1.000	2.000	0.60793	1.137	-0.072	-0.063
23/08/2004	130000.000	+9999	250.120	+9999	0.377	+9999	1.000	+9999	0.64718	-1.965	-0.644	0.149	1.534	246.337	-19.042	0.504	1.000	1.000	2.000	0.60257	1.687	-0.353	-0.054
23/08/2004	133000.000	+9999	263.355	+9999	0.386	+9999	1.000	+9999	0.64787	-2.166	-0.392	0.144	1.848	242.119	-35.107	0.500	1.000	1.000	2.000	0.60517	1.640	-0.435	-0.090
23/08/2004	140000.000	+9999	189.856	+9999	0.544	+9999	1.000	+9999	0.64506	-2.117	-0.752	0.175	2.353	211.724	-23.273	0.514	1.000	1.000	1.000	0.60760	1.897	-0.420	-0.009
23/08/2004	143000.000	+9999	234.222	+9999	0.681	+9999	1.000	+9999	0.64461	-2.193	-1.030	0.212	3.704	271.996	-0.063	0.579	1.000	1.000	7.000	0.60998	2.326	-0.327	-0.030
23/08/2004	150000.000	+9999	169.306	+9999	0.635	+9999	1.000	+9999	0.64458	-2.206	-0.994	0.147	3.372	197.005	-24.956	0.599	1.000	1.000	2.000	0.61101	2.389	-0.278	-0.019
23/08/2004	153000.000	+9999	127.367	+9999	0.499	+9999	1.000	+9999	0.65085	-2.462	-0.490	0.253	3.025	142.794	-20.535	0.555	1.000	1.000	1.000	0.61279	1.837	-0.471	-0.034
23/08/2004	160000.000	+9999	166.199	+9999	0.630	+9999	1.000	+9999	0.64551	-2.642	-0.535	0.169	2.639	153.323	-18.685	0.506	1.000	1.000	2.000	0.60905	2.077	-0.515	-0.095
23/08/2004	163000.000	+9999	107.887	+9999	0.499	+9999	1.000	+9999	0.64855	-2.522	-0.513	0.290	3.345	159.004	-12.887	0.621	1.000	1.000	3.000	0.61084	1.993	-0.496	-0.070
23/08/2004	170000.000	+9999	88.333	+9999	0.489	+9999	1.000	+9999	+9999	-2.665	-0.305	0.313	3.412	89.340	104.764	0.553	1.000	1.000	1.000	0.60972	1.900	-0.591	-0.087
23/08/2004	173000.000	+9999	74.822	+9999	0.491	+9999	1.000	+9999	+9999	-1.898	-0.735	0.107	1.072	69.913	-14.449	0.428	+9999	1.000	+9999	0.70837	1.567	-0.524	0.010
23/08/2004	180000.000	+9999	40.704	+9999	0.489	+9999	1.000	+9999	+9999	-1.531	-1.101	0.296	-1.269	50.487	-133.663	0.445	5.000	1.000	5.000	0.60155	2.286	-0.016	0.020
23/08/2004	183000.000	1.842	38.635	-43.051	0.679	3.000	1.000	6.000	0.65516	-1.967	-1.265	0.303	0.974	30.494	75.549	0.624	1.000	1.000	1.000	0.60269	3.198	0.023	-0.047
23/08/2004	190000.000	1.263	25.865	-33.223	0.424	1.000	1.000	2.000	0.65674	-1.675	-0.698	0.211	1.143	35.827	3.015	0.434	1.000	1.000	6.000	0.60657	1.676	-0.152	0.073
23/08/2004	193000.000	0.862	23.019	-34.453	0.293	1.000	1.000	1.000	0.65839	-1.675	-0.424	0.329	0.966	28.545	-14.780	0.429	1.000	1.000	1.000	0.60529	1.594	-0.211	-0.047
23/08/2004	200000.000	1.028	34.902	-57.398	0.478	1.000	1.000	1.000	0.65435	-2.512	-0.573	0.201	0.525	24.038	-10.340	0.486	1.000	1.000	1.000	0.60022	1.850	-0.346	-0.059
23/08/2004	203000.000	0.866	23.778	-79.723	0.437	1.000	1.000	1.000	0.65058	-2.105	-0.946	0.370	0.793	40.657	-14.074	0.668	1.000	2.000	2.000	0.59810	2.706	-0.149	-0.127
23/08/2004	210000.000	0.468	14.834	-27.342	0.277	1.000	1.000	1.000	0.65100	-1.344	-0.195	0.063	-0.071	30.265	-47.239	0.414	1.000	1.000	1.000	0.60024	0.556	-0.624	-0.047
23/08/2004	213000.000	+9999	-24.991	+9999	0.260	+9999	6.000	+9999	+9999	-0.039	-0.324	0.117	+9999	3.268	+9999	0.487	+9999	6.000	+9999	+9999	0.637	-0.268	0.054
23/08/2004	220000.000	+9999	11.905	+9999	0.391	+9999	1.000	+9999	+9999	-0.346	-0.861	0.191	+9999	8.319	+9999	0.107	+9999	1.000	+9999	+9999	0.830	0.094	0.273
23/08/2004	223000.000	+9999	17.505	+9999	0.298	+9999	1.000	+9999	+9999	-1.275	-0.085	0.049	+9999	8.831	+9999	0.279	+9999	1.000	+9999	+9999	0.697	-0.452	-0.033
23/08/2004	230000.000	+9999	11.017	+9999	0.296	+9999	1.000	+9999	0.69281	-1.472	0.227	-0.091	0.823	7.784	18.027	0.324	2.000	1.000	6.000	0.74352	0.346	-0.746	-0.110
23/08/2004	233000.000	0.494	16.233	-12.202	0.284	4.000	1.000	7.000	0.67013	-2.093	-0.069	-0.127	-0.043	12.732	3.368	0.321	6.000	1.000	6.000	0.60665	0.592	-0.832	-0.084
23/08/2004	(J+1)000000.000	0.144	11.060	3.581	0.246	1.000	1.000	1.000	0.65326	-1.698	0.007	-0.078	0.074	10.661	4.313	0.303	1.000	1.000	1.000	0.60749	0.464	-0.875	-0.121
