23/07/2004	003000.000	0.199	30.522	-9.438	0.355	3.000	2.000	1.000	0.65520	-1.753	-0.269	0.213	0.349	49.999	-14.599	0.419	1.000	1.000	1.000	0.65335	1.604	-0.329	-0.124
23/07/2004	010000.000	0.352	62.905	-15.629	0.397	1.000	1.000	1.000	0.65468	-2.058	-0.108	-0.067	0.230	53.313	-16.710	0.414	1.000	1.000	1.000	0.65367	0.841	-0.571	-0.074
23/07/2004	013000.000	0.158	33.461	-8.638	0.277	3.000	1.000	2.000	0.65415	-1.482	-0.048	0.033	0.127	30.913	-11.441	0.303	1.000	1.000	1.000	0.65277	0.475	-0.733	-0.090
23/07/2004	020000.000	0.070	4.089	-3.719	0.127	2.000	2.000	3.000	0.65715	-0.875	0.416	0.254	0.084	29.499	-11.750	0.315	1.000	1.000	1.000	0.65613	-0.150	-0.876	-0.095
23/07/2004	023000.000	0.081	13.139	-7.994	0.252	1.000	1.000	2.000	0.65708	-1.244	0.362	0.060	0.110	31.375	-15.766	0.368	1.000	1.000	2.000	0.65618	0.315	-0.968	-0.117
23/07/2004	030000.000	0.240	38.322	-12.194	0.297	1.000	2.000	1.000	0.65519	-1.592	0.119	-0.061	0.153	33.167	-13.264	0.344	2.000	1.000	1.000	0.65372	0.304	-0.847	-0.109
23/07/2004	033000.000	0.424	52.095	-11.656	0.311	2.000	1.000	3.000	0.65391	-1.704	-0.090	-0.105	0.213	33.922	-9.517	0.267	1.000	1.000	1.000	0.65305	0.706	-0.422	-0.044
23/07/2004	040000.000	0.947	38.498	7.561	0.185	1.000	1.000	4.000	0.66205	-1.097	0.055	0.051	0.313	38.216	-5.707	0.240	1.000	1.000	2.000	0.65676	0.241	-0.597	-0.066
23/07/2004	043000.000	+9999	30.480	+9999	0.231	+9999	1.000	+9999	0.66373	-0.644	0.217	0.077	0.909	47.486	34.285	0.238	+9999	1.000	+9999	0.66426	-0.119	-0.674	-0.067
23/07/2004	050000.000	+9999	-0.249	+9999	0.152	+9999	9.000	+9999	+9999	-0.130	0.168	0.230	1.506	56.756	74.277	0.302	3.000	1.000	4.000	1.25123	-0.655	-0.353	0.048
23/07/2004	053000.000	+9999	-2.369	+9999	0.078	+9999	3.000	+9999	+9999	-0.035	0.237	0.195	0.486	83.545	-57.627	0.402	+9999	1.000	+9999	1.01692	-0.970	-0.400	-0.046
23/07/2004	060000.000	+9999	-0.646	+9999	0.193	+9999	6.000	+9999	0.69371	-0.048	0.210	0.243	-0.534	110.333	-189.531	0.368	9.000	1.000	6.000	0.87872	-0.684	-0.376	0.096
23/07/2004	063000.000	0.544	5.933	3.657	0.041	2.000	2.000	2.000	0.69571	0.134	0.159	0.250	1.442	83.132	5.641	0.288	1.000	1.000	2.000	0.68673	-0.556	-0.299	0.084
23/07/2004	070000.000	1.152	34.380	11.038	0.173	2.000	2.000	3.000	0.69024	1.038	0.405	0.149	0.701	48.301	-15.049	0.279	1.000	1.000	1.000	0.67516	-1.032	0.046	0.123
23/07/2004	073000.000	0.988	18.622	4.455	0.191	1.000	2.000	1.000	0.68543	1.139	0.437	0.172	0.401	34.839	-14.347	0.223	1.000	1.000	1.000	0.67119	-1.046	0.015	0.127
23/07/2004	080000.000	1.560	31.978	2.061	0.147	1.000	1.000	3.000	0.69366	0.332	0.243	0.275	1.579	105.894	-24.270	0.341	1.000	1.000	1.000	0.67293	-1.007	-0.152	-0.111
23/07/2004	083000.000	0.210	7.907	-2.777	0.206	2.000	3.000	1.000	0.68700	-0.104	0.283	0.260	0.869	69.442	-16.222	0.227	1.000	1.000	1.000	0.67001	-0.409	-0.276	-0.004
23/07/2004	090000.000	1.207	37.102	-2.945	0.067	2.000	1.000	4.000	0.69502	-0.173	0.205	0.250	1.401	99.740	-14.993	0.221	1.000	1.000	1.000	0.66713	-0.584	-0.349	-0.065
23/07/2004	093000.000	2.161	60.023	-4.359	0.127	2.000	1.000	3.000	0.69428	0.190	0.147	0.238	1.995	131.231	-24.120	0.288	1.000	1.000	1.000	0.66916	-0.488	-0.290	0.066
23/07/2004	100000.000	0.448	5.083	-2.267	0.181	1.000	4.000	4.000	0.68868	-0.399	0.266	0.342	1.837	172.595	-21.063	0.294	1.000	2.000	2.000	0.66502	-0.386	-0.386	-0.035
23/07/2004	103000.000	0.672	12.565	0.941	0.138	1.000	2.000	6.000	0.68639	0.253	0.231	0.274	2.182	133.593	-27.606	0.293	1.000	1.000	1.000	0.66415	-0.733	-0.225	-0.033
23/07/2004	110000.000	0.447	14.712	-4.109	0.169	1.000	2.000	3.000	0.67930	-0.256	0.225	0.335	1.822	176.703	-19.549	0.371	2.000	1.000	1.000	0.65525	-0.628	-0.358	-0.031
23/07/2004	113000.000	1.332	72.465	-24.720	0.123	1.000	1.000	1.000	0.67166	0.092	0.153	0.226	1.861	127.361	3.761	0.280	2.000	1.000	6.000	0.65648	-0.439	-0.298	0.011
23/07/2004	120000.000	1.295	39.622	2.109	0.178	2.000	3.000	4.000	0.67302	0.374	0.180	0.215	1.495	102.683	-14.984	0.314	1.000	1.000	1.000	0.65308	-0.613	-0.238	0.056
23/07/2004	123000.000	1.563	62.307	-11.099	0.097	1.000	1.000	3.000	0.66970	0.535	0.124	0.224	2.147	107.588	-21.959	0.304	3.000	2.000	2.000	0.65578	-0.565	-0.162	0.123
23/07/2004	130000.000	1.256	45.982	-10.197	0.135	1.000	1.000	1.000	0.67824	-0.445	0.128	0.310	1.910	126.517	-14.162	0.277	1.000	1.000	1.000	0.65090	-0.358	-0.446	-0.009
23/07/2004	133000.000	1.684	9.875	-9.812	0.080	1.000	1.000	1.000	0.67764	-0.224	0.180	0.332	2.318	131.639	-17.889	0.305	1.000	1.000	1.000	0.65387	-0.479	-0.330	0.088
23/07/2004	140000.000	4.508	91.217	-7.810	0.223	1.000	1.000	1.000	0.68142	0.336	0.179	0.198	2.169	103.711	-19.614	0.137	2.000	1.000	1.000	0.65092	-0.358	-0.186	-0.006
23/07/2004	143000.000	3.399	129.599	-11.448	0.144	1.000	1.000	1.000	0.66320	-0.186	0.040	0.202	3.165	160.721	-33.474	0.312	3.000	2.000	3.000	0.65308	0.035	-0.321	0.159
23/07/2004	150000.000	2.495	69.906	-13.120	0.269	1.000	1.000	2.000	0.66433	0.351	0.266	0.213	1.969	128.533	-15.625	0.234	1.000	1.000	1.000	0.64445	-0.507	-0.282	0.028
23/07/2004	153000.000	2.776	48.655	-10.321	0.231	1.000	1.000	4.000	0.66408	0.229	0.245	0.208	1.712	125.731	-25.746	0.300	1.000	1.000	1.000	0.63592	-0.656	-0.167	0.002
23/07/2004	160000.000	2.449	48.035	0.133	0.277	1.000	2.000	9.000	0.65848	1.019	0.432	0.153	1.435	76.864	-5.408	0.238	1.000	2.000	5.000	0.63557	-1.118	-0.065	0.160
23/07/2004	163000.000	1.983	35.776	11.251	0.239	1.000	1.000	1.000	0.64983	2.244	0.595	0.230	0.908	37.280	-16.147	0.059	2.000	1.000	1.000	0.63845	-1.004	0.121	0.306
23/07/2004	170000.000	2.230	7.827	23.051	0.342	1.000	1.000	1.000	0.65675	1.872	0.637	0.150	1.456	72.521	-5.641	0.316	1.000	1.000	5.000	0.63774	-1.539	0.064	0.240
23/07/2004	173000.000	1.276	-6.947	9.575	0.296	1.000	1.000	1.000	0.66044	1.416	0.576	0.289	1.637	100.518	-11.763	0.488	1.000	1.000	1.000	0.63960	-1.735	-0.205	0.112
23/07/2004	180000.000	0.524	-10.425	11.285	0.202	1.000	3.000	1.000	0.65727	1.016	0.496	0.279	0.945	71.245	-12.121	0.401	1.000	1.000	1.000	0.63926	-1.415	-0.170	0.124
23/07/2004	183000.000	0.342	-4.594	7.140	0.208	2.000	2.000	2.000	0.65686	1.353	0.511	0.337	0.782	43.762	-8.683	0.447	1.000	1.000	3.000	0.63839	-2.048	0.128	0.222
23/07/2004	190000.000	0.976	-0.037	13.542	0.230	1.000	6.000	1.000	0.65919	0.967	0.497	0.212	1.307	47.102	-20.882	0.411	1.000	1.000	1.000	0.64403	-1.609	0.003	0.118
23/07/2004	193000.000	0.125	-5.557	10.672	0.188	1.000	1.000	1.000	0.66052	0.814	0.414	0.172	0.755	29.653	-14.309	0.336	1.000	1.000	1.000	0.64688	-1.361	-0.120	0.025
23/07/2004	200000.000	0.425	0.122	6.266	0.162	2.000	7.000	1.000	0.65905	1.186	0.460	0.149	0.420	16.242	-9.911	0.261	1.000	1.000	1.000	0.64721	-1.078	0.012	0.135
23/07/2004	203000.000	0.573	1.625	11.992	0.208	1.000	5.000	1.000	0.66305	0.593	0.347	0.180	0.459	24.092	-5.742	0.319	1.000	1.000	1.000	0.64658	-1.244	-0.153	-0.033
23/07/2004	210000.000	0.439	-11.442	0.212	0.187	1.000	1.000	6.000	0.65789	0.674	0.381	0.236	0.996	46.779	-13.686	0.469	1.000	1.000	1.000	0.64610	-1.562	-0.356	-0.039
23/07/2004	213000.000	0.452	0.291	2.780	0.210	1.000	7.000	3.000	0.66140	1.453	0.516	0.134	0.130	8.670	-8.759	0.163	1.000	1.000	1.000	0.65201	-0.955	0.069	0.240
23/07/2004	220000.000	1.102	19.463	-2.080	0.115	1.000	1.000	2.000	0.67310	0.757	0.313	0.097	0.230	16.414	-7.481	0.143	1.000	1.000	1.000	0.65973	-0.693	0.040	0.114
23/07/2004	223000.000	1.446	15.708	-1.350	0.171	1.000	1.000	2.000	0.68277	0.665	0.344	0.159	0.284	26.154	-9.074	0.213	2.000	1.000	1.000	0.66260	-0.782	-0.048	0.074
23/07/2004	230000.000	0.724	-5.184	5.925	0.182	1.000	3.000	1.000	0.68179	0.803	0.393	0.159	0.334	29.915	-11.077	0.277	1.000	1.000	1.000	0.66556	-1.003	-0.076	-0.002
23/07/2004	233000.000	0.648	1.525	3.381	0.159	1.000	1.000	1.000	0.67173	1.012	0.430	0.134	0.261	23.812	-5.223	0.285	1.000	1.000	1.000	0.65817	-1.094	0.035	0.100
23/07/2004	(J+1)000000.000	0.551	5.378	4.411	0.144	1.000	1.000	1.000	0.66800	1.225	0.459	0.182	0.215	24.824	-3.675	0.282	1.000	1.000	1.000	0.65626	-1.261	0.076	0.176
