12/10/2004	003000.000	0.131	23.826	16.828	0.256	+9999	1.000	+9999	0.73575	-1.771	-0.058	-0.197	0.403	19.613	25.774	0.225	5.000	1.000	3.000	0.67851	0.554	-0.555	-0.070
12/10/2004	010000.000	0.131	23.826	16.828	0.245	1.000	1.000	1.000	0.69870	-1.853	-0.035	-0.150	0.075	25.101	11.591	0.235	3.000	1.000	1.000	0.67220	0.524	-0.665	-0.062
12/10/2004	013000.000	0.075	23.507	10.633	0.256	3.000	1.000	2.000	0.69155	-1.717	-0.072	-0.133	0.011	23.453	8.259	0.275	3.000	1.000	1.000	0.67293	0.410	-0.621	-0.077
12/10/2004	020000.000	0.083	15.863	6.016	0.200	1.000	1.000	1.000	0.69374	-1.215	0.175	-0.015	0.108	20.469	9.963	0.262	1.000	1.000	1.000	0.67438	0.412	-0.873	-0.184
12/10/2004	023000.000	0.334	22.490	-8.393	0.246	1.000	1.000	4.000	0.70679	-1.177	0.177	-0.076	0.290	20.588	31.398	0.246	1.000	1.000	1.000	0.68831	0.396	-0.677	-0.106
12/10/2004	030000.000	0.154	11.842	13.287	0.192	1.000	1.000	2.000	0.72427	-1.153	0.040	0.021	0.121	24.784	15.236	0.234	3.000	1.000	2.000	0.67982	0.354	-0.705	-0.072
12/10/2004	033000.000	0.164	13.098	6.866	0.180	2.000	1.000	1.000	0.70320	-1.247	0.033	-0.119	0.112	26.601	8.419	0.229	1.000	1.000	1.000	0.68037	0.263	-0.620	-0.043
12/10/2004	040000.000	0.382	17.995	7.458	0.187	1.000	1.000	1.000	0.70669	-1.270	0.063	-0.034	0.142	25.780	7.930	0.242	1.000	1.000	1.000	0.68409	0.462	-0.821	-0.127
12/10/2004	043000.000	0.577	18.849	10.946	0.215	1.000	1.000	1.000	0.71028	-1.284	-0.057	0.002	0.262	22.305	7.590	0.221	1.000	1.000	1.000	0.68689	0.373	-0.765	-0.112
12/10/2004	050000.000	1.091	18.590	15.426	0.206	1.000	2.000	1.000	0.71468	-0.852	0.093	0.019	1.089	35.919	9.032	0.221	1.000	1.000	1.000	0.69054	0.121	-0.587	-0.065
12/10/2004	053000.000	1.036	14.805	14.269	0.213	1.000	1.000	1.000	0.72090	-1.052	0.096	-0.012	0.218	17.718	6.736	0.258	1.000	1.000	1.000	0.69239	0.279	-0.792	-0.132
12/10/2004	060000.000	2.832	49.258	21.186	0.257	1.000	1.000	1.000	0.73025	-1.302	0.027	-0.047	0.526	27.950	7.944	0.244	2.000	1.000	1.000	0.69963	0.301	-0.526	-0.058
12/10/2004	063000.000	0.939	22.102	2.028	0.179	1.000	1.000	1.000	0.73433	-0.854	0.258	0.084	0.175	19.344	2.591	0.218	1.000	1.000	1.000	0.70343	0.091	-0.667	-0.119
12/10/2004	070000.000	1.223	18.480	0.671	0.147	1.000	1.000	7.000	0.75518	-0.606	0.232	0.083	0.632	35.928	3.091	0.171	1.000	1.000	1.000	0.72032	-0.072	-0.527	-0.040
12/10/2004	073000.000	0.221	3.703	2.420	0.115	1.000	2.000	1.000	0.75400	-0.479	0.154	0.251	1.044	49.805	5.063	0.174	1.000	1.000	1.000	0.72399	-0.176	-0.397	0.050
12/10/2004	080000.000	1.229	29.994	4.245	0.162	1.000	2.000	2.000	0.74934	-0.603	0.200	0.136	1.320	68.280	5.887	0.198	3.000	2.000	1.000	0.72245	0.039	-0.402	0.060
12/10/2004	083000.000	1.847	28.174	8.729	0.132	3.000	2.000	3.000	0.74258	0.026	0.109	0.166	2.319	89.681	26.901	0.200	1.000	1.000	1.000	0.70647	-0.384	-0.277	0.014
12/10/2004	090000.000	1.522	20.419	-7.447	0.162	1.000	2.000	2.000	0.74471	0.491	0.227	0.234	0.995	60.597	-1.430	0.193	1.000	1.000	3.000	0.71249	-0.431	-0.121	0.073
12/10/2004	093000.000	1.798	27.053	0.345	0.120	1.000	1.000	9.000	0.74086	0.479	0.230	0.250	1.024	63.187	12.376	0.280	1.000	1.000	1.000	0.68783	-1.068	0.016	0.089
12/10/2004	100000.000	1.363	-4.842	-5.557	0.160	2.000	5.000	3.000	0.71942	0.916	0.262	0.277	2.096	110.563	35.735	0.351	1.000	1.000	1.000	0.67846	-1.006	-0.239	-0.015
12/10/2004	103000.000	1.196	16.844	2.571	0.164	1.000	2.000	4.000	0.71057	0.515	0.282	0.156	1.747	90.772	11.864	0.209	1.000	2.000	1.000	0.67232	-0.790	-0.107	0.063
12/10/2004	110000.000	2.047	50.643	8.143	0.128	1.000	1.000	1.000	0.69659	1.143	0.229	0.069	0.575	22.151	1.304	0.053	1.000	1.000	4.000	0.67751	-0.431	0.041	0.176
12/10/2004	113000.000	1.505	38.781	10.281	0.082	2.000	2.000	2.000	0.69654	0.987	0.199	0.153	0.615	26.704	-1.331	0.115	1.000	1.000	3.000	0.67231	-0.492	0.007	0.161
12/10/2004	120000.000	2.734	85.780	13.984	0.161	1.000	1.000	1.000	0.69367	0.805	0.015	0.136	0.830	42.268	-1.803	0.097	1.000	1.000	6.000	0.66980	-0.437	0.004	0.109
12/10/2004	123000.000	1.741	62.234	27.950	0.159	2.000	2.000	3.000	0.69288	0.582	-0.084	0.111	1.300	44.291	2.031	0.106	1.000	1.000	4.000	0.67289	-0.214	0.052	0.172
12/10/2004	130000.000	2.367	53.925	12.004	0.132	1.000	1.000	1.000	0.70137	0.946	0.068	0.169	1.210	46.075	16.526	0.098	1.000	1.000	1.000	0.67111	-0.759	0.060	0.147
12/10/2004	133000.000	1.644	15.132	2.335	0.183	1.000	2.000	2.000	0.70358	0.946	0.293	0.191	1.517	62.775	7.294	0.231	1.000	1.000	2.000	0.67058	-0.713	0.008	0.128
12/10/2004	140000.000	1.849	33.731	3.909	0.194	1.000	1.000	2.000	0.69267	1.416	0.340	0.242	0.634	23.208	-1.778	0.070	1.000	1.000	6.000	0.66789	-0.880	0.034	0.233
12/10/2004	143000.000	0.921	-9.389	4.078	0.316	1.000	2.000	6.000	0.68907	2.203	0.678	0.416	0.657	20.123	-2.598	0.103	1.000	2.000	6.000	0.66610	-1.380	0.218	0.460
12/10/2004	150000.000	1.267	4.791	-3.635	0.348	1.000	4.000	7.000	0.69372	2.290	0.613	0.323	0.741	25.644	-1.922	0.138	1.000	1.000	1.000	0.67261	-1.232	0.141	0.385
12/10/2004	153000.000	2.221	36.335	4.389	0.310	1.000	1.000	5.000	0.69965	2.250	0.625	0.290	0.523	10.717	-0.776	0.110	1.000	1.000	9.000	0.67266	-1.354	0.172	0.452
12/10/2004	160000.000	1.952	48.057	4.664	0.228	1.000	1.000	3.000	0.69816	2.481	0.597	0.288	0.295	8.469	-6.169	0.195	3.000	4.000	2.000	0.67533	-0.973	0.095	0.355
12/10/2004	163000.000	0.842	12.808	-4.146	0.202	1.000	1.000	3.000	0.70216	1.848	0.516	0.266	0.407	12.114	-3.229	0.097	1.000	1.000	1.000	0.67827	-1.169	0.162	0.384
12/10/2004	170000.000	1.108	26.110	-3.644	0.237	1.000	1.000	4.000	0.70624	1.853	0.516	0.291	0.514	19.861	-5.155	0.033	1.000	1.000	1.000	0.67972	-1.213	0.149	0.362
12/10/2004	173000.000	0.378	-10.741	-2.575	0.228	1.000	1.000	1.000	0.70988	1.156	0.410	0.256	1.102	50.589	-0.307	0.313	1.000	1.000	7.000	0.67890	-1.407	-0.039	0.128
12/10/2004	180000.000	1.108	-10.902	8.721	0.157	1.000	1.000	3.000	0.72259	0.458	0.327	0.199	1.641	88.691	29.756	0.428	1.000	1.000	3.000	0.67929	-1.139	-0.341	-0.047
12/10/2004	183000.000	+9999	-7.278	+9999	0.331	+9999	6.000	+9999	0.72592	-0.189	0.202	0.177	+9999	65.605	+9999	0.281	+9999	1.000	+9999	+9999	-0.729	-0.370	-0.018
12/10/2004	190000.000	+9999	24.719	+9999	0.346	+9999	4.000	+9999	+9999	0.926	0.264	0.135	+9999	76.702	+9999	0.329	+9999	1.000	+9999	+9999	-1.039	-0.321	-0.035
12/10/2004	193000.000	+9999	-12.656	+9999	0.144	+9999	2.000	+9999	+9999	0.157	0.238	0.219	+9999	75.961	+9999	0.368	+9999	1.000	+9999	+9999	-0.888	-0.357	0.027
12/10/2004	200000.000	+9999	-26.207	+9999	0.151	+9999	1.000	+9999	+9999	0.397	0.339	0.208	+9999	63.268	+9999	0.405	+9999	1.000	+9999	+9999	-1.329	-0.337	-0.004
12/10/2004	203000.000	+9999	-12.570	+9999	0.121	+9999	1.000	+9999	+9999	-0.053	0.195	0.196	+9999	58.275	+9999	0.385	+9999	1.000	+9999	+9999	-0.988	-0.450	-0.005
12/10/2004	210000.000	+9999	-6.736	+9999	0.166	+9999	2.000	+9999	+9999	-0.630	0.293	0.315	+9999	46.954	+9999	0.306	+9999	1.000	+9999	+9999	-0.430	-0.589	0.025
12/10/2004	213000.000	+9999	-0.451	+9999	0.091	+9999	1.000	+9999	+9999	-0.998	0.375	0.247	+9999	33.572	+9999	0.288	+9999	1.000	+9999	+9999	-0.039	-0.781	-0.052
12/10/2004	220000.000	+9999	7.389	+9999	0.129	+9999	1.000	+9999	+9999	-0.986	0.429	0.165	+9999	25.454	+9999	0.323	+9999	1.000	+9999	+9999	0.055	-0.730	-0.036
12/10/2004	223000.000	+9999	6.405	+9999	0.170	+9999	1.000	+9999	+9999	-0.877	0.284	0.102	+9999	23.199	+9999	0.272	+9999	1.000	+9999	+9999	0.086	-0.739	-0.098
12/10/2004	230000.000	+9999	2.907	+9999	0.171	+9999	2.000	+9999	+9999	-1.198	0.361	0.022	+9999	25.166	+9999	0.329	+9999	1.000	+9999	+9999	0.187	-0.863	-0.139
12/10/2004	233000.000	+9999	6.304	+9999	0.194	+9999	2.000	+9999	+9999	-1.205	0.385	0.121	+9999	33.078	+9999	0.354	+9999	1.000	+9999	+9999	0.154	-0.936	-0.113
12/10/2004	(J+1)000000.000	+9999	-4.144	+9999	0.096	+9999	1.000	+9999	0.78812	-0.933	0.393	0.258	+9999	32.287	+9999	0.349	+9999	1.000	+9999	+9999	-0.017	-0.870	-0.049
