13/08/2004	003000.000	-9.999999e-99	-9.999999e-99	-9.999999e-99	-9.999999e-99	6.000	3.000	5.000	0.66366	-0.451	0.264	0.316	-9.999999e-99	-9.999999e-99	-9.999999e-99	-9.999999e-99	2.000	1.000	7.000	0.63251	-0.489	-0.535	0.005
13/08/2004	010000.000	-9.999999e-99	-9.999999e-99	-9.999999e-99	-9.999999e-99	2.000	1.000	6.000	0.66376	-0.020	0.195	0.200	-9.999999e-99	-9.999999e-99	-9.999999e-99	-9.999999e-99	1.000	1.000	1.000	0.63390	-0.660	-0.365	0.020
13/08/2004	013000.000	-9.999999e-99	-9.999999e-99	-9.999999e-99	-9.999999e-99	1.000	1.000	1.000	0.66411	0.043	0.251	0.196	-9.999999e-99	-9.999999e-99	-9.999999e-99	-9.999999e-99	6.000	1.000	2.000	0.63510	-0.815	-0.339	-0.041
13/08/2004	020000.000	-9.999999e-99	-9.999999e-99	-9.999999e-99	-9.999999e-99	1.000	2.000	5.000	0.66679	-0.055	0.247	0.229	-9.999999e-99	-9.999999e-99	-9.999999e-99	-9.999999e-99	6.000	2.000	1.000	0.63721	-0.768	-0.447	0.010
13/08/2004	023000.000	-9.999999e-99	-9.999999e-99	-9.999999e-99	-9.999999e-99	1.000	1.000	1.000	0.66910	0.108	0.194	0.195	-9.999999e-99	-9.999999e-99	-9.999999e-99	-9.999999e-99	1.000	1.000	1.000	0.63962	-0.670	-0.391	-0.006
13/08/2004	030000.000	-9.999999e-99	-9.999999e-99	-9.999999e-99	-9.999999e-99	5.000	2.000	2.000	0.67250	-0.067	0.207	0.198	-9.999999e-99	-9.999999e-99	-9.999999e-99	-9.999999e-99	1.000	1.000	1.000	0.64164	-0.734	-0.395	-0.064
13/08/2004	033000.000	-9.999999e-99	-9.999999e-99	-9.999999e-99	-9.999999e-99	6.000	1.000	6.000	0.67649	-0.117	0.200	0.260	-9.999999e-99	-9.999999e-99	-9.999999e-99	-9.999999e-99	1.000	1.000	2.000	0.64323	-0.465	-0.499	0.009
13/08/2004	040000.000	-9.999999e-99	-9.999999e-99	-9.999999e-99	-9.999999e-99	6.000	9.000	3.000	0.67755	-0.488	0.215	0.274	-9.999999e-99	-9.999999e-99	-9.999999e-99	-9.999999e-99	1.000	1.000	2.000	0.64527	-0.261	-0.501	0.040
13/08/2004	043000.000	-9.999999e-99	-9.999999e-99	-9.999999e-99	-9.999999e-99	2.000	6.000	1.000	0.68450	-0.499	0.220	0.277	-9.999999e-99	-9.999999e-99	-9.999999e-99	-9.999999e-99	1.000	1.000	3.000	0.64516	-0.324	-0.625	-0.039
13/08/2004	050000.000	-9.999999e-99	-9.999999e-99	-9.999999e-99	-9.999999e-99	1.000	2.000	1.000	0.68938	-0.387	0.272	0.301	-9.999999e-99	-9.999999e-99	-9.999999e-99	-9.999999e-99	1.000	1.000	1.000	0.65424	-0.337	-0.479	0.051
13/08/2004	053000.000	-9.999999e-99	-9.999999e-99	-9.999999e-99	-9.999999e-99	1.000	3.000	1.000	0.69390	-0.091	0.187	0.238	-9.999999e-99	-9.999999e-99	-9.999999e-99	-9.999999e-99	1.000	1.000	1.000	0.66059	-0.473	-0.377	0.053
13/08/2004	060000.000	-9.999999e-99	-9.999999e-99	-9.999999e-99	-9.999999e-99	2.000	2.000	2.000	0.69313	-0.281	0.205	0.275	-9.999999e-99	-9.999999e-99	-9.999999e-99	-9.999999e-99	1.000	1.000	1.000	0.65325	-0.573	-0.478	-0.013
13/08/2004	063000.000	-9.999999e-99	-9.999999e-99	-9.999999e-99	-9.999999e-99	5.000	5.000	1.000	0.69198	-0.375	0.238	0.270	-9.999999e-99	-9.999999e-99	-9.999999e-99	-9.999999e-99	1.000	1.000	1.000	0.65440	-0.558	-0.475	0.023
13/08/2004	070000.000	-9.999999e-99	-9.999999e-99	-9.999999e-99	-9.999999e-99	1.000	1.000	2.000	0.68883	0.009	0.279	0.270	-9.999999e-99	-9.999999e-99	-9.999999e-99	-9.999999e-99	1.000	1.000	1.000	0.64902	-0.921	-0.484	0.034
13/08/2004	073000.000	-9.999999e-99	-9.999999e-99	-9.999999e-99	-9.999999e-99	1.000	1.000	4.000	0.68070	0.312	0.423	0.164	-9.999999e-99	-9.999999e-99	-9.999999e-99	-9.999999e-99	1.000	1.000	2.000	0.63861	-1.677	-0.426	-0.186
13/08/2004	080000.000	-9.999999e-99	-9.999999e-99	-9.999999e-99	-9.999999e-99	2.000	2.000	1.000	0.68150	0.516	0.446	0.245	-9.999999e-99	-9.999999e-99	-9.999999e-99	-9.999999e-99	1.000	1.000	1.000	0.63859	-1.683	-0.426	-0.060
13/08/2004	083000.000	-9.999999e-99	-9.999999e-99	-9.999999e-99	-9.999999e-99	1.000	1.000	1.000	0.68396	0.871	0.422	0.248	-9.999999e-99	-9.999999e-99	-9.999999e-99	-9.999999e-99	1.000	1.000	1.000	0.64069	-1.612	-0.193	-0.050
13/08/2004	090000.000	-9.999999e-99	-9.999999e-99	-9.999999e-99	-9.999999e-99	1.000	1.000	1.000	0.68563	0.212	0.310	0.245	-9.999999e-99	-9.999999e-99	-9.999999e-99	-9.999999e-99	1.000	1.000	2.000	0.64231	-1.210	-0.416	-0.005
13/08/2004	093000.000	-9.999999e-99	-9.999999e-99	-9.999999e-99	-9.999999e-99	2.000	4.000	6.000	0.68649	0.622	0.261	0.271	-9.999999e-99	-9.999999e-99	-9.999999e-99	-9.999999e-99	2.000	2.000	3.000	0.64003	-0.798	-0.256	0.077
13/08/2004	100000.000	-9.999999e-99	-9.999999e-99	-9.999999e-99	-9.999999e-99	2.000	3.000	1.000	0.68420	0.575	0.396	0.270	-9.999999e-99	-9.999999e-99	-9.999999e-99	-9.999999e-99	1.000	1.000	4.000	0.63589	-1.408	-0.176	0.002
13/08/2004	103000.000	-9.999999e-99	-9.999999e-99	-9.999999e-99	-9.999999e-99	2.000	2.000	3.000	0.67305	0.180	0.335	0.236	-9.999999e-99	-9.999999e-99	-9.999999e-99	-9.999999e-99	1.000	1.000	2.000	0.62802	-1.291	-0.474	-0.059
13/08/2004	110000.000	-9.999999e-99	-9.999999e-99	-9.999999e-99	-9.999999e-99	1.000	6.000	5.000	0.66944	0.775	0.478	0.302	-9.999999e-99	-9.999999e-99	-9.999999e-99	-9.999999e-99	1.000	1.000	1.000	0.62142	-1.761	-0.238	-0.037
13/08/2004	113000.000	-9.999999e-99	-9.999999e-99	-9.999999e-99	-9.999999e-99	1.000	3.000	6.000	0.66644	0.662	0.448	0.291	-9.999999e-99	-9.999999e-99	-9.999999e-99	-9.999999e-99	1.000	1.000	3.000	0.62087	-1.624	-0.362	-0.048
13/08/2004	120000.000	-9.999999e-99	-9.999999e-99	-9.999999e-99	-9.999999e-99	1.000	1.000	2.000	0.66460	1.385	0.534	0.234	-9.999999e-99	-9.999999e-99	-9.999999e-99	-9.999999e-99	1.000	1.000	4.000	0.62286	-1.473	-0.088	0.051
13/08/2004	123000.000	-9.999999e-99	-9.999999e-99	-9.999999e-99	-9.999999e-99	2.000	3.000	1.000	0.66356	0.351	0.448	0.332	-9.999999e-99	-9.999999e-99	-9.999999e-99	-9.999999e-99	1.000	1.000	2.000	0.61505	-1.521	-0.548	-0.022
13/08/2004	130000.000	-9.999999e-99	-9.999999e-99	-9.999999e-99	-9.999999e-99	1.000	1.000	1.000	0.66128	1.429	0.585	0.245	-9.999999e-99	-9.999999e-99	-9.999999e-99	-9.999999e-99	1.000	1.000	4.000	0.61995	-1.554	0.018	0.256
13/08/2004	133000.000	-9.999999e-99	-9.999999e-99	-9.999999e-99	-9.999999e-99	1.000	1.000	2.000	0.66370	1.444	0.521	0.319	-9.999999e-99	-9.999999e-99	-9.999999e-99	-9.999999e-99	1.000	1.000	4.000	0.61568	-1.502	-0.160	0.208
13/08/2004	140000.000	-9.999999e-99	-9.999999e-99	-9.999999e-99	-9.999999e-99	1.000	1.000	1.000	0.66294	1.255	0.596	0.299	-9.999999e-99	-9.999999e-99	-9.999999e-99	-9.999999e-99	1.000	1.000	1.000	0.61584	-1.836	-0.338	-0.013
13/08/2004	143000.000	-9.999999e-99	-9.999999e-99	-9.999999e-99	-9.999999e-99	1.000	1.000	3.000	0.65884	1.937	0.742	0.354	-9.999999e-99	-9.999999e-99	-9.999999e-99	-9.999999e-99	1.000	2.000	2.000	0.61644	-2.161	0.085	0.193
13/08/2004	150000.000	-9.999999e-99	-9.999999e-99	-9.999999e-99	-9.999999e-99	1.000	3.000	1.000	0.65401	2.089	0.708	0.424	-9.999999e-99	-9.999999e-99	-9.999999e-99	-9.999999e-99	1.000	1.000	5.000	0.61372	-1.776	-0.062	0.359
13/08/2004	153000.000	-9.999999e-99	-9.999999e-99	-9.999999e-99	-9.999999e-99	1.000	1.000	7.000	0.65618	2.636	0.719	0.306	-9.999999e-99	-9.999999e-99	-9.999999e-99	-9.999999e-99	1.000	1.000	2.000	0.61466	-1.637	0.096	0.376
13/08/2004	160000.000	-9.999999e-99	-9.999999e-99	-9.999999e-99	-9.999999e-99	1.000	1.000	6.000	0.65179	2.895	0.772	0.398	-9.999999e-99	-9.999999e-99	-9.999999e-99	-9.999999e-99	1.000	1.000	1.000	0.61375	-1.823	0.093	0.508
13/08/2004	163000.000	-9.999999e-99	-9.999999e-99	-9.999999e-99	-9.999999e-99	1.000	1.000	1.000	0.65051	3.013	0.834	0.412	-9.999999e-99	-9.999999e-99	-9.999999e-99	-9.999999e-99	3.000	6.000	1.000	0.61696	-1.580	0.159	0.529
13/08/2004	170000.000	-9.999999e-99	-9.999999e-99	-9.999999e-99	-9.999999e-99	2.000	2.000	1.000	0.65358	2.176	0.702	0.279	-9.999999e-99	-9.999999e-99	-9.999999e-99	-9.999999e-99	1.000	1.000	4.000	0.61609	-1.610	0.024	0.318
13/08/2004	173000.000	-9.999999e-99	-9.999999e-99	-9.999999e-99	-9.999999e-99	1.000	1.000	1.000	0.65418	1.678	0.653	0.314	-9.999999e-99	-9.999999e-99	-9.999999e-99	-9.999999e-99	1.000	1.000	4.000	0.61579	-1.819	0.048	0.266
13/08/2004	180000.000	-9.999999e-99	-9.999999e-99	-9.999999e-99	-9.999999e-99	1.000	1.000	3.000	0.65579	1.681	0.691	0.348	-9.999999e-99	-9.999999e-99	-9.999999e-99	-9.999999e-99	1.000	1.000	1.000	0.61786	-2.077	0.017	0.203
13/08/2004	183000.000	-9.999999e-99	-9.999999e-99	-9.999999e-99	-9.999999e-99	1.000	1.000	1.000	0.65581	1.669	0.644	0.322	-9.999999e-99	-9.999999e-99	-9.999999e-99	-9.999999e-99	1.000	1.000	1.000	0.61928	-2.056	0.137	0.268
13/08/2004	190000.000	-9.999999e-99	-9.999999e-99	-9.999999e-99	-9.999999e-99	1.000	1.000	6.000	0.65815	1.487	0.596	0.238	-9.999999e-99	-9.999999e-99	-9.999999e-99	-9.999999e-99	1.000	1.000	1.000	0.62212	-1.556	-0.019	0.162
13/08/2004	193000.000	-9.999999e-99	-9.999999e-99	-9.999999e-99	-9.999999e-99	1.000	1.000	6.000	0.65495	1.790	0.518	0.200	-9.999999e-99	-9.999999e-99	-9.999999e-99	-9.999999e-99	1.000	2.000	9.000	0.62246	-0.944	0.094	0.341
13/08/2004	200000.000	-9.999999e-99	-9.999999e-99	-9.999999e-99	-9.999999e-99	1.000	1.000	1.000	0.65440	1.542	0.459	0.162	-9.999999e-99	-9.999999e-99	-9.999999e-99	-9.999999e-99	1.000	1.000	1.000	0.62377	-0.934	0.063	0.327
13/08/2004	203000.000	-9.999999e-99	-9.999999e-99	-9.999999e-99	-9.999999e-99	1.000	1.000	1.000	0.66113	1.219	0.386	0.120	-9.999999e-99	-9.999999e-99	-9.999999e-99	-9.999999e-99	1.000	1.000	1.000	0.62593	-0.807	0.078	0.288
13/08/2004	210000.000	-9.999999e-99	-9.999999e-99	-9.999999e-99	-9.999999e-99	1.000	1.000	1.000	0.66193	1.138	0.431	0.054	-9.999999e-99	-9.999999e-99	-9.999999e-99	-9.999999e-99	3.000	3.000	2.000	0.62902	-0.875	0.071	0.282
13/08/2004	213000.000	-9.999999e-99	-9.999999e-99	-9.999999e-99	-9.999999e-99	1.000	4.000	1.000	0.66436	1.206	0.418	0.107	-9.999999e-99	-9.999999e-99	-9.999999e-99	-9.999999e-99	3.000	1.000	1.000	0.63038	-0.845	0.095	0.234
13/08/2004	220000.000	-9.999999e-99	-9.999999e-99	-9.999999e-99	-9.999999e-99	1.000	1.000	1.000	0.66819	1.154	0.375	0.095	-9.999999e-99	-9.999999e-99	-9.999999e-99	-9.999999e-99	1.000	1.000	1.000	0.63400	-0.603	0.052	0.220
13/08/2004	223000.000	-9.999999e-99	-9.999999e-99	-9.999999e-99	-9.999999e-99	1.000	1.000	1.000	0.66963	1.104	0.349	0.096	-9.999999e-99	-9.999999e-99	-9.999999e-99	-9.999999e-99	2.000	1.000	1.000	0.63386	-0.897	0.047	0.280
13/08/2004	230000.000	-9.999999e-99	-9.999999e-99	-9.999999e-99	-9.999999e-99	1.000	1.000	1.000	0.67161	1.128	0.313	0.040	-9.999999e-99	-9.999999e-99	-9.999999e-99	-9.999999e-99	3.000	1.000	1.000	0.63785	-0.466	0.040	0.172
13/08/2004	233000.000	-9.999999e-99	-9.999999e-99	-9.999999e-99	-9.999999e-99	1.000	7.000	1.000	0.67425	1.051	0.332	0.000	-9.999999e-99	-9.999999e-99	-9.999999e-99	-9.999999e-99	6.000	4.000	2.000	0.64053	-0.439	0.008	0.166
13/08/2004	(J+1)000000.000	-9.999999e-99	-9.999999e-99	-9.999999e-99	-9.999999e-99	1.000	3.000	1.000	0.67520	0.882	0.359	0.003	-9.999999e-99	-9.999999e-99	-9.999999e-99	-9.999999e-99	2.000	2.000	3.000	0.64112	-0.553	0.029	0.187
