26/08/2004	003000.000	0.125	-23.214	3.560	0.302	1.000	1.000	2.000	0.65937	0.475	0.574	0.282	0.284	62.453	-3.760	0.738	2.000	1.000	1.000	0.61169	-2.334	-0.709	-0.098
26/08/2004	010000.000	-0.025	-48.994	8.557	0.346	2.000	1.000	5.000	0.66040	1.426	0.663	0.411	0.160	33.493	34.206	0.654	2.000	4.000	5.000	0.61243	-2.216	-0.495	0.035
26/08/2004	013000.000	+9999	-24.362	+9999	0.305	+9999	1.000	+9999	0.66658	1.895	0.707	0.305	+9999	30.942	+9999	0.336	+9999	2.000	+9999	0.61477	-1.846	0.122	0.367
26/08/2004	020000.000	+9999	-54.664	+9999	0.268	+9999	1.000	+9999	+9999	1.378	0.612	0.136	+9999	85.258	+9999	0.544	+9999	1.000	+9999	+9999	-1.900	-0.209	0.032
26/08/2004	023000.000	+9999	-45.681	+9999	0.244	+9999	1.000	+9999	+9999	0.885	0.475	0.158	+9999	60.534	+9999	0.467	+9999	1.000	+9999	+9999	-1.402	-0.376	0.013
26/08/2004	030000.000	+9999	-33.529	+9999	0.228	+9999	1.000	+9999	+9999	0.750	0.478	0.240	+9999	60.350	+9999	0.631	+9999	1.000	+9999	+9999	-1.905	-0.560	-0.105
26/08/2004	033000.000	+9999	-65.950	+9999	0.294	+9999	1.000	+9999	+9999	1.109	0.539	0.198	+9999	60.703	+9999	0.494	+9999	1.000	+9999	+9999	-1.528	-0.380	0.041
26/08/2004	040000.000	+9999	-45.285	+9999	0.186	+9999	1.000	+9999	+9999	0.221	0.425	0.232	+9999	62.609	+9999	0.685	+9999	1.000	+9999	+9999	-1.948	-0.678	-0.165
26/08/2004	043000.000	+9999	-25.081	+9999	0.168	+9999	1.000	+9999	+9999	0.166	0.361	0.251	0.764	49.008	28.179	0.595	4.000	1.000	6.000	0.69869	-1.517	-0.580	-0.077
26/08/2004	050000.000	+9999	-34.191	+9999	0.211	+9999	1.000	+9999	+9999	0.274	0.383	0.228	0.555	50.392	21.514	0.601	1.000	1.000	1.000	0.61653	-1.595	-0.579	-0.136
26/08/2004	053000.000	+9999	-14.379	+9999	0.180	+9999	1.000	+9999	+9999	-0.055	0.364	0.245	0.417	46.132	11.728	0.570	1.000	1.000	1.000	0.61664	-1.847	-0.644	-0.227
26/08/2004	060000.000	+9999	-8.339	+9999	0.180	+9999	1.000	+9999	+9999	0.003	0.292	0.240	0.376	56.016	3.211	0.622	1.000	1.000	1.000	0.61823	-1.663	-0.635	-0.157
26/08/2004	063000.000	+9999	-31.841	+9999	0.244	+9999	1.000	+9999	+9999	0.116	0.409	0.215	0.747	74.742	5.761	0.644	1.000	1.000	2.000	0.61799	-1.853	-0.675	-0.113
26/08/2004	070000.000	+9999	-20.994	+9999	0.258	+9999	1.000	+9999	+9999	0.572	0.425	0.204	0.688	85.952	-8.392	0.541	1.000	1.000	3.000	0.62183	-1.551	-0.529	-0.010
26/08/2004	073000.000	+9999	-28.725	+9999	0.235	+9999	1.000	+9999	+9999	0.864	0.501	0.277	1.188	116.115	5.373	0.623	1.000	1.000	1.000	0.61663	-2.050	-0.433	-0.093
26/08/2004	080000.000	+9999	-41.992	+9999	0.321	+9999	1.000	+9999	+9999	1.108	0.565	0.256	1.419	141.055	1.627	0.619	1.000	1.000	6.000	0.61544	-2.076	-0.373	-0.017
26/08/2004	083000.000	+9999	-27.948	+9999	0.242	+9999	1.000	+9999	+9999	1.454	0.624	0.365	0.934	104.973	-13.535	0.559	1.000	1.000	2.000	0.61248	-2.191	0.049	0.147
26/08/2004	090000.000	+9999	-60.958	+9999	0.392	+9999	2.000	+9999	+9999	2.092	0.714	0.390	1.015	94.928	-10.058	0.497	1.000	1.000	3.000	0.61239	-2.190	0.095	0.324
26/08/2004	093000.000	+9999	-51.942	+9999	0.316	+9999	1.000	+9999	+9999	1.540	0.624	0.363	1.505	154.606	16.098	0.593	1.000	1.000	3.000	0.61058	-2.300	-0.047	0.092
26/08/2004	100000.000	+9999	-35.920	+9999	0.258	+9999	1.000	+9999	+9999	1.197	0.566	0.369	1.614	151.288	4.188	0.603	1.000	1.000	4.000	0.61182	-2.116	-0.165	0.084
26/08/2004	103000.000	+9999	-53.489	+9999	0.329	+9999	1.000	+9999	+9999	1.570	0.614	0.364	1.178	99.757	3.712	0.477	1.000	1.000	6.000	0.61200	-1.935	-0.022	0.226
26/08/2004	110000.000	+9999	-34.995	+9999	0.268	+9999	1.000	+9999	+9999	0.969	0.515	0.275	2.199	173.299	28.384	0.565	1.000	1.000	1.000	0.61152	-1.800	-0.372	-0.019
26/08/2004	113000.000	+9999	-39.147	+9999	0.272	+9999	1.000	+9999	0.65940	1.746	0.651	0.285	1.351	95.569	5.189	0.411	1.000	1.000	4.000	0.61247	-1.539	-0.002	0.272
26/08/2004	120000.000	+9999	-66.836	+9999	0.361	+9999	1.000	+9999	+9999	1.784	0.687	0.409	1.521	175.905	4.761	0.574	1.000	1.000	6.000	0.60510	-1.828	-0.217	0.200
26/08/2004	123000.000	+9999	-32.977	+9999	0.311	+9999	3.000	+9999	+9999	1.480	0.635	0.311	1.655	236.664	5.711	0.615	1.000	1.000	1.000	0.60241	-2.262	-0.106	0.114
26/08/2004	130000.000	+9999	1.479	+9999	0.180	+9999	7.000	+9999	+9999	0.609	0.488	0.354	1.744	321.161	20.279	0.681	1.000	1.000	3.000	0.60302	-2.031	-0.630	-0.066
26/08/2004	133000.000	+9999	-2.570	+9999	0.272	+9999	5.000	+9999	+9999	1.508	0.562	0.365	1.378	105.013	-2.890	0.454	1.000	1.000	1.000	0.60778	-1.994	0.179	0.328
26/08/2004	140000.000	+9999	-22.144	+9999	0.299	+9999	1.000	+9999	+9999	2.040	0.592	0.338	0.956	60.702	-2.295	0.199	1.000	1.000	2.000	0.61094	-1.415	0.136	0.412
26/08/2004	143000.000	+9999	-26.335	+9999	0.343	+9999	3.000	+9999	+9999	1.221	0.490	0.232	2.298	111.786	3.602	0.342	1.000	1.000	3.000	0.60929	-1.421	0.024	0.215
26/08/2004	150000.000	+9999	-2.730	+9999	0.352	+9999	6.000	+9999	+9999	2.009	0.602	0.256	1.096	45.779	-5.213	0.239	1.000	1.000	3.000	0.61161	-1.125	0.081	0.304
26/08/2004	153000.000	+9999	68.929	+9999	0.288	+9999	1.000	+9999	+9999	2.566	0.552	0.344	0.945	27.001	-6.516	0.185	1.000	2.000	4.000	0.61313	-0.977	0.106	0.353
26/08/2004	160000.000	0.891	3.521	-5.804	0.269	1.000	1.000	1.000	0.66120	2.058	0.547	0.310	0.527	-0.472	-10.226	0.202	2.000	7.000	3.000	0.61115	-1.118	0.154	0.424
26/08/2004	163000.000	1.598	34.042	1.362	0.242	1.000	1.000	7.000	0.66027	2.254	0.568	0.239	0.649	23.145	-5.928	0.087	1.000	1.000	1.000	0.61206	-1.075	0.065	0.339
26/08/2004	170000.000	1.689	21.820	10.887	0.302	1.000	1.000	2.000	0.66251	2.321	0.584	0.247	0.445	3.462	-5.561	0.136	1.000	3.000	2.000	0.61187	-1.052	0.113	0.353
26/08/2004	173000.000	1.040	11.879	4.843	0.294	1.000	1.000	1.000	0.65849	2.134	0.574	0.341	0.117	-9.994	-6.247	0.241	3.000	2.000	1.000	0.60803	-1.147	0.135	0.399
26/08/2004	180000.000	1.096	14.708	5.581	0.267	1.000	1.000	1.000	0.65503	2.562	0.624	0.340	0.388	11.145	-7.824	0.149	1.000	2.000	2.000	0.60879	-0.732	0.108	0.309
26/08/2004	183000.000	0.430	0.745	0.023	0.262	1.000	6.000	8.000	0.65742	1.953	0.462	0.250	0.245	2.684	-2.969	0.150	2.000	3.000	2.000	0.60899	-0.942	0.098	0.333
26/08/2004	190000.000	0.625	5.836	5.265	0.168	1.000	1.000	2.000	0.66178	1.857	0.422	0.179	0.177	3.533	-2.031	0.128	1.000	1.000	2.000	0.61672	-0.590	0.060	0.251
26/08/2004	193000.000	0.950	13.381	4.661	0.172	1.000	1.000	1.000	0.66622	1.539	0.239	0.070	0.235	4.420	-5.713	0.065	2.000	1.000	1.000	0.61863	-0.387	0.037	0.129
26/08/2004	200000.000	0.673	10.572	3.097	0.165	1.000	1.000	1.000	0.66717	1.350	0.286	0.025	0.042	2.615	-0.894	0.081	1.000	1.000	1.000	0.61605	-0.508	0.037	0.200
26/08/2004	203000.000	0.594	10.621	4.674	0.149	1.000	1.000	1.000	0.67296	1.444	0.242	0.011	0.051	3.466	-1.053	0.105	2.000	1.000	1.000	0.62176	-0.491	0.058	0.188
26/08/2004	210000.000	0.406	6.803	3.055	0.120	1.000	1.000	1.000	0.67855	1.171	0.340	0.058	0.018	2.027	-0.025	0.078	4.000	2.000	7.000	0.62711	-0.582	0.061	0.245
26/08/2004	213000.000	0.581	7.537	1.209	0.139	1.000	1.000	2.000	0.68527	0.968	0.349	0.037	0.204	7.402	-1.064	0.065	1.000	1.000	1.000	0.63251	-0.626	0.067	0.205
26/08/2004	220000.000	0.209	7.280	1.623	0.117	1.000	1.000	1.000	0.68641	1.061	0.302	0.023	0.040	4.512	-1.132	0.066	2.000	1.000	1.000	0.63494	-0.466	0.044	0.177
26/08/2004	223000.000	0.414	9.990	2.219	0.106	1.000	1.000	1.000	0.68830	1.474	0.290	-0.016	0.034	4.324	-2.133	0.057	2.000	1.000	1.000	0.63569	-0.364	0.034	0.105
26/08/2004	230000.000	0.500	13.386	4.642	0.171	1.000	1.000	1.000	0.69031	1.961	0.364	-0.120	0.026	10.268	-3.348	0.070	3.000	1.000	1.000	0.63628	-0.302	0.058	0.059
26/08/2004	233000.000	0.157	7.738	2.364	0.121	1.000	1.000	2.000	0.68933	1.035	0.239	-0.153	0.119	14.368	-0.631	0.100	1.000	1.000	6.000	0.64042	0.060	0.064	0.111
26/08/2004	(J+1)000000.000	0.270	23.419	-5.461	0.181	3.000	2.000	4.000	0.69504	-0.544	0.205	-0.038	0.125	25.990	-9.307	0.179	1.000	1.000	3.000	0.64216	0.165	-0.505	-0.060
