11/09/2004	003000.000	+9999	20.345	+9999	0.274	+9999	3.000	+9999	+9999	-1.385	-0.597	0.488	3.797	13.643	+9999	0.411	+9999	2.000	+9999	+9999	2.004	-0.166	-0.128
11/09/2004	010000.000	+9999	16.446	+9999	0.260	+9999	1.000	+9999	+9999	-0.712	-0.225	-0.113	3.797	13.643	+9999	0.257	4.000	2.000	4.000	0.83085	0.488	-0.157	-0.063
11/09/2004	013000.000	+9999	11.678	+9999	0.232	+9999	3.000	+9999	+9999	-0.541	-0.535	0.112	-0.575	18.692	-25.508	0.223	6.000	2.000	6.000	0.60991	0.932	0.025	0.042
11/09/2004	020000.000	+9999	13.325	+9999	0.259	+9999	1.000	+9999	+9999	-0.873	-0.492	0.092	0.227	17.360	8.759	0.232	1.000	1.000	1.000	0.60849	1.074	-0.029	-0.050
11/09/2004	023000.000	+9999	21.328	+9999	0.434	+9999	1.000	+9999	0.64670	-0.671	-0.808	-0.033	0.228	13.768	3.913	0.222	1.000	1.000	1.000	0.60877	1.038	0.027	0.121
11/09/2004	030000.000	0.211	10.289	6.280	0.258	2.000	1.000	1.000	0.64814	0.075	-0.406	0.198	0.162	12.082	2.009	0.138	1.000	1.000	1.000	0.61226	0.530	0.038	0.135
11/09/2004	033000.000	0.158	2.152	3.073	0.190	1.000	2.000	1.000	0.65273	0.403	-0.157	0.335	0.431	33.196	5.297	0.185	1.000	1.000	1.000	0.62024	0.202	0.054	0.151
11/09/2004	040000.000	0.288	18.615	5.534	0.111	2.000	2.000	4.000	0.65681	0.624	-0.118	0.395	0.180	18.060	4.230	0.046	1.000	1.000	1.000	0.62300	0.099	0.058	0.172
11/09/2004	043000.000	0.098	4.020	7.143	0.067	1.000	1.000	1.000	0.66521	0.531	-0.205	0.461	0.060	21.451	5.484	0.064	4.000	1.000	1.000	0.63078	0.182	0.090	0.188
11/09/2004	050000.000	0.208	8.668	7.046	0.083	2.000	2.000	3.000	0.67007	0.667	-0.067	0.249	0.070	10.083	2.132	0.045	2.000	1.000	1.000	0.63630	0.057	0.014	0.179
11/09/2004	053000.000	0.448	19.774	18.705	0.188	1.000	2.000	1.000	0.67666	1.044	-0.080	0.068	0.111	8.744	1.834	0.074	5.000	2.000	4.000	0.64658	-0.059	0.040	0.124
11/09/2004	060000.000	0.696	31.440	15.331	0.226	1.000	1.000	4.000	0.69120	1.385	-0.068	0.110	0.083	3.738	-1.277	0.026	1.000	4.000	5.000	0.65651	-0.335	0.056	0.178
11/09/2004	063000.000	1.165	30.657	23.745	0.185	1.000	1.000	1.000	0.69549	0.870	-0.112	0.073	0.319	10.354	-0.316	0.062	3.000	4.000	1.000	0.66188	-0.076	0.021	0.177
11/09/2004	070000.000	0.625	23.577	13.811	0.145	1.000	1.000	1.000	0.69460	1.113	-0.058	0.114	0.223	14.256	-3.404	0.060	3.000	2.000	1.000	0.66051	-0.194	0.067	0.112
11/09/2004	073000.000	0.872	48.967	8.435	0.173	1.000	1.000	1.000	0.70251	0.989	-0.115	0.034	0.243	7.198	-1.631	0.065	1.000	1.000	3.000	0.67399	-0.080	0.073	0.123
11/09/2004	080000.000	1.181	53.274	2.493	0.192	2.000	2.000	4.000	0.70110	0.246	-0.280	0.165	0.202	16.452	-0.149	0.063	2.000	1.000	6.000	0.67456	0.061	0.031	0.134
11/09/2004	083000.000	0.395	34.404	-1.131	0.136	2.000	1.000	6.000	0.69582	0.547	-0.162	0.185	0.753	21.292	-7.883	0.093	1.000	1.000	2.000	0.67564	0.188	0.029	0.174
11/09/2004	090000.000	0.675	34.060	-4.188	0.104	1.000	2.000	3.000	0.70504	0.491	-0.184	-0.051	1.059	25.429	-9.685	0.095	1.000	1.000	1.000	0.68440	0.089	0.037	0.168
11/09/2004	093000.000	1.510	47.335	-4.993	0.032	1.000	1.000	1.000	0.71523	0.850	0.001	0.173	0.381	8.103	-7.465	0.061	1.000	3.000	1.000	0.67608	-0.658	0.048	0.175
11/09/2004	100000.000	2.123	52.747	1.699	0.082	2.000	1.000	6.000	0.70675	0.869	0.072	0.178	0.051	-1.170	1.220	0.106	3.000	6.000	6.000	0.66720	-0.595	0.007	0.231
11/09/2004	103000.000	3.240	72.901	-9.436	0.147	1.000	1.000	1.000	0.71881	0.753	0.050	0.187	0.303	10.644	-6.675	0.052	1.000	1.000	1.000	0.66649	-0.633	0.019	0.190
11/09/2004	110000.000	2.768	74.463	-10.291	0.097	1.000	1.000	1.000	0.70380	0.948	0.176	0.151	0.484	20.884	-8.040	0.108	1.000	1.000	1.000	0.65568	-0.712	0.044	0.161
11/09/2004	113000.000	2.961	102.980	-6.627	0.164	1.000	1.000	2.000	0.68602	1.349	0.095	0.179	0.116	1.810	-7.837	0.103	4.000	7.000	1.000	0.64725	-0.432	0.037	0.187
11/09/2004	120000.000	1.982	49.910	-2.962	0.096	1.000	1.000	6.000	0.68789	0.342	0.116	0.128	1.613	62.325	-25.154	0.206	1.000	1.000	1.000	0.64130	-0.604	-0.037	0.062
11/09/2004	123000.000	3.084	17.108	65.681	0.271	1.000	3.000	3.000	0.65597	-0.561	-0.352	-0.001	1.818	26.338	37.845	0.271	1.000	1.000	1.000	0.61683	0.286	-0.048	0.042
11/09/2004	130000.000	2.157	53.571	26.063	0.376	1.000	1.000	1.000	0.64699	-1.038	-0.642	0.116	2.107	68.526	12.479	0.335	1.000	1.000	1.000	0.60628	1.283	-0.089	0.001
11/09/2004	133000.000	3.978	89.593	27.777	0.426	1.000	1.000	1.000	0.65117	-1.821	-0.202	0.181	2.189	85.276	23.351	0.338	1.000	1.000	2.000	0.60596	1.241	-0.409	-0.078
11/09/2004	140000.000	4.160	97.691	-18.687	0.365	1.000	1.000	1.000	0.65197	-1.875	-0.151	0.092	2.708	159.707	24.218	0.398	1.000	1.000	1.000	0.60039	1.346	-0.399	-0.200
11/09/2004	143000.000	4.603	160.257	-1.480	0.416	1.000	1.000	6.000	0.64822	-1.551	-0.488	-0.013	3.653	150.658	5.848	0.359	2.000	1.000	4.000	0.60514	1.138	-0.244	0.001
11/09/2004	150000.000	5.530	112.676	-23.857	0.260	1.000	1.000	2.000	0.65967	-1.069	0.022	0.109	2.861	98.158	0.376	0.275	2.000	1.000	9.000	0.60422	0.194	-0.632	-0.040
11/09/2004	153000.000	3.783	76.353	-9.807	0.250	1.000	1.000	2.000	0.66654	-0.881	0.109	0.216	1.688	88.389	2.735	0.290	1.000	1.000	2.000	0.59951	-0.100	-0.692	-0.049
11/09/2004	160000.000	2.701	40.111	-18.040	0.185	1.000	1.000	1.000	0.66374	-0.664	0.154	0.269	2.271	57.828	-2.653	0.235	2.000	1.000	3.000	0.60454	0.008	-0.518	0.008
11/09/2004	163000.000	2.270	18.566	-14.197	0.128	1.000	1.000	1.000	0.68946	0.085	0.215	0.274	3.591	65.028	-16.624	0.354	1.000	1.000	1.000	0.61510	-0.746	-0.487	0.003
11/09/2004	170000.000	0.855	4.373	-10.013	0.209	2.000	4.000	1.000	0.67378	0.131	0.225	0.249	3.194	76.908	-23.066	0.480	1.000	1.000	1.000	0.61135	-1.306	-0.460	-0.079
11/09/2004	173000.000	2.109	17.261	10.164	0.264	1.000	1.000	2.000	0.67502	0.816	0.391	0.228	2.101	41.614	-4.038	0.366	1.000	1.000	4.000	0.61762	-1.279	-0.187	0.015
11/09/2004	180000.000	1.793	5.565	-15.080	0.233	1.000	1.000	1.000	0.67573	0.595	0.336	0.192	1.515	29.126	-11.267	0.306	1.000	1.000	1.000	0.62223	-0.981	-0.197	0.027
11/09/2004	183000.000	1.074	8.782	6.528	0.203	1.000	1.000	1.000	0.67402	0.812	0.347	0.145	0.879	18.587	-9.811	0.293	1.000	1.000	1.000	0.62302	-1.167	-0.108	0.003
11/09/2004	190000.000	0.969	-12.518	8.978	0.233	1.000	1.000	3.000	0.67215	0.391	0.324	0.189	2.727	22.177	116.592	0.411	3.000	1.000	5.000	0.64624	-1.342	-0.385	-0.069
11/09/2004	193000.000	+9999	14.191	+9999	0.245	+9999	5.000	+9999	+9999	1.924	0.533	0.212	+9999	25.249	+9999	0.341	+9999	1.000	+9999	0.73403	-1.338	-0.062	0.227
11/09/2004	200000.000	+9999	-21.523	+9999	0.430	+9999	3.000	+9999	+9999	2.839	0.611	0.070	+9999	3.964	+9999	0.157	+9999	2.000	+9999	+9999	-1.093	0.117	0.379
11/09/2004	203000.000	+9999	-0.776	+9999	0.324	+9999	3.000	+9999	+9999	2.227	0.564	0.278	+9999	6.567	+9999	0.149	+9999	2.000	+9999	0.79159	-1.105	0.117	0.387
11/09/2004	210000.000	+9999	-3.593	+9999	0.224	+9999	1.000	+9999	+9999	1.660	0.464	0.240	+9999	8.733	+9999	0.081	+9999	1.000	+9999	0.73268	-1.065	0.111	0.311
11/09/2004	213000.000	+9999	-20.537	+9999	0.191	+9999	6.000	+9999	+9999	1.761	0.472	0.123	+9999	4.526	+9999	0.087	+9999	1.000	+9999	+9999	-0.954	0.108	0.301
11/09/2004	220000.000	+9999	-3.676	+9999	0.187	+9999	2.000	+9999	+9999	0.988	0.395	0.068	+9999	20.408	+9999	0.173	+9999	1.000	+9999	+9999	-0.873	0.014	0.184
11/09/2004	223000.000	+9999	-1.902	+9999	0.160	+9999	1.000	+9999	+9999	1.058	0.344	0.158	+9999	27.544	+9999	0.242	+9999	1.000	+9999	+9999	-1.005	0.018	0.123
11/09/2004	230000.000	+9999	-2.023	+9999	0.194	+9999	3.000	+9999	+9999	1.317	0.446	0.189	+9999	16.388	+9999	0.115	+9999	1.000	+9999	+9999	-0.998	0.063	0.267
11/09/2004	233000.000	+9999	-13.189	+9999	0.219	+9999	1.000	+9999	+9999	1.616	0.564	0.250	+9999	29.102	+9999	0.295	+9999	1.000	+9999	0.92339	-1.445	0.083	0.262
11/09/2004	(J+1)000000.000	+9999	-5.015	+9999	0.223	+9999	1.000	+9999	+9999	1.552	0.552	0.250	-0.691	22.427	-34.416	0.228	5.000	1.000	1.000	0.69591	-1.550	0.134	0.348
