22/08/2004	003000.000	0.633	12.139	14.164	0.240	1.000	1.000	1.000	0.68022	-0.608	-0.460	0.137	0.190	14.273	6.441	0.197	2.000	2.000	3.000	0.64328	1.162	0.033	-0.020
22/08/2004	010000.000	0.489	20.132	11.074	0.308	1.000	1.000	1.000	0.67726	-0.681	-0.536	0.165	0.214	13.662	5.001	0.226	1.000	2.000	1.000	0.64112	1.353	0.073	-0.007
22/08/2004	013000.000	0.255	18.887	7.555	0.181	2.000	1.000	3.000	0.68838	-0.944	-0.395	0.186	0.227	26.314	6.727	0.160	1.000	1.000	2.000	0.65265	1.158	0.011	-0.119
22/08/2004	020000.000	0.198	8.132	2.352	0.076	1.000	1.000	2.000	0.69434	-0.776	-0.177	0.185	0.222	32.283	6.732	0.216	1.000	1.000	1.000	0.65578	1.088	0.070	-0.118
22/08/2004	023000.000	0.138	7.111	2.218	0.048	1.000	1.000	3.000	0.69061	-0.878	-0.259	0.212	0.298	28.380	10.532	0.230	1.000	1.000	1.000	0.65232	1.126	0.002	-0.156
22/08/2004	030000.000	0.231	29.446	-0.211	0.175	2.000	1.000	7.000	0.70207	-1.126	-0.160	0.045	0.048	36.638	0.820	0.204	6.000	1.000	2.000	0.66423	0.527	-0.256	-0.012
22/08/2004	033000.000	0.252	11.435	7.708	0.178	1.000	3.000	1.000	0.70559	-0.257	-0.290	0.188	0.149	16.191	1.586	0.144	1.000	2.000	3.000	0.66749	0.713	-0.009	0.084
22/08/2004	040000.000	0.305	15.337	6.860	0.144	3.000	1.000	4.000	0.69574	-0.331	-0.241	0.191	0.250	43.996	-1.101	0.204	3.000	3.000	6.000	0.65953	0.718	0.011	0.049
22/08/2004	043000.000	0.197	23.148	1.709	0.144	1.000	1.000	2.000	0.71061	-0.923	-0.334	0.256	0.116	27.371	2.156	0.236	2.000	1.000	2.000	0.67204	1.409	-0.006	-0.160
22/08/2004	050000.000	0.017	2.888	1.127	0.126	6.000	2.000	1.000	0.70608	0.565	-0.147	0.392	0.102	17.007	1.442	0.036	2.000	2.000	2.000	0.67003	0.379	0.009	0.195
22/08/2004	053000.000	0.189	10.480	0.300	0.076	1.000	1.000	9.000	0.70989	-0.097	-0.187	0.402	0.236	26.760	2.755	0.160	4.000	2.000	6.000	0.67354	0.909	0.004	0.019
22/08/2004	060000.000	0.299	22.724	3.465	0.120	1.000	1.000	1.000	0.72776	-1.090	-0.188	0.159	0.274	46.035	5.468	0.254	1.000	1.000	1.000	0.68711	1.153	-0.077	-0.161
22/08/2004	063000.000	0.378	28.257	8.442	0.101	1.000	1.000	2.000	0.74132	-0.808	-0.247	0.196	0.424	46.599	12.614	0.178	2.000	1.000	2.000	0.70071	0.770	-0.092	-0.020
22/08/2004	070000.000	0.584	50.573	19.027	0.180	1.000	1.000	1.000	0.72867	-0.534	-0.350	0.158	0.366	52.914	16.079	0.202	1.000	1.000	1.000	0.68990	1.031	-0.044	0.021
22/08/2004	073000.000	0.477	75.252	7.301	0.277	3.000	2.000	2.000	0.70925	-0.891	-0.446	0.050	0.438	91.910	14.872	0.262	2.000	1.000	2.000	0.66973	1.016	-0.006	-0.043
22/08/2004	080000.000	0.653	79.767	13.932	0.181	3.000	2.000	3.000	0.70224	-0.636	-0.348	0.104	0.374	93.437	7.917	0.225	2.000	1.000	1.000	0.66020	0.896	-0.005	-0.028
22/08/2004	083000.000	0.716	93.425	8.395	0.254	3.000	2.000	2.000	0.69237	-0.463	-0.466	-0.016	0.333	69.332	-2.855	0.126	1.000	1.000	2.000	0.65381	0.591	-0.001	0.131
22/08/2004	090000.000	0.817	141.108	1.385	0.399	2.000	1.000	2.000	0.68233	-0.644	-0.627	0.124	0.645	138.315	8.200	0.313	2.000	2.000	3.000	0.64292	1.007	0.041	0.044
22/08/2004	093000.000	0.815	180.311	41.240	0.538	3.000	2.000	4.000	0.67321	-0.556	-0.883	0.020	0.478	106.704	6.479	0.119	1.000	1.000	4.000	0.63405	0.671	0.082	0.174
22/08/2004	100000.000	0.611	152.751	-4.093	0.369	1.000	1.000	6.000	0.66271	-0.590	-0.589	0.233	0.309	99.670	-2.595	0.252	2.000	1.000	4.000	0.62031	1.073	0.020	0.181
22/08/2004	103000.000	0.226	119.604	3.705	0.279	9.000	1.000	6.000	0.65685	-0.338	-0.584	0.192	0.412	143.246	3.821	0.220	1.000	1.000	1.000	0.61563	0.817	0.047	0.134
22/08/2004	110000.000	0.538	147.684	5.444	0.393	1.000	1.000	1.000	0.65226	-0.133	-0.376	0.187	0.518	120.311	-1.672	0.271	1.000	1.000	6.000	0.61212	0.646	0.023	0.184
22/08/2004	113000.000	0.444	132.197	-3.854	0.164	1.000	1.000	1.000	0.64876	1.225	-0.160	0.236	0.284	56.917	2.164	0.157	1.000	2.000	4.000	0.60715	0.135	0.095	0.286
22/08/2004	120000.000	0.476	164.921	44.092	0.436	2.000	1.000	3.000	0.64502	0.026	-0.486	0.139	0.378	143.632	16.120	0.190	2.000	1.000	2.000	0.60171	0.523	0.006	0.226
22/08/2004	123000.000	0.288	93.199	35.596	0.364	1.000	1.000	4.000	0.64532	-0.088	-0.460	0.168	0.343	150.184	23.268	0.220	4.000	2.000	2.000	0.59989	0.520	-0.035	0.206
22/08/2004	130000.000	0.380	198.157	7.996	0.461	3.000	1.000	2.000	0.64188	-0.669	-0.732	0.062	0.425	258.907	8.129	0.342	3.000	1.000	2.000	0.59661	1.010	-0.069	0.095
22/08/2004	133000.000	0.654	152.862	43.982	0.237	1.000	1.000	3.000	0.64241	1.200	-0.233	0.173	0.178	46.828	4.493	0.130	1.000	1.000	3.000	0.59654	0.001	0.103	0.250
22/08/2004	140000.000	0.697	180.924	23.707	0.200	2.000	3.000	1.000	0.63619	0.032	-0.256	0.062	0.267	94.689	-5.353	0.172	3.000	2.000	5.000	0.59389	0.452	0.001	0.138
22/08/2004	143000.000	0.583	93.427	24.834	0.399	1.000	1.000	3.000	0.63499	-0.603	-0.620	0.108	0.734	142.463	17.415	0.305	2.000	2.000	2.000	0.59603	0.952	-0.005	0.104
22/08/2004	150000.000	0.672	103.310	19.169	0.380	1.000	1.000	2.000	0.63340	-0.469	-0.703	0.197	0.445	96.829	9.932	0.252	1.000	1.000	2.000	0.59420	0.906	0.017	0.155
22/08/2004	153000.000	0.367	50.613	15.398	0.230	2.000	2.000	3.000	0.63440	1.451	-0.123	0.352	0.004	10.139	0.457	0.104	4.000	1.000	6.000	0.59594	0.038	0.156	0.289
22/08/2004	160000.000	0.532	50.943	28.530	0.324	1.000	1.000	2.000	0.63479	1.037	-0.305	0.402	0.249	15.390	1.788	0.111	1.000	1.000	2.000	0.59818	0.183	0.124	0.309
22/08/2004	163000.000	0.566	37.331	10.102	0.272	1.000	1.000	1.000	0.63330	0.497	-0.465	0.340	0.105	17.188	-0.668	0.095	2.000	1.000	1.000	0.59809	0.331	0.063	0.301
22/08/2004	170000.000	1.309	47.030	15.233	0.521	1.000	1.000	2.000	0.63884	-1.045	-0.517	0.246	0.932	78.128	10.604	0.388	1.000	1.000	2.000	0.60099	1.246	-0.158	0.046
22/08/2004	173000.000	0.790	35.356	13.794	0.382	2.000	1.000	2.000	0.64082	-1.586	-0.641	0.252	0.568	58.983	8.097	0.387	1.000	1.000	1.000	0.60093	1.998	-0.183	-0.072
22/08/2004	180000.000	0.962	27.330	1.515	0.346	1.000	1.000	5.000	0.64196	-1.628	-0.650	0.332	0.810	64.646	-1.280	0.449	1.000	1.000	2.000	0.60261	1.781	-0.269	-0.096
22/08/2004	183000.000	0.812	25.859	7.161	0.562	1.000	1.000	2.000	0.64092	-1.650	-1.051	0.248	0.541	43.530	6.042	0.451	1.000	1.000	1.000	0.60296	2.256	-0.071	0.001
22/08/2004	190000.000	0.676	17.014	8.857	0.328	1.000	1.000	4.000	0.64603	-1.364	-0.635	0.335	0.773	31.008	0.984	0.381	1.000	1.000	1.000	0.60898	1.744	-0.102	-0.066
22/08/2004	193000.000	0.649	22.654	4.126	0.473	1.000	1.000	2.000	0.64760	-1.469	-0.905	0.248	0.754	30.273	6.121	0.431	1.000	1.000	1.000	0.61076	2.127	-0.013	-0.073
22/08/2004	200000.000	0.450	24.609	-3.312	0.407	1.000	1.000	2.000	0.65050	-1.642	-0.721	0.436	0.375	29.540	-5.133	0.434	1.000	1.000	2.000	0.61414	2.238	-0.162	-0.059
22/08/2004	203000.000	0.552	43.817	-0.200	0.647	1.000	1.000	7.000	0.65196	-2.055	-1.325	0.403	0.499	47.939	-4.096	0.650	1.000	1.000	1.000	0.61547	3.332	0.049	-0.127
22/08/2004	210000.000	0.350	43.396	-9.142	0.544	1.000	1.000	4.000	0.65399	-1.848	-1.083	0.344	0.293	40.145	-0.488	0.530	1.000	1.000	7.000	0.61725	2.723	-0.082	-0.048
22/08/2004	213000.000	0.307	37.348	-1.244	0.469	1.000	1.000	2.000	0.65658	-1.771	-0.812	0.375	0.366	47.311	-1.193	0.466	1.000	1.000	2.000	0.61974	2.146	-0.137	-0.030
22/08/2004	220000.000	0.278	32.064	-3.543	0.477	1.000	1.000	1.000	0.65704	-1.758	-0.833	0.412	0.292	45.611	-4.297	0.507	1.000	1.000	1.000	0.62019	2.166	-0.176	-0.023
22/08/2004	223000.000	0.220	21.247	-1.914	0.379	1.000	1.000	3.000	0.65702	-1.866	-0.748	0.511	0.331	41.627	-3.071	0.481	1.000	1.000	1.000	0.62001	2.686	-0.169	-0.150
22/08/2004	230000.000	0.289	32.883	-2.646	0.573	1.000	1.000	1.000	0.65650	-2.126	-0.974	0.581	0.296	43.430	-6.081	0.602	1.000	1.000	2.000	0.61942	3.043	-0.147	-0.096
22/08/2004	233000.000	0.116	31.206	-7.471	0.586	1.000	1.000	1.000	0.65627	-1.944	-1.140	0.396	0.144	35.645	-9.129	0.596	1.000	1.000	1.000	0.61937	2.798	-0.173	-0.044
22/08/2004	(J+1)000000.000	0.071	37.589	-6.928	0.614	4.000	1.000	2.000	0.65472	-2.045	-1.228	0.215	0.165	51.165	-32.383	0.592	1.000	1.000	1.000	0.61757	2.165	-0.177	0.093
