08/01/2005	003000.000	0.685	-21.210	0.600	0.409	1.000	1.000	5.000	0.72772	-1.451	-0.568	0.118	0.963	-18.482	-1.305	0.513	1.000	1.000	3.000	0.69349	1.567	-0.132	-0.058
08/01/2005	010000.000	0.566	-13.705	0.988	0.357	1.000	1.000	2.000	0.72795	-1.392	-0.590	0.294	0.605	-10.333	-0.492	0.365	1.000	1.000	2.000	0.69423	1.971	-0.080	-0.043
08/01/2005	013000.000	0.759	-19.918	0.162	0.348	1.000	1.000	4.000	0.72787	-1.503	-0.745	0.313	0.734	-15.386	0.123	0.451	1.000	1.000	7.000	0.69512	2.134	-0.051	-0.069
08/01/2005	020000.000	0.460	-15.516	1.749	0.408	1.000	1.000	2.000	0.72588	-1.376	-1.001	0.147	0.831	-17.539	1.073	0.432	1.000	1.000	2.000	0.69503	2.032	0.011	0.032
08/01/2005	023000.000	0.890	-23.719	2.153	0.505	1.000	1.000	1.000	0.72818	-1.251	-1.049	0.028	0.650	-15.013	1.022	0.376	1.000	1.000	1.000	0.69756	1.779	0.043	0.066
08/01/2005	030000.000	0.581	-16.396	1.140	0.470	1.000	1.000	1.000	0.72673	-1.287	-1.008	0.140	0.381	-10.994	0.342	0.365	1.000	1.000	2.000	0.69644	2.010	0.006	0.019
08/01/2005	033000.000	0.460	-16.066	-2.428	0.349	1.000	1.000	2.000	0.72740	-1.397	-0.565	0.249	0.461	-8.612	-2.114	0.350	1.000	1.000	1.000	0.69482	1.799	-0.077	-0.015
08/01/2005	040000.000	0.391	-20.567	-1.916	0.305	1.000	1.000	2.000	0.72254	-1.932	-0.628	0.471	0.598	-19.778	-3.825	0.529	1.000	1.000	1.000	0.68837	2.205	-0.198	-0.033
08/01/2005	043000.000	0.357	-15.387	-2.077	0.278	1.000	1.000	2.000	0.72164	-2.102	-0.618	0.545	0.596	-20.498	-3.595	0.543	1.000	1.000	1.000	0.68576	2.412	-0.171	-0.015
08/01/2005	050000.000	0.800	-24.407	-2.364	0.745	1.000	1.000	1.000	0.71864	-2.248	-1.245	0.373	0.758	-23.909	-3.416	0.661	1.000	1.000	1.000	0.68436	2.926	-0.123	0.001
08/01/2005	053000.000	0.931	-22.149	-2.034	0.740	1.000	1.000	1.000	0.71910	-2.060	-1.286	0.369	1.063	-20.170	-2.223	0.646	1.000	1.000	1.000	0.68443	3.170	-0.037	-0.041
08/01/2005	060000.000	0.967	-21.320	0.803	0.687	1.000	1.000	2.000	0.71940	-2.067	-1.391	0.292	0.967	-17.240	-1.528	0.635	1.000	1.000	4.000	0.68493	3.220	-0.024	-0.001
08/01/2005	063000.000	1.218	-21.796	1.752	0.742	1.000	1.000	1.000	0.71977	-2.010	-1.319	0.171	1.271	-18.348	-0.323	0.639	1.000	1.000	7.000	0.68690	2.776	-0.024	-0.023
08/01/2005	070000.000	1.622	-16.914	-0.380	0.660	1.000	1.000	4.000	0.72334	-1.692	-1.220	0.081	1.821	-11.082	-1.071	0.610	1.000	1.000	1.000	0.68969	2.440	-0.074	0.040
08/01/2005	073000.000	1.395	-11.283	0.682	0.414	1.000	1.000	5.000	0.72752	-1.543	-0.762	0.221	1.325	8.251	-3.063	0.474	1.000	1.000	1.000	0.68974	1.944	-0.084	-0.090
08/01/2005	080000.000	0.712	-5.653	-0.022	0.256	1.000	1.000	7.000	0.73008	-1.743	-0.571	0.379	1.225	-2.955	-0.939	0.505	1.000	1.000	4.000	0.69164	2.198	-0.116	-0.104
08/01/2005	083000.000	1.178	1.522	-2.173	0.313	1.000	6.000	6.000	0.73459	-1.686	-0.427	0.337	1.362	15.245	-2.398	0.453	1.000	1.000	1.000	0.69785	1.763	-0.165	-0.044
08/01/2005	090000.000	1.753	18.095	-0.340	0.416	1.000	1.000	3.000	0.73817	-1.871	-0.322	0.127	1.570	40.664	-2.404	0.475	1.000	1.000	1.000	0.69970	1.418	-0.313	-0.029
08/01/2005	093000.000	1.350	29.858	1.314	0.444	1.000	1.000	1.000	0.73583	-2.157	-0.367	0.227	1.669	44.327	1.288	0.483	1.000	1.000	1.000	0.69806	1.819	-0.307	-0.089
08/01/2005	100000.000	1.827	53.873	3.739	0.501	1.000	1.000	1.000	0.73269	-2.418	-0.375	0.225	1.437	69.785	7.253	0.629	1.000	1.000	1.000	0.69305	2.076	-0.506	-0.143
08/01/2005	103000.000	2.801	78.748	12.149	0.568	1.000	1.000	1.000	0.73371	-2.430	-0.317	0.035	1.514	79.227	10.673	0.496	1.000	1.000	1.000	0.69509	1.636	-0.511	-0.146
08/01/2005	110000.000	2.058	92.870	21.203	0.501	1.000	1.000	1.000	0.72839	-2.363	-0.658	0.288	2.037	120.175	21.125	0.620	1.000	1.000	1.000	0.69211	2.227	-0.298	-0.046
08/01/2005	113000.000	2.074	101.539	25.191	0.569	1.000	1.000	1.000	0.72390	-2.321	-0.787	0.265	2.016	133.960	30.581	0.621	1.000	1.000	2.000	0.68988	2.172	-0.262	-0.006
08/01/2005	120000.000	1.856	85.315	15.741	0.533	1.000	1.000	2.000	0.72223	-2.350	-0.635	0.271	1.955	130.061	20.014	0.569	1.000	1.000	1.000	0.68674	2.458	-0.298	-0.117
08/01/2005	123000.000	1.677	87.357	19.723	0.524	1.000	1.000	1.000	0.71896	-2.706	-0.532	0.258	1.595	137.077	15.763	0.573	1.000	1.000	1.000	0.68197	2.362	-0.436	-0.136
08/01/2005	130000.000	1.588	85.526	16.754	0.441	1.000	1.000	1.000	0.71939	-2.083	-0.676	0.395	1.847	127.503	15.949	0.508	1.000	1.000	1.000	0.68308	2.089	-0.217	-0.045
08/01/2005	133000.000	2.361	100.199	7.676	0.508	1.000	1.000	4.000	0.71813	-2.255	-0.648	0.021	1.475	110.736	16.126	0.493	1.000	1.000	1.000	0.68230	1.912	-0.385	-0.086
08/01/2005	140000.000	2.888	89.609	22.502	0.524	1.000	1.000	1.000	0.72266	-2.252	-0.292	0.021	1.579	125.397	12.598	0.381	1.000	1.000	1.000	0.68293	1.523	-0.456	-0.191
08/01/2005	143000.000	3.416	67.957	15.739	0.373	1.000	1.000	1.000	0.72719	-2.028	-0.186	0.042	2.063	131.669	11.569	0.391	1.000	1.000	1.000	0.68831	1.124	-0.507	-0.115
08/01/2005	150000.000	3.511	62.491	12.051	0.370	1.000	1.000	2.000	0.73275	-1.684	-0.280	0.113	2.645	111.143	15.722	0.404	1.000	1.000	1.000	0.68992	1.473	-0.250	-0.091
08/01/2005	153000.000	4.115	53.344	20.046	0.385	1.000	1.000	2.000	0.73535	-2.195	-0.160	-0.011	1.753	80.943	9.832	0.352	1.000	1.000	1.000	0.69233	0.985	-0.605	-0.067
08/01/2005	160000.000	3.102	27.566	7.826	0.408	1.000	1.000	1.000	0.74175	-1.818	-0.145	0.223	2.081	51.843	12.775	0.350	1.000	1.000	3.000	0.69929	1.241	-0.369	-0.141
08/01/2005	163000.000	2.737	23.795	12.780	0.380	1.000	1.000	1.000	0.74508	-2.015	-0.224	0.225	2.268	34.531	10.624	0.357	2.000	2.000	2.000	0.70243	1.423	-0.447	-0.083
08/01/2005	170000.000	2.033	12.770	4.884	0.325	1.000	1.000	1.000	0.75576	-1.684	-0.251	0.347	2.142	25.567	6.024	0.313	1.000	1.000	1.000	0.71030	1.494	-0.307	-0.104
08/01/2005	173000.000	0.884	4.382	1.652	0.223	1.000	2.000	1.000	0.75607	-1.427	-0.204	0.337	1.920	20.280	5.498	0.282	1.000	1.000	1.000	0.71412	1.488	-0.173	-0.109
08/01/2005	180000.000	2.223	17.222	4.661	0.240	1.000	1.000	1.000	0.76010	-1.330	-0.136	0.228	2.354	24.537	6.423	0.308	1.000	1.000	1.000	0.71758	1.131	-0.230	-0.094
08/01/2005	183000.000	3.067	25.007	7.880	0.249	1.000	1.000	1.000	0.77573	-1.393	-0.090	0.063	2.066	17.273	4.754	0.227	1.000	1.000	1.000	0.73641	0.845	-0.288	-0.052
08/01/2005	190000.000	1.957	11.294	5.022	0.217	1.000	1.000	1.000	0.78740	-1.242	-0.105	-0.022	2.125	30.635	3.033	0.185	1.000	1.000	1.000	0.75030	0.752	-0.244	-0.090
08/01/2005	193000.000	2.348	15.044	4.036	0.138	1.000	1.000	1.000	0.81274	-1.140	-0.075	-0.033	1.668	22.625	2.147	0.145	1.000	1.000	1.000	0.77429	0.600	-0.248	-0.028
08/01/2005	200000.000	2.529	24.072	3.052	0.162	1.000	1.000	1.000	0.82249	-1.312	-0.076	0.015	1.138	12.585	2.050	0.153	1.000	1.000	1.000	0.78825	0.430	-0.403	-0.050
08/01/2005	203000.000	1.456	9.778	2.023	0.162	1.000	1.000	2.000	0.81639	-1.159	-0.088	0.117	1.306	20.503	1.041	0.169	1.000	1.000	1.000	0.77465	0.752	-0.197	-0.036
08/01/2005	210000.000	0.950	11.990	1.323	0.151	1.000	1.000	3.000	0.79660	-1.067	-0.174	0.215	0.898	24.155	0.188	0.187	1.000	1.000	4.000	0.75510	0.663	-0.187	0.016
08/01/2005	213000.000	1.080	16.363	0.952	0.193	1.000	1.000	1.000	0.78598	-1.203	-0.076	-0.001	0.794	24.174	-0.323	0.186	1.000	1.000	2.000	0.74485	0.522	-0.240	-0.005
08/01/2005	220000.000	0.747	7.111	0.122	0.120	1.000	1.000	6.000	0.79154	-1.086	-0.186	0.197	0.654	22.867	-0.845	0.184	1.000	1.000	1.000	0.74715	0.838	-0.127	-0.070
08/01/2005	223000.000	0.361	10.579	-0.381	0.097	2.000	1.000	4.000	0.80636	-0.958	-0.095	0.145	0.305	20.110	-0.449	0.085	2.000	1.000	4.000	0.76738	0.363	-0.163	0.070
08/01/2005	230000.000	0.716	14.721	-0.966	0.144	1.000	1.000	1.000	0.80417	-1.158	-0.160	0.133	1.076	27.559	-1.410	0.189	2.000	1.000	2.000	0.76353	0.629	-0.210	-0.020
08/01/2005	233000.000	0.954	18.850	-1.407	0.176	1.000	1.000	1.000	0.80272	-1.313	-0.097	0.011	0.718	19.951	-0.715	0.218	1.000	1.000	5.000	0.75830	0.704	-0.335	-0.097
08/01/2005	(J+1)000000.000	0.583	14.370	-3.478	0.228	1.000	1.000	4.000	0.80361	-1.063	0.222	-0.177	0.628	30.381	-1.812	0.225	2.000	2.000	1.000	0.75531	0.313	-0.624	-0.098
