04/02/2005	003000.000	+9999	+9999	+9999	0.128	1.000	3.000	4.000	0.75334	0.957	0.363	0.200	+9999	+9999	+9999	0.242	3.000	1.000	1.000	0.72585	-0.711	-0.086	0.113
04/02/2005	010000.000	+9999	+9999	+9999	0.110	1.000	1.000	2.000	0.74790	0.871	0.319	0.143	+9999	+9999	+9999	0.284	1.000	1.000	1.000	0.72074	-0.930	-0.114	0.072
04/02/2005	013000.000	+9999	+9999	+9999	0.142	1.000	1.000	2.000	0.75203	0.838	0.304	0.231	+9999	+9999	+9999	0.224	5.000	1.000	1.000	0.72665	-0.623	-0.150	0.083
04/02/2005	020000.000	+9999	+9999	+9999	0.180	8.000	1.000	2.000	0.75197	0.884	0.318	0.152	+9999	+9999	+9999	0.260	3.000	2.000	3.000	0.72639	-0.668	-0.073	0.064
04/02/2005	023000.000	+9999	+9999	+9999	0.125	2.000	1.000	1.000	0.75227	0.963	0.314	0.098	+9999	+9999	+9999	0.256	1.000	1.000	1.000	0.72261	-0.764	-0.090	0.078
04/02/2005	030000.000	+9999	+9999	+9999	0.142	5.000	1.000	1.000	0.75374	0.965	0.339	0.090	+9999	+9999	+9999	0.203	2.000	1.000	1.000	0.72483	-0.759	-0.024	0.114
04/02/2005	033000.000	+9999	+9999	+9999	0.125	3.000	1.000	3.000	0.75306	0.566	0.248	0.141	+9999	+9999	+9999	0.197	2.000	1.000	1.000	0.72429	-0.527	-0.120	0.146
04/02/2005	040000.000	+9999	+9999	+9999	0.103	1.000	2.000	5.000	0.75488	0.622	0.234	0.260	+9999	+9999	+9999	0.249	1.000	1.000	1.000	0.73018	-0.529	-0.152	0.103
04/02/2005	043000.000	+9999	+9999	+9999	0.156	5.000	4.000	4.000	0.78108	-0.280	0.165	0.081	+9999	+9999	+9999	0.152	1.000	2.000	2.000	0.75751	-0.119	-0.278	0.174
04/02/2005	050000.000	+9999	+9999	+9999	0.148	4.000	4.000	2.000	0.79310	-0.620	0.297	0.114	+9999	+9999	+9999	0.198	1.000	1.000	1.000	0.76809	-0.125	-0.399	0.018
04/02/2005	053000.000	+9999	+9999	+9999	0.133	4.000	9.000	4.000	0.79304	-0.772	0.279	0.073	+9999	+9999	+9999	0.194	1.000	1.000	1.000	0.76896	0.008	-0.457	-0.007
04/02/2005	060000.000	+9999	+9999	+9999	0.129	1.000	1.000	2.000	0.79451	-0.529	0.094	0.091	+9999	+9999	+9999	0.120	1.000	2.000	6.000	0.77699	0.022	-0.273	0.061
04/02/2005	063000.000	+9999	+9999	+9999	0.084	1.000	2.000	2.000	0.82143	-0.432	-0.112	0.157	+9999	+9999	+9999	0.095	2.000	1.000	1.000	0.79313	0.035	-0.203	0.057
04/02/2005	070000.000	+9999	+9999	+9999	0.045	3.000	1.000	3.000	0.81706	-0.617	0.173	0.194	+9999	+9999	+9999	0.212	1.000	1.000	2.000	0.78650	-0.091	-0.401	0.089
04/02/2005	073000.000	+9999	+9999	+9999	0.195	2.000	2.000	2.000	0.83347	-0.793	0.238	0.041	+9999	+9999	+9999	0.178	2.000	1.000	2.000	0.80615	0.045	-0.431	0.029
04/02/2005	080000.000	+9999	+9999	+9999	0.186	1.000	1.000	2.000	0.81712	-1.067	0.101	-0.066	+9999	+9999	+9999	0.171	1.000	1.000	1.000	0.79854	0.144	-0.517	-0.041
04/02/2005	083000.000	+9999	+9999	+9999	0.138	1.000	1.000	1.000	0.83928	-0.870	0.050	0.062	+9999	+9999	+9999	0.191	1.000	1.000	1.000	0.80868	0.244	-0.417	-0.021
04/02/2005	090000.000	+9999	+9999	+9999	0.190	1.000	1.000	1.000	0.85099	-0.868	-0.275	0.049	+9999	+9999	+9999	0.130	1.000	1.000	1.000	0.82815	0.554	-0.209	0.016
04/02/2005	093000.000	+9999	+9999	+9999	0.190	1.000	1.000	1.000	0.82592	-0.807	-0.209	0.066	+9999	+9999	+9999	0.128	1.000	1.000	1.000	0.79623	0.522	-0.160	0.013
04/02/2005	100000.000	+9999	+9999	+9999	0.196	1.000	1.000	2.000	0.79296	-0.724	-0.330	-0.014	+9999	+9999	+9999	0.157	2.000	2.000	2.000	0.77561	0.315	-0.104	0.074
04/02/2005	103000.000	+9999	+9999	+9999	0.192	1.000	1.000	4.000	0.79233	-0.557	0.186	0.091	+9999	+9999	+9999	0.209	2.000	1.000	1.000	0.75786	-0.072	-0.340	-0.019
04/02/2005	110000.000	+9999	+9999	+9999	0.165	1.000	1.000	7.000	0.77582	0.097	0.223	0.267	+9999	+9999	+9999	0.236	1.000	1.000	2.000	0.74219	-0.481	-0.256	0.069
04/02/2005	113000.000	+9999	+9999	+9999	0.118	4.000	2.000	3.000	0.75118	0.738	0.373	0.287	+9999	+9999	+9999	0.366	6.000	1.000	1.000	0.72054	-0.932	-0.215	0.094
04/02/2005	120000.000	0.391	-16.175	-7.519	0.178	2.000	3.000	1.000	0.74275	0.849	0.381	0.300	1.975	191.634	8.763	0.397	1.000	1.000	1.000	0.70573	-1.185	-0.256	0.066
04/02/2005	123000.000	0.462	-3.254	-9.599	0.183	2.000	5.000	2.000	0.75085	0.665	0.331	0.313	1.801	227.276	22.582	0.458	2.000	1.000	2.000	0.71417	-1.138	-0.249	-0.034
04/02/2005	130000.000	+9999	34.525	+9999	0.215	3.000	3.000	4.000	0.74214	0.542	0.194	0.235	+9999	147.835	+9999	0.342	2.000	1.000	1.000	0.71092	-0.656	-0.273	0.102
04/02/2005	133000.000	+9999	9.697	+9999	0.181	1.000	4.000	1.000	0.73642	1.485	0.426	0.116	+9999	96.002	+9999	0.260	1.000	1.000	2.000	0.70787	-1.130	0.017	0.232
04/02/2005	140000.000	+9999	-21.249	+9999	0.207	1.000	1.000	1.000	0.73758	1.409	0.464	0.154	+9999	103.538	+9999	0.349	1.000	1.000	1.000	0.70999	-1.338	0.042	0.270
04/02/2005	143000.000	0.523	-26.549	-7.145	0.198	5.000	3.000	3.000	0.74707	1.365	0.386	0.272	2.181	141.844	10.233	0.347	1.000	1.000	1.000	0.71935	-0.978	-0.144	0.192
04/02/2005	150000.000	1.093	-55.123	-4.447	0.235	1.000	1.000	1.000	0.75135	1.334	0.520	0.194	-0.250	131.020	9.544	0.382	3.000	1.000	1.000	0.71379	-1.434	0.011	0.160
04/02/2005	153000.000	0.930	-5.205	-1.749	0.152	1.000	2.000	4.000	0.75147	1.364	0.412	0.226	1.316	106.459	8.855	0.335	2.000	1.000	1.000	0.71438	-1.209	-0.010	0.197
04/02/2005	160000.000	0.648	-31.236	-5.437	0.193	4.000	2.000	3.000	0.75304	1.352	0.452	0.242	1.632	83.291	10.629	0.327	1.000	1.000	2.000	0.71288	-1.375	-0.039	0.163
04/02/2005	163000.000	1.489	6.377	0.030	0.185	1.000	4.000	6.000	0.75195	1.393	0.381	0.176	0.528	40.255	2.368	0.159	2.000	1.000	1.000	0.72861	-0.810	0.015	0.275
04/02/2005	170000.000	0.967	-1.883	-3.677	0.155	2.000	7.000	1.000	0.74569	1.293	0.393	0.077	0.370	22.358	1.678	0.153	4.000	1.000	1.000	0.72702	-0.668	0.066	0.302
04/02/2005	173000.000	1.834	30.807	3.534	0.097	1.000	1.000	2.000	0.74992	1.393	0.245	0.079	0.802	23.916	1.908	0.110	1.000	1.000	1.000	0.74572	-0.483	0.066	0.238
04/02/2005	180000.000	1.504	28.732	4.109	0.117	1.000	1.000	3.000	0.76642	1.393	0.231	0.074	0.637	23.444	1.780	0.083	2.000	1.000	1.000	0.76645	-0.506	0.114	0.227
04/02/2005	183000.000	0.527	9.020	0.478	0.131	2.000	1.000	5.000	0.78071	1.375	0.349	0.116	0.618	22.166	1.804	0.114	2.000	1.000	2.000	0.76642	-0.626	0.091	0.302
04/02/2005	190000.000	-0.023	-5.160	-3.268	0.141	8.000	2.000	1.000	0.79194	1.246	0.347	-0.039	0.246	25.784	0.455	0.090	6.000	2.000	6.000	0.78068	-0.595	0.007	0.269
04/02/2005	193000.000	-0.083	-11.457	-4.524	0.153	1.000	1.000	1.000	0.79884	1.063	0.316	-0.035	0.269	28.612	0.718	0.081	4.000	1.000	4.000	0.77777	-0.654	-0.043	0.275
04/02/2005	200000.000	0.444	-6.474	-0.520	0.097	2.000	1.000	1.000	0.81156	0.716	0.225	0.090	1.089	65.685	5.533	0.157	1.000	1.000	1.000	0.78411	-0.540	-0.138	0.182
04/02/2005	203000.000	0.624	-5.876	2.103	0.054	2.000	3.000	3.000	0.80776	0.374	0.101	0.210	2.685	68.364	5.278	0.157	2.000	1.000	2.000	0.79549	-0.271	-0.194	0.198
04/02/2005	210000.000	-0.347	-3.085	-4.454	0.109	6.000	1.000	5.000	0.85180	-0.542	0.139	0.038	0.672	44.806	1.552	0.118	4.000	1.000	6.000	0.83374	-0.104	-0.283	0.186
04/02/2005	213000.000	1.650	20.052	8.490	0.211	3.000	2.000	3.000	0.85233	-0.830	0.195	-0.158	1.289	51.197	4.652	0.159	2.000	1.000	1.000	0.83908	0.057	-0.390	0.059
04/02/2005	220000.000	1.606	12.264	9.017	0.175	2.000	2.000	2.000	0.83421	-0.851	0.262	-0.180	1.096	36.129	6.578	0.162	2.000	1.000	2.000	0.81484	0.170	-0.484	-0.058
04/02/2005	223000.000	0.519	-5.800	2.565	0.111	2.000	3.000	3.000	0.82776	-0.676	0.436	-0.079	0.676	39.103	4.489	0.193	1.000	2.000	3.000	0.80649	0.006	-0.445	-0.038
04/02/2005	230000.000	0.625	21.433	1.723	0.214	1.000	2.000	3.000	0.80951	-0.995	0.269	-0.125	0.814	32.292	4.928	0.193	2.000	2.000	2.000	0.78792	0.167	-0.674	-0.083
04/02/2005	233000.000	0.829	13.439	1.928	0.232	1.000	1.000	2.000	0.80601	-1.022	0.386	-0.083	0.714	34.091	5.009	0.260	1.000	1.000	1.000	0.78149	0.205	-0.668	-0.093
04/02/2005	(J+1)000000.000	0.384	0.987	0.875	0.141	2.000	6.000	4.000	0.79578	-0.746	0.378	0.061	0.592	32.331	3.336	0.271	1.000	1.000	2.000	0.76845	0.030	-0.602	-0.117
