24/01/2005	003000.000	-0.666	-48.666	-14.464	0.322	1.000	1.000	1.000	0.72307	2.387	0.797	0.351	-1.915	34.031	2.205	0.329	1.000	1.000	1.000	0.70617	-1.790	0.124	0.440
24/01/2005	010000.000	-0.621	-66.232	-11.399	0.239	1.000	1.000	1.000	0.72560	1.684	0.684	0.273	-1.915	55.007	13.512	0.436	1.000	1.000	1.000	0.70690	-1.905	0.017	0.215
24/01/2005	013000.000	-1.083	-71.308	-27.900	0.424	1.000	1.000	1.000	0.72649	2.171	0.755	0.306	-1.696	46.874	10.115	0.396	1.000	1.000	1.000	0.70752	-1.644	0.050	0.328
24/01/2005	020000.000	-0.671	-28.799	-21.926	0.371	1.000	1.000	2.000	0.72885	2.515	0.783	0.302	-1.674	21.052	4.121	0.210	1.000	1.000	2.000	0.71386	-1.812	0.187	0.503
24/01/2005	023000.000	-0.986	-55.505	-34.148	0.396	1.000	1.000	1.000	0.73044	2.529	0.760	0.287	-1.653	34.597	-0.373	0.294	1.000	1.000	8.000	0.71343	-1.754	0.210	0.482
24/01/2005	030000.000	-0.595	-39.505	-11.537	0.291	1.000	1.000	1.000	0.73356	1.936	0.749	0.390	-2.467	51.246	9.990	0.489	1.000	1.000	1.000	0.71327	-2.132	0.113	0.256
24/01/2005	033000.000	-0.644	-63.300	-18.801	0.326	1.000	1.000	1.000	0.73387	2.264	0.842	0.339	-2.512	59.388	13.529	0.522	1.000	1.000	1.000	0.71399	-2.207	0.097	0.316
24/01/2005	040000.000	-0.323	-35.155	-9.120	0.191	1.000	1.000	1.000	0.73582	1.931	0.752	0.417	-1.489	86.275	15.025	0.581	1.000	1.000	1.000	0.71571	-2.139	-0.028	0.166
24/01/2005	043000.000	-0.100	-74.734	-9.563	0.310	3.000	1.000	1.000	0.74301	1.736	0.707	0.349	-0.689	82.939	11.547	0.511	1.000	1.000	1.000	0.72049	-1.982	-0.137	0.111
24/01/2005	050000.000	-0.446	-98.062	-10.915	0.329	2.000	1.000	1.000	0.74473	1.962	0.778	0.260	-1.610	86.961	11.036	0.516	1.000	1.000	1.000	0.72536	-2.040	-0.077	0.178
24/01/2005	053000.000	-0.043	-86.303	-3.661	0.274	3.000	1.000	2.000	0.75221	1.633	0.662	0.303	-0.595	86.155	12.285	0.570	1.000	1.000	1.000	0.72822	-2.036	-0.143	0.102
24/01/2005	060000.000	-0.091	-105.490	-6.251	0.303	2.000	1.000	1.000	0.75377	1.593	0.666	0.296	-0.986	96.459	14.371	0.585	1.000	1.000	1.000	0.73277	-2.097	-0.227	0.087
24/01/2005	063000.000	0.040	-69.728	-6.298	0.248	3.000	1.000	1.000	0.76305	1.217	0.545	0.362	-0.330	115.315	20.733	0.636	3.000	1.000	1.000	0.73497	-2.186	-0.411	-0.109
24/01/2005	070000.000	0.435	-85.105	-8.525	0.278	1.000	1.000	1.000	0.77401	1.367	0.602	0.311	1.064	103.783	14.969	0.556	1.000	1.000	1.000	0.74182	-1.839	-0.393	-0.008
24/01/2005	073000.000	0.196	-58.546	-4.397	0.247	1.000	1.000	1.000	0.77572	1.027	0.526	0.268	1.945	130.654	19.868	0.632	1.000	1.000	1.000	0.74142	-2.017	-0.534	-0.072
24/01/2005	080000.000	-0.017	-51.457	-4.366	0.207	4.000	1.000	1.000	0.78073	0.569	0.472	0.265	2.502	149.961	21.766	0.629	1.000	1.000	1.000	0.74441	-1.858	-0.549	-0.116
24/01/2005	083000.000	-0.636	-32.780	-4.206	0.170	2.000	1.000	1.000	0.78085	0.157	0.362	0.269	2.137	135.877	19.658	0.576	1.000	1.000	1.000	0.74040	-1.292	-0.577	-0.028
24/01/2005	090000.000	0.584	-38.003	-5.803	0.267	1.000	1.000	1.000	0.77239	0.732	0.533	0.326	1.093	155.707	27.195	0.775	1.000	1.000	1.000	0.73805	-2.473	-0.670	-0.172
24/01/2005	093000.000	-0.883	-63.969	-7.881	0.217	1.000	1.000	1.000	0.77127	0.207	0.483	0.311	2.405	149.621	26.370	0.779	1.000	1.000	1.000	0.73371	-2.068	-0.754	-0.176
24/01/2005	100000.000	0.178	-50.021	-7.828	0.303	2.000	1.000	1.000	0.76969	1.136	0.557	0.348	2.346	178.187	17.781	0.673	1.000	1.000	1.000	0.73230	-2.045	-0.554	-0.080
24/01/2005	103000.000	-0.463	-68.110	-14.810	0.271	1.000	1.000	1.000	0.76762	0.945	0.548	0.283	2.339	163.130	17.380	0.689	1.000	1.000	1.000	0.73158	-1.858	-0.647	-0.081
24/01/2005	110000.000	-0.014	-84.068	-15.369	0.339	3.000	1.000	1.000	0.76313	1.505	0.685	0.377	1.364	203.199	16.780	0.792	2.000	1.000	1.000	0.73546	-2.226	-0.487	-0.004
24/01/2005	113000.000	+9999	-66.260	+9999	0.364	+9999	2.000	+9999	0.76632	1.786	0.739	0.412	+9999	177.741	+9999	0.772	+9999	1.000	+9999	0.73706	-2.597	-0.284	0.008
24/01/2005	120000.000	+9999	-132.377	+9999	0.279	+9999	2.000	+9999	+9999	1.395	0.600	0.286	+9999	161.135	+9999	0.649	+9999	1.000	+9999	+9999	-2.031	-0.491	-0.071
24/01/2005	123000.000	+9999	-54.773	+9999	0.333	+9999	1.000	+9999	+9999	1.899	0.765	0.464	+9999	135.243	+9999	0.624	+9999	1.000	+9999	+9999	-2.527	-0.095	0.077
24/01/2005	130000.000	+9999	-59.696	+9999	0.347	+9999	1.000	+9999	+9999	2.008	0.752	0.434	+9999	136.529	+9999	0.625	+9999	1.000	+9999	+9999	-2.310	-0.018	0.220
24/01/2005	133000.000	+9999	-68.453	+9999	0.330	+9999	1.000	+9999	+9999	1.618	0.657	0.314	+9999	105.756	+9999	0.557	+9999	1.000	+9999	+9999	-2.226	-0.093	0.082
24/01/2005	140000.000	+9999	-72.978	+9999	0.307	+9999	1.000	+9999	+9999	1.313	0.604	0.337	+9999	175.290	+9999	0.646	+9999	1.000	+9999	+9999	-2.139	-0.472	-0.084
24/01/2005	143000.000	0.077	-53.418	48.710	0.341	+9999	2.000	+9999	0.86584	1.551	0.676	0.361	+9999	145.818	+9999	0.643	+9999	1.000	+9999	+9999	-2.310	-0.219	0.011
24/01/2005	150000.000	0.026	-73.577	34.533	0.345	3.000	1.000	6.000	0.88667	1.629	0.632	0.362	3.163	179.467	39.652	0.614	1.000	1.000	3.000	0.75263	-2.051	-0.425	-0.042
24/01/2005	153000.000	0.003	-86.687	-11.050	0.343	6.000	1.000	6.000	0.78257	1.413	0.629	0.349	2.842	195.261	25.787	0.675	1.000	1.000	1.000	0.72671	-2.055	-0.589	-0.082
24/01/2005	160000.000	0.537	-57.488	-15.009	0.374	2.000	1.000	1.000	0.75966	2.088	0.806	0.410	-1.201	134.135	6.037	0.615	1.000	1.000	1.000	0.73187	-2.147	-0.144	0.164
24/01/2005	163000.000	-0.472	-53.386	-13.066	0.371	1.000	1.000	2.000	0.75460	2.300	0.803	0.450	-2.748	90.805	3.917	0.563	1.000	1.000	6.000	0.73118	-2.239	0.035	0.265
24/01/2005	170000.000	-0.278	-3.791	-7.222	0.306	2.000	6.000	3.000	0.74740	2.757	0.901	0.538	-1.466	42.886	-5.256	0.534	1.000	2.000	5.000	0.73260	-2.400	0.183	0.437
24/01/2005	173000.000	-1.201	-46.521	-31.513	0.370	1.000	1.000	4.000	0.75043	2.744	0.865	0.427	-0.184	64.109	3.592	0.342	1.000	1.000	4.000	0.72880	-1.791	0.146	0.482
24/01/2005	180000.000	-0.943	-16.595	-8.310	0.339	1.000	1.000	1.000	0.75469	2.392	0.665	0.330	-2.379	25.788	-1.589	0.226	1.000	1.000	1.000	0.73371	-1.720	0.238	0.517
24/01/2005	183000.000	-1.298	-21.293	-14.263	0.376	1.000	1.000	1.000	0.75205	2.293	0.623	0.271	-1.595	31.749	-2.147	0.207	1.000	1.000	2.000	0.73709	-1.334	0.184	0.458
24/01/2005	190000.000	-0.640	-3.637	-9.915	0.362	1.000	1.000	2.000	0.74109	2.658	0.745	0.336	-1.507	2.193	-6.648	0.222	1.000	2.000	3.000	0.72453	-1.686	0.215	0.626
24/01/2005	193000.000	-0.295	-3.981	-7.987	0.358	1.000	1.000	1.000	0.74074	2.960	0.685	0.378	+9999	15.948	-6.841	0.130	1.000	1.000	1.000	0.72894	-1.558	0.266	0.575
24/01/2005	200000.000	-1.692	-29.694	-18.018	0.378	1.000	1.000	1.000	0.74405	2.530	0.743	0.362	+9999	16.713	-5.926	0.218	1.000	1.000	1.000	0.72967	-1.627	0.239	0.497
24/01/2005	203000.000	-1.994	-44.212	-14.772	0.314	1.000	1.000	1.000	0.74766	2.179	0.749	0.315	+9999	36.782	-0.179	0.381	1.000	1.000	6.000	0.73136	-1.755	0.095	0.366
24/01/2005	210000.000	-0.975	-36.490	-11.368	0.237	1.000	1.000	1.000	0.74529	1.923	0.642	0.288	-1.871	53.601	3.475	0.425	1.000	1.000	1.000	0.72517	-1.686	0.053	0.256
24/01/2005	213000.000	-0.647	-63.928	-7.115	0.186	1.000	1.000	1.000	0.74675	1.386	0.603	0.306	-1.749	51.017	5.283	0.426	1.000	1.000	1.000	0.72491	-1.802	0.032	0.183
24/01/2005	220000.000	-0.704	-37.576	-9.058	0.217	1.000	1.000	1.000	0.74595	1.648	0.581	0.253	-0.353	50.658	5.209	0.470	1.000	1.000	1.000	0.72024	-1.734	-0.037	0.205
24/01/2005	223000.000	-1.382	-56.083	-16.785	0.356	1.000	1.000	1.000	0.73970	2.203	0.750	0.280	-2.362	29.799	-1.400	0.318	1.000	1.000	2.000	0.72213	-1.500	0.087	0.386
24/01/2005	230000.000	-1.304	-42.090	-15.333	0.335	1.000	1.000	1.000	0.74181	2.023	0.645	0.254	-1.759	30.013	-1.767	0.288	1.000	1.000	3.000	0.72281	-1.502	0.081	0.409
24/01/2005	233000.000	-0.878	-31.432	-9.568	0.259	1.000	1.000	1.000	0.74134	2.160	0.701	0.276	-0.760	43.109	-0.136	0.289	1.000	1.000	6.000	0.71894	-1.611	0.117	0.386
24/01/2005	(J+1)000000.000	-1.091	-55.647	-10.995	0.324	1.000	1.000	1.000	0.73780	2.198	0.772	0.359	-2.377	30.112	-4.074	0.292	1.000	1.000	1.000	0.71919	-1.723	0.145	0.407
