Fichier CAPITOUL-FLX-30MN
MOIS : 2004/11 
PLATFORME = saint-sardos
LATITUDE = 43°53'
LONGITUDE =01°06'
ALTITUDE = 187 m
TYPE = ASCII
DATE_creation_fichier = 07/12/2006
#LISTE DES PARAMETRES#
'DATE'	'HEURE'		'HS_TAIR-flx'	'HS_TSON-flx'	'LE_TAIR-flx'	'USTAR-vit'	'RN-ray'	
#UNITES#
'JJ/MM/AAAA'	'HHMMSS.SSS'	'W/m2'	'W/m2'	'W/m2'	'm/s'	'W/m2'	
#FIN ENTETE#
01/11/2004	002959.000	50.506	22.457	+9999	0.322	-3.58
01/11/2004	005959.000	20.423	21.247	15.155	0.168	-3.43
01/11/2004	012959.000	1.058	-30.364	+9999	0.241	-1.87
01/11/2004	015959.000	39.542	59.070	+9999	0.147	-2.25
01/11/2004	022959.000	22.447	5.095	+9999	0.248	-2.61
01/11/2004	025959.000	39.396	23.488	+9999	0.271	-3.09
01/11/2004	032959.000	-25.158	-6.344	+9999	0.135	-3.69
01/11/2004	035959.000	51.667	12.284	+9999	0.312	-4.24
01/11/2004	042959.000	110.009	9.668	+9999	0.535	-4.14
01/11/2004	045959.000	156.531	21.589	+9999	0.684	-3.88
01/11/2004	052959.000	149.355	39.976	+9999	0.640	-3.98
01/11/2004	055959.000	87.988	13.231	+9999	0.486	-4.46
01/11/2004	062959.000	80.422	32.527	+9999	0.448	-3.07
01/11/2004	065959.000	18.896	14.566	+9999	0.216	6.84
01/11/2004	072959.000	23.295	14.677	+9999	0.212	36.44
01/11/2004	075959.000	83.368	48.196	+9999	0.281	66.64
01/11/2004	082959.000	34.302	19.669	+9999	0.213	97.77
01/11/2004	085959.000	56.333	30.446	+9999	0.286	127.31
01/11/2004	092959.000	66.440	27.009	+9999	0.365	112.28
01/11/2004	095959.000	45.014	24.803	+9999	0.317	126.72
01/11/2004	102959.000	4.527	14.712	181.596	0.253	98.43
01/11/2004	105959.000	61.840	68.923	124.838	0.288	117.73
01/11/2004	112959.000	-26.086	3.409	+9999	0.249	96.84
01/11/2004	115959.000	75.462	62.393	+9999	0.315	142.25
01/11/2004	122959.000	76.160	89.004	232.668	0.215	82.89
01/11/2004	125959.000	+9999	7.551	+9999	0.185	89.67
01/11/2004	132959.000	+9999	26.032	+9999	0.157	132.00
01/11/2004	135959.000	-30.930	44.310	+9999	0.139	117.64
01/11/2004	142959.000	+9999	-2.767	+9999	0.162	77.99
01/11/2004	145959.000	+9999	-9.322	+9999	0.075	49.11
01/11/2004	152959.000	+9999	-28.840	+9999	0.151	29.78
01/11/2004	155959.000	-56.589	9.463	+9999	0.119	32.65
01/11/2004	162959.000	110.725	33.564	+9999	0.483	7.12
01/11/2004	165959.000	100.791	38.727	+9999	0.390	-21.51
01/11/2004	172959.000	59.465	8.659	+9999	0.378	-62.84
01/11/2004	175959.000	39.968	3.647	+9999	0.360	-73.78
01/11/2004	182959.000	108.918	-11.671	+9999	0.400	-52.73
01/11/2004	185959.000	78.053	-3.060	+9999	0.475	-37.49
01/11/2004	192959.000	70.040	1.534	+9999	0.344	-21.02
01/11/2004	195959.000	+9999	-5.266	+9999	0.170	-20.57
01/11/2004	202959.000	+9999	-15.243	+9999	0.089	-30.89
01/11/2004	205959.000	+9999	0.638	+9999	0.223	-24.78
01/11/2004	212959.000	+9999	-3.138	+9999	0.105	-24.00
01/11/2004	215959.000	+9999	49.177	+9999	0.126	-24.97
01/11/2004	222959.000	+9999	-4.586	+9999	0.080	-13.63
01/11/2004	225959.000	+9999	-5.372	+9999	0.172	-7.47
01/11/2004	232959.000	+9999	+9999	+9999	0.288	-27.93
01/11/2004	235959.000	20.235	5.391	+9999	0.347	-21.27
02/11/2004	002959.000	56.517	-22.426	+9999	0.580	-13.36
02/11/2004	005959.000	-7.720	-8.046	-4.771	0.259	-25.03
02/11/2004	012959.000	15.202	-14.323	+9999	0.288	-19.72
02/11/2004	015959.000	-30.424	18.949	+9999	0.153	-10.35
02/11/2004	022959.000	21.159	17.545	+9999	0.217	-24.99
02/11/2004	025959.000	49.060	3.310	+9999	0.268	-25.12
02/11/2004	032959.000	-36.141	-3.194	+9999	0.076	-24.15
02/11/2004	035959.000	+9999	68.589	+9999	0.235	-24.19
02/11/2004	042959.000	64.433	28.754	+9999	0.299	-23.95
02/11/2004	045959.000	49.534	2.587	+9999	0.414	-22.12
02/11/2004	052959.000	61.048	-4.760	+9999	0.392	-17.79
02/11/2004	055959.000	108.168	29.822	+9999	0.321	-21.13
02/11/2004	062959.000	65.304	-4.694	+9999	0.375	-19.30
02/11/2004	065959.000	+9999	-35.157	+9999	0.180	-10.55
02/11/2004	072959.000	-33.711	-2.421	+9999	0.253	16.75
02/11/2004	075959.000	58.228	8.448	+9999	0.336	65.97
02/11/2004	082959.000	120.804	27.037	+9999	0.566	150.52
02/11/2004	085959.000	251.333	121.804	+9999	0.636	203.29
02/11/2004	092959.000	189.898	46.695	+9999	+9999	234.47
02/11/2004	095959.000	185.608	108.440	+9999	0.542	232.24
02/11/2004	102959.000	154.900	122.102	+9999	0.314	343.55
02/11/2004	105959.000	147.126	181.204	+9999	0.195	375.92
02/11/2004	112959.000	111.560	153.983	+9999	0.230	358.88
02/11/2004	115959.000	204.533	231.259	+9999	0.235	377.32
02/11/2004	122959.000	224.150	207.284	+9999	0.359	382.20
02/11/2004	125959.000	275.853	240.853	+9999	0.416	355.75
02/11/2004	132959.000	112.690	126.900	253.470	0.176	323.92
02/11/2004	135959.000	140.305	100.108	+9999	0.378	278.75
02/11/2004	142959.000	207.710	83.448	+9999	0.643	221.37
02/11/2004	145959.000	255.080	140.299	+9999	0.576	155.06
02/11/2004	152959.000	209.305	84.509	+9999	0.633	77.31
02/11/2004	155959.000	115.397	-17.894	+9999	0.590	9.26
02/11/2004	162959.000	142.161	7.817	+9999	0.561	-50.42
02/11/2004	165959.000	153.053	41.540	+9999	0.531	-79.62
02/11/2004	172959.000	117.644	-8.573	+9999	0.586	-79.42
02/11/2004	175959.000	189.222	17.279	+9999	0.662	-76.89
02/11/2004	182959.000	230.461	34.735	+9999	0.676	-78.60
02/11/2004	185959.000	206.483	44.759	+9999	0.670	-71.38
02/11/2004	192959.000	159.677	-8.354	+9999	0.595	-58.11
02/11/2004	195959.000	76.399	-18.269	+9999	0.519	-40.57
02/11/2004	202959.000	63.450	-24.114	+9999	0.537	-31.50
02/11/2004	205959.000	74.552	-1.699	+9999	0.387	-27.98
02/11/2004	212959.000	80.658	-10.299	+9999	0.390	-26.56
02/11/2004	215959.000	118.692	2.659	+9999	0.400	-25.17
02/11/2004	222959.000	91.392	-32.976	+9999	0.654	-25.28
02/11/2004	225959.000	96.473	43.479	+9999	0.608	-14.15
02/11/2004	232959.000	+9999	-42.141	+9999	0.440	-16.26
02/11/2004	235959.000	8.660	-13.555	+9999	0.155	-21.58
03/11/2004	002959.000	35.479	16.144	+9999	0.199	-21.21
03/11/2004	005959.000	73.982	64.486	+9999	0.349	-16.27
03/11/2004	012959.000	13.888	-10.141	+9999	0.392	-6.58
03/11/2004	015959.000	0.734	-22.554	+9999	0.368	-8.85
03/11/2004	022959.000	65.234	45.478	+9999	0.500	-2.06
03/11/2004	025959.000	82.229	64.172	+9999	0.386	-2.60
03/11/2004	032959.000	21.468	-0.146	+9999	0.381	-4.20
03/11/2004	035959.000	-61.431	-39.292	+9999	0.425	-2.18
03/11/2004	042959.000	5.458	29.085	+9999	0.207	-2.56
03/11/2004	045959.000	15.267	-0.207	+9999	0.158	-4.71
03/11/2004	052959.000	13.981	17.417	+9999	0.230	-3.55
03/11/2004	055959.000	16.419	22.828	0.595	0.219	-3.00
03/11/2004	062959.000	8.376	7.567	-15.888	0.340	-2.38
03/11/2004	065959.000	7.299	6.299	-19.742	0.191	2.18
03/11/2004	072959.000	29.879	23.586	+9999	0.072	25.43
03/11/2004	075959.000	23.011	23.517	+9999	0.243	64.38
03/11/2004	082959.000	44.744	49.011	+9999	0.157	130.61
03/11/2004	085959.000	51.561	45.344	+9999	0.262	138.25
03/11/2004	092959.000	69.277	56.627	+9999	0.281	176.54
03/11/2004	095959.000	36.996	47.762	76.873	0.275	159.91
03/11/2004	102959.000	11.621	46.310	+9999	0.207	146.36
03/11/2004	105959.000	53.216	47.361	+9999	0.171	141.24
03/11/2004	112959.000	21.887	28.252	43.924	0.142	145.81
03/11/2004	115959.000	40.512	37.746	+9999	0.200	122.35
03/11/2004	122959.000	29.043	39.891	+9999	0.159	100.53
03/11/2004	125959.000	31.373	26.106	+9999	0.063	89.10
03/11/2004	132959.000	3.391	31.874	+9999	0.181	80.22
03/11/2004	135959.000	15.347	17.989	+9999	0.052	61.02
03/11/2004	142959.000	12.263	16.982	+9999	0.086	35.53
03/11/2004	145959.000	10.039	15.005	+9999	0.080	38.38
03/11/2004	152959.000	8.648	17.805	+9999	0.083	51.13
03/11/2004	155959.000	11.055	10.242	+9999	0.127	15.70
03/11/2004	162959.000	5.292	2.669	+9999	0.116	-3.89
03/11/2004	165959.000	-1.042	-1.276	-28.075	0.064	-24.00
03/11/2004	172959.000	-2.180	-0.584	28.446	0.064	-22.09
03/11/2004	175959.000	-1.610	-1.667	-0.979	0.082	-18.67
03/11/2004	182959.000	1.855	1.839	-0.421	0.106	-34.87
03/11/2004	185959.000	-3.914	-4.605	-12.079	0.111	-55.42
03/11/2004	192959.000	-0.204	-0.501	-5.548	0.086	-35.35
03/11/2004	195959.000	-3.372	-2.376	17.793	0.047	-10.55
03/11/2004	202959.000	0.018	0.001	-0.569	0.035	-26.57
03/11/2004	205959.000	0.510	0.500	-0.136	0.081	-20.17
03/11/2004	212959.000	-1.713	-1.840	-2.282	0.057	-19.91
03/11/2004	215959.000	0.001	-0.530	-9.253	0.061	-37.07
03/11/2004	222959.000	-1.214	-2.337	-20.108	0.121	-30.88
03/11/2004	225959.000	-4.631	-5.832	-21.400	0.081	-7.88
03/11/2004	232959.000	-12.999	-14.749	-30.847	0.164	-1.74
03/11/2004	235959.000	1.128	-1.243	+9999	0.152	0.66
04/11/2004	002959.000	-0.332	1.745	79.522	0.111	0.52
04/11/2004	005959.000	-1.260	-2.082	-7.746	0.095	0.05
04/11/2004	012959.000	-0.536	-1.060	-17.467	0.069	-0.47
04/11/2004	015959.000	-2.283	-1.746	+9999	0.113	-0.88
04/11/2004	022959.000	-2.590	-1.142	25.454	0.109	-1.26
04/11/2004	025959.000	0.585	1.592	23.023	0.125	0.67
04/11/2004	032959.000	1.572	1.896	8.352	0.085	1.30
04/11/2004	035959.000	2.372	0.922	+9999	0.071	0.95
04/11/2004	042959.000	4.106	3.194	-9.341	0.084	0.72
04/11/2004	045959.000	2.226	1.170	-20.169	0.095	0.72
04/11/2004	052959.000	2.063	1.003	-19.694	0.028	0.80
04/11/2004	055959.000	-0.472	2.143	48.704	0.051	0.78
04/11/2004	062959.000	1.745	-0.307	+9999	0.201	-2.97
04/11/2004	065959.000	0.352	0.860	13.846	0.163	-1.77
04/11/2004	072959.000	-4.929	0.387	+9999	0.155	17.07
04/11/2004	075959.000	18.359	9.977	+9999	0.176	61.55
04/11/2004	082959.000	12.843	20.544	+9999	0.167	74.39
04/11/2004	085959.000	35.404	34.440	+9999	0.181	144.25
04/11/2004	092959.000	130.763	63.080	+9999	0.085	269.15
04/11/2004	095959.000	149.423	94.892	+9999	0.143	265.30
04/11/2004	102959.000	+9999	158.973	+9999	0.306	286.73
04/11/2004	105959.000	254.539	266.836	234.965	0.257	370.82
04/11/2004	112959.000	214.920	221.644	118.559	0.300	386.25
04/11/2004	115959.000	240.038	244.646	80.695	0.308	381.35
04/11/2004	122959.000	254.459	260.227	99.489	0.396	366.60
04/11/2004	125959.000	249.314	255.495	106.933	0.446	344.07
04/11/2004	132959.000	196.095	202.157	104.741	0.414	309.99
04/11/2004	135959.000	154.008	156.978	52.046	0.400	261.66
04/11/2004	142959.000	146.151	149.172	52.385	0.352	211.07
04/11/2004	145959.000	79.427	81.568	36.969	0.241	124.87
04/11/2004	152959.000	17.074	17.629	9.381	0.209	0.04
04/11/2004	155959.000	0.384	0.556	3.427	0.123	-15.38
04/11/2004	162959.000	-0.868	-0.841	0.431	0.054	-50.40
04/11/2004	165959.000	-0.425	-0.423	-0.011	0.033	-69.37
04/11/2004	172959.000	-0.610	-0.645	-0.579	0.035	-70.79
04/11/2004	175959.000	-9.586	-9.936	-6.115	0.093	-67.07
04/11/2004	182959.000	-12.141	-12.571	-7.481	0.100	-69.22
04/11/2004	185959.000	-1.583	-1.636	-0.850	0.043	-63.06
04/11/2004	192959.000	-3.926	-4.047	-2.100	0.049	-57.24
04/11/2004	195959.000	-0.622	-0.634	-0.161	0.030	-52.64
04/11/2004	202959.000	0.393	0.403	0.146	0.020	-44.88
04/11/2004	205959.000	-0.871	-0.908	-0.624	0.021	-38.87
04/11/2004	212959.000	-0.563	-0.592	-0.525	0.022	-33.45
04/11/2004	215959.000	-2.707	-2.820	-1.936	0.033	-29.98
04/11/2004	222959.000	-8.837	-9.035	-3.509	0.068	-28.24
04/11/2004	225959.000	-7.541	-7.647	-1.844	0.071	-27.43
04/11/2004	232959.000	-8.331	-8.397	-1.245	0.077	-26.18
04/11/2004	235959.000	-2.655	-2.684	-0.483	0.033	-28.02
05/11/2004	002959.000	-18.266	-19.229	-16.931	0.113	-27.28
05/11/2004	005959.000	-10.651	-11.347	-12.231	0.100	-25.45
05/11/2004	012959.000	-3.376	-3.550	-3.037	0.044	-24.29
05/11/2004	015959.000	-13.786	-14.813	-18.024	0.080	-23.60
05/11/2004	022959.000	-4.380	-4.537	-2.915	0.069	-21.72
05/11/2004	025959.000	-9.302	-10.084	-13.507	0.078	-20.13
05/11/2004	032959.000	-8.826	-9.095	-4.426	0.075	-16.48
05/11/2004	035959.000	-4.658	-4.977	-5.652	0.067	-8.15
05/11/2004	042959.000	+9999	-11.857	+9999	0.398	-13.75
05/11/2004	045959.000	12.489	13.030	30.373	0.481	-2.70
05/11/2004	052959.000	4.986	12.832	158.408	0.489	-0.56
05/11/2004	055959.000	+9999	3.690	+9999	+9999	-0.85
05/11/2004	062959.000	148.215	160.659	261.217	+9999	-0.89
05/11/2004	065959.000	+9999	+9999	+9999	0.672	1.62
05/11/2004	072959.000	+9999	-47.528	+9999	+9999	8.37
05/11/2004	075959.000	+9999	-14.716	+9999	0.696	28.77
05/11/2004	082959.000	-26.085	68.274	+9999	0.687	37.45
05/11/2004	085959.000	+9999	+9999	+9999	+9999	48.12
05/11/2004	092959.000	+9999	-48.836	+9999	0.606	76.07
05/11/2004	095959.000	+9999	-41.949	+9999	0.697	114.23
05/11/2004	102959.000	+9999	-23.660	+9999	+9999	103.02
05/11/2004	105959.000	+9999	+9999	+9999	+9999	89.60
05/11/2004	112959.000	+9999	-0.600	+9999	+9999	79.76
05/11/2004	115959.000	+9999	+9999	+9999	+9999	65.19
05/11/2004	122959.000	+9999	14.606	+9999	+9999	68.39
05/11/2004	125959.000	+9999	18.285	+9999	+9999	47.48
05/11/2004	132959.000	+9999	27.071	+9999	+9999	57.14
05/11/2004	135959.000	-31.506	56.878	+9999	0.639	59.35
05/11/2004	142959.000	+9999	-19.482	+9999	0.586	38.67
05/11/2004	145959.000	-25.173	49.978	+9999	+9999	23.51
05/11/2004	152959.000	+9999	-48.517	+9999	0.604	16.79
05/11/2004	155959.000	-45.897	-9.463	+9999	0.470	13.01
05/11/2004	162959.000	17.430	11.616	+9999	0.205	3.79
05/11/2004	165959.000	-3.559	6.560	175.153	0.374	-6.83
05/11/2004	172959.000	-18.093	-7.170	188.580	0.213	-21.30
05/11/2004	175959.000	-24.210	-6.945	+9999	0.434	-25.38
05/11/2004	182959.000	+9999	1.987	+9999	0.687	-18.11
05/11/2004	185959.000	+9999	-37.496	+9999	+9999	-11.73
05/11/2004	192959.000	+9999	+9999	+9999	+9999	-6.34
05/11/2004	195959.000	+9999	-13.269	+9999	+9999	-6.62
05/11/2004	202959.000	+9999	+9999	+9999	+9999	-14.35
05/11/2004	205959.000	+9999	+9999	+9999	+9999	-27.06
05/11/2004	212959.000	+9999	+9999	+9999	+9999	-20.65
05/11/2004	215959.000	+9999	+9999	+9999	+9999	-19.78
05/11/2004	222959.000	+9999	0.982	+9999	+9999	-14.26
05/11/2004	225959.000	+9999	+9999	+9999	+9999	-15.20
05/11/2004	232959.000	+9999	+9999	+9999	+9999	-8.76
05/11/2004	235959.000	+9999	0.373	+9999	+9999	-9.75
06/11/2004	002959.000	+9999	+9999	+9999	0.481	-10.34
06/11/2004	005959.000	+9999	+9999	+9999	0.566	-29.26
06/11/2004	012959.000	+9999	14.596	+9999	0.386	-24.41
06/11/2004	015959.000	+9999	26.885	+9999	0.313	-38.65
06/11/2004	022959.000	+9999	+9999	+9999	0.662	-34.36
06/11/2004	025959.000	+9999	1.720	+9999	0.633	-28.03
06/11/2004	032959.000	+9999	-0.183	+9999	+9999	-25.57
06/11/2004	035959.000	+9999	+9999	+9999	+9999	-14.74
06/11/2004	042959.000	+9999	-30.635	+9999	0.649	-12.43
06/11/2004	045959.000	+9999	43.842	+9999	0.478	-10.85
06/11/2004	052959.000	+9999	45.707	+9999	0.452	-14.83
06/11/2004	055959.000	+9999	-39.165	+9999	0.347	-7.82
06/11/2004	062959.000	+9999	8.793	+9999	0.437	-3.71
06/11/2004	065959.000	+9999	-41.692	+9999	0.563	-0.28
06/11/2004	072959.000	+9999	-25.836	+9999	0.497	9.67
06/11/2004	075959.000	+9999	-3.146	+9999	0.644	50.00
06/11/2004	082959.000	+9999	30.279	+9999	0.703	94.70
06/11/2004	085959.000	+9999	-16.014	+9999	+9999	140.57
06/11/2004	092959.000	+9999	172.015	+9999	+9999	246.95
06/11/2004	095959.000	+9999	71.027	+9999	+9999	270.87
06/11/2004	102959.000	30.737	270.155	+9999	+9999	410.64
06/11/2004	105959.000	+9999	8.338	+9999	+9999	305.62
06/11/2004	112959.000	+9999	30.634	+9999	+9999	494.43
06/11/2004	115959.000	+9999	+9999	+9999	+9999	354.62
06/11/2004	122959.000	+9999	4.068	+9999	+9999	248.09
06/11/2004	125959.000	+9999	10.186	+9999	+9999	226.57
06/11/2004	132959.000	+9999	-16.922	+9999	+9999	194.92
06/11/2004	135959.000	+9999	127.491	+9999	+9999	172.75
06/11/2004	142959.000	+9999	+9999	+9999	+9999	89.59
06/11/2004	145959.000	+9999	+9999	+9999	+9999	45.81
06/11/2004	152959.000	+9999	+9999	+9999	+9999	31.12
06/11/2004	155959.000	+9999	29.126	+9999	+9999	-5.80
06/11/2004	162959.000	+9999	+9999	+9999	0.586	-26.51
06/11/2004	165959.000	+9999	12.037	+9999	0.442	-42.24
06/11/2004	172959.000	+9999	+9999	+9999	0.466	-30.37
06/11/2004	175959.000	+9999	39.121	+9999	0.406	-40.12
06/11/2004	182959.000	+9999	-28.610	+9999	0.238	-46.56
06/11/2004	185959.000	+9999	-7.105	+9999	0.314	-45.91
06/11/2004	192959.000	+9999	-15.326	+9999	0.272	-43.05
06/11/2004	195959.000	+9999	55.606	+9999	0.327	-39.31
06/11/2004	202959.000	+9999	-0.229	+9999	0.303	-84.62
06/11/2004	205959.000	+9999	-48.925	+9999	0.261	-86.12
06/11/2004	212959.000	+9999	+9999	+9999	0.289	-85.28
06/11/2004	215959.000	+9999	+9999	+9999	0.327	-81.19
06/11/2004	222959.000	+9999	10.239	+9999	0.377	-82.84
06/11/2004	225959.000	+9999	63.586	+9999	0.425	-85.31
06/11/2004	232959.000	+9999	14.344	+9999	0.411	-85.46
06/11/2004	235959.000	+9999	-8.276	+9999	0.562	-85.70
07/11/2004	002959.000	+9999	+9999	+9999	0.417	-83.81
07/11/2004	005959.000	+9999	-38.286	+9999	0.506	-82.26
07/11/2004	012959.000	+9999	27.380	+9999	0.503	-76.82
07/11/2004	015959.000	+9999	22.031	+9999	0.556	-67.62
07/11/2004	022959.000	+9999	-28.691	+9999	0.506	-64.47
07/11/2004	025959.000	+9999	-9.592	+9999	0.560	-59.97
07/11/2004	032959.000	+9999	-15.778	+9999	0.411	-51.43
07/11/2004	035959.000	+9999	-13.107	+9999	0.588	-41.46
07/11/2004	042959.000	-44.692	-32.083	232.901	0.235	-37.03
07/11/2004	045959.000	-22.352	-23.143	-14.590	0.183	-34.14
07/11/2004	052959.000	-25.988	-26.614	-11.773	0.187	-31.19
07/11/2004	055959.000	-24.010	-24.990	-17.889	0.183	-30.58
07/11/2004	062959.000	-27.860	-28.910	-18.830	0.229	-26.93
07/11/2004	065959.000	-16.493	-16.692	-3.128	0.274	-8.75
07/11/2004	072959.000	-11.326	-8.305	54.529	0.323	14.61
07/11/2004	075959.000	-0.095	1.705	32.194	0.334	46.37
07/11/2004	082959.000	5.652	7.390	30.964	0.286	75.14
07/11/2004	085959.000	12.862	15.708	50.757	0.313	74.24
07/11/2004	092959.000	14.141	16.571	44.078	0.271	66.17
07/11/2004	095959.000	68.007	72.869	88.155	0.293	163.32
07/11/2004	102959.000	148.275	153.427	94.808	0.296	301.96
07/11/2004	105959.000	206.822	211.851	93.858	0.386	352.20
07/11/2004	112959.000	199.649	204.006	81.520	0.445	372.23
07/11/2004	115959.000	168.512	172.436	73.208	0.442	264.44
07/11/2004	122959.000	165.850	169.713	71.525	0.419	342.78
07/11/2004	125959.000	159.450	163.508	75.049	0.490	309.71
07/11/2004	132959.000	132.323	136.141	69.779	0.474	270.14
07/11/2004	135959.000	27.907	29.846	34.692	0.424	86.58
07/11/2004	142959.000	13.503	14.902	24.510	0.420	67.42
07/11/2004	145959.000	-1.187	0.421	26.901	0.440	27.81
07/11/2004	152959.000	-9.875	-8.700	19.955	0.413	20.83
07/11/2004	155959.000	-19.689	-18.228	24.259	0.446	3.44
07/11/2004	162959.000	-21.740	-20.782	15.200	0.426	-13.74
07/11/2004	165959.000	-35.543	-34.744	12.946	0.417	-33.28
07/11/2004	172959.000	-28.992	-28.508	7.274	0.328	-31.14
07/11/2004	175959.000	-25.551	-25.102	7.141	0.319	-35.85
07/11/2004	182959.000	-32.028	-31.450	9.482	0.387	-35.14
07/11/2004	185959.000	-33.432	-32.954	7.414	0.400	-41.52
07/11/2004	192959.000	-42.076	-41.697	5.338	0.423	-48.60
07/11/2004	195959.000	-36.147	-35.682	7.170	0.427	-27.04
07/11/2004	202959.000	-33.115	-32.684	6.727	0.421	-32.41
07/11/2004	205959.000	-41.153	-40.964	2.245	0.430	-43.81
07/11/2004	212959.000	-37.574	-37.569	-0.878	0.413	-50.97
07/11/2004	215959.000	-29.406	-29.313	1.140	0.429	-32.97
07/11/2004	222959.000	-11.692	-11.411	4.468	0.360	-28.64
07/11/2004	225959.000	-5.708	-5.453	4.583	0.359	-28.65
07/11/2004	232959.000	-0.713	-0.550	3.288	0.308	-34.91
07/11/2004	235959.000	2.706	3.066	5.544	0.291	-26.62
08/11/2004	002959.000	1.627	2.025	6.787	0.307	-29.71
08/11/2004	005959.000	1.146	1.281	2.249	0.286	-47.33
08/11/2004	012959.000	2.831	2.935	1.954	0.274	-35.10
08/11/2004	015959.000	-0.577	-0.445	2.135	0.266	-34.23
08/11/2004	022959.000	0.110	0.132	0.539	0.217	-38.20
08/11/2004	025959.000	-10.758	-11.282	-9.295	0.193	-54.86
08/11/2004	032959.000	-4.366	-4.372	-0.133	0.231	-39.43
08/11/2004	035959.000	-2.607	-2.688	-1.275	0.227	-43.69
08/11/2004	042959.000	-6.814	-7.259	-7.941	0.230	-58.74
08/11/2004	045959.000	-7.628	-7.927	-5.223	0.177	-38.69
08/11/2004	052959.000	-5.846	-6.144	-5.375	0.128	-38.52
08/11/2004	055959.000	-6.179	-6.618	-7.905	0.112	-54.91
08/11/2004	062959.000	-2.962	-3.082	-1.938	0.125	-6.46
08/11/2004	065959.000	-1.193	-0.858	5.661	0.150	-1.93
08/11/2004	072959.000	0.622	1.239	10.782	0.135	4.67
08/11/2004	075959.000	12.531	13.590	18.972	0.165	23.78
08/11/2004	082959.000	10.779	12.246	25.359	0.233	23.32
08/11/2004	085959.000	40.822	43.173	42.454	0.245	106.64
08/11/2004	092959.000	73.396	75.694	42.008	0.271	141.59
08/11/2004	095959.000	55.107	56.857	31.090	0.275	95.20
08/11/2004	102959.000	65.963	67.778	33.156	0.218	150.58
08/11/2004	105959.000	140.605	143.924	60.289	0.308	312.23
08/11/2004	112959.000	98.140	100.078	35.916	0.232	217.78
08/11/2004	115959.000	23.068	24.338	22.388	0.301	60.17
08/11/2004	122959.000	34.195	35.779	27.734	0.317	117.92
08/11/2004	125959.000	49.821	51.514	30.721	0.322	151.55
08/11/2004	132959.000	67.191	69.454	40.686	0.279	148.57
08/11/2004	135959.000	27.491	28.511	18.420	0.192	84.74
08/11/2004	142959.000	29.458	30.875	25.315	0.219	91.70
08/11/2004	145959.000	18.441	19.271	14.923	0.166	55.10
08/11/2004	152959.000	-2.978	-2.926	1.932	0.156	13.35
08/11/2004	155959.000	-5.662	-5.618	2.017	0.111	-13.22
08/11/2004	162959.000	-7.865	-7.627	3.994	0.098	-43.66
08/11/2004	165959.000	-1.309	-1.331	-0.650	0.047	-30.22
08/11/2004	172959.000	-0.142	-0.168	-0.799	0.024	-23.93
08/11/2004	175959.000	-3.775	-3.714	0.915	0.069	-22.18
08/11/2004	182959.000	-2.125	-2.116	0.391	0.043	-15.14
08/11/2004	185959.000	-3.102	-2.724	6.714	0.093	-8.27
08/11/2004	192959.000	-6.093	-5.765	5.888	0.136	-8.09
08/11/2004	195959.000	-10.488	-10.091	6.937	0.205	-6.73
08/11/2004	202959.000	-10.535	-10.125	7.168	0.215	-7.14
08/11/2004	205959.000	-24.994	-24.349	11.223	0.282	-8.02
08/11/2004	212959.000	-15.586	-14.655	17.151	0.208	-5.42
08/11/2004	215959.000	-13.128	-12.998	2.929	0.206	-4.16
08/11/2004	222959.000	-6.315	-17.325	+9999	0.273	-4.10
08/11/2004	225959.000	-14.037	-11.463	+9999	0.337	-3.21
08/11/2004	232959.000	-1.019	-7.200	+9999	0.337	-2.55
08/11/2004	235959.000	-12.620	-12.195	-11.200	0.315	-2.04
09/11/2004	002959.000	-6.195	-3.379	+9999	0.286	-1.92
09/11/2004	005959.000	-4.212	-4.186	+9999	0.261	-1.81
09/11/2004	012959.000	-16.192	-11.868	18.955	0.294	-1.43
09/11/2004	015959.000	-15.854	-6.962	+9999	0.187	-1.26
09/11/2004	022959.000	1.109	-6.126	+9999	0.330	-1.09
09/11/2004	025959.000	15.617	15.397	+9999	0.348	-1.05
09/11/2004	032959.000	-15.356	-21.431	+9999	0.367	-0.76
09/11/2004	035959.000	6.140	-6.243	+9999	0.422	-1.07
09/11/2004	042959.000	13.263	-5.868	-9.787	0.505	-0.82
09/11/2004	045959.000	-9.533	-9.675	+9999	0.479	-1.40
09/11/2004	052959.000	-15.010	-17.572	-26.553	0.460	-2.21
09/11/2004	055959.000	-17.858	-16.469	23.758	0.476	-3.84
09/11/2004	062959.000	-16.927	-15.530	24.678	0.450	-5.95
09/11/2004	065959.000	-16.155	-14.939	22.348	0.373	-3.91
09/11/2004	072959.000	-17.591	-16.556	17.581	0.409	3.15
09/11/2004	075959.000	-13.620	-11.959	29.596	0.412	18.00
09/11/2004	082959.000	-15.183	-13.828	23.524	0.380	21.59
09/11/2004	085959.000	-0.417	1.766	37.825	0.344	60.49
09/11/2004	092959.000	12.728	16.253	63.520	0.395	119.40
09/11/2004	095959.000	15.794	18.811	53.469	0.377	108.42
09/11/2004	102959.000	-8.198	-6.076	36.627	0.377	53.32
09/11/2004	105959.000	0.117	1.982	33.517	0.407	44.41
09/11/2004	112959.000	-4.351	-2.507	32.389	0.476	34.42
09/11/2004	115959.000	15.920	19.578	65.024	0.505	91.75
09/11/2004	122959.000	21.983	24.762	48.840	0.552	95.15
09/11/2004	125959.000	9.887	12.395	43.960	0.471	78.07
09/11/2004	132959.000	7.465	9.904	43.170	0.552	51.07
09/11/2004	135959.000	6.240	8.857	46.063	0.555	40.66
09/11/2004	142959.000	12.074	14.195	36.956	0.531	41.24
09/11/2004	145959.000	1.289	3.164	33.458	0.471	22.55
09/11/2004	152959.000	-9.406	-10.914	-26.363	0.504	24.00
09/11/2004	155959.000	-24.972	-24.563	6.957	0.522	6.10
09/11/2004	162959.000	-17.125	-37.988	+9999	0.524	-1.88
09/11/2004	165959.000	-58.835	-51.654	+9999	0.511	-40.73
09/11/2004	172959.000	-46.794	-45.755	20.652	0.420	-48.00
09/11/2004	175959.000	-42.726	-42.183	9.581	0.448	-30.78
09/11/2004	182959.000	-49.539	-48.739	14.464	0.529	-19.79
09/11/2004	185959.000	-59.263	-60.606	-21.012	0.603	-6.19
09/11/2004	192959.000	-54.545	-50.596	72.703	0.577	-4.28
09/11/2004	195959.000	-50.193	-41.653	+9999	0.594	-2.94
09/11/2004	202959.000	-1.613	-32.237	+9999	0.516	-2.79
09/11/2004	205959.000	9.379	15.931	46.059	0.333	-2.03
09/11/2004	212959.000	0.756	4.184	22.228	0.245	-4.02
09/11/2004	215959.000	-3.645	1.194	68.488	0.185	-4.30
09/11/2004	222959.000	-1.566	-1.558	+9999	0.195	-3.75
09/11/2004	225959.000	-1.709	2.967	+9999	0.272	-4.01
09/11/2004	232959.000	-29.858	-7.889	+9999	0.293	-3.93
09/11/2004	235959.000	-6.786	-7.471	-13.000	0.296	-3.58
10/11/2004	002959.000	-9.221	-7.853	28.235	0.237	-3.43
10/11/2004	005959.000	-5.777	-4.398	24.163	0.159	-3.45
10/11/2004	012959.000	-3.698	-3.116	9.889	0.100	-4.99
10/11/2004	015959.000	-0.044	0.752	13.935	0.100	-4.46
10/11/2004	022959.000	0.425	1.443	17.254	0.138	-3.91
10/11/2004	025959.000	-0.497	0.374	16.034	0.110	-4.13
10/11/2004	032959.000	-2.060	-1.149	15.689	0.114	-4.39
10/11/2004	035959.000	-1.393	-0.160	21.818	0.098	-5.42
10/11/2004	042959.000	-0.635	0.937	28.168	0.125	-4.90
10/11/2004	045959.000	-3.455	-0.415	56.504	0.112	-4.44
10/11/2004	052959.000	3.093	-1.026	+9999	0.195	-3.75
10/11/2004	055959.000	0.027	3.554	+9999	0.224	-3.97
10/11/2004	062959.000	0.407	1.802	26.962	0.099	-4.71
10/11/2004	065959.000	-1.627	1.051	50.393	0.183	-3.80
10/11/2004	072959.000	1.142	1.768	11.271	0.204	-0.73
10/11/2004	075959.000	9.303	9.939	10.358	0.192	7.63
10/11/2004	082959.000	-2.640	-1.499	97.250	0.215	7.93
10/11/2004	085959.000	2.400	2.696	-21.445	0.166	19.52
10/11/2004	092959.000	-1.028	-0.422	5.641	0.205	24.99
10/11/2004	095959.000	6.022	2.318	+9999	0.206	47.24
10/11/2004	102959.000	22.805	15.048	25.899	0.283	47.27
10/11/2004	105959.000	14.595	3.677	-6.731	0.437	71.75
10/11/2004	112959.000	-25.011	-19.536	118.190	0.464	63.05
10/11/2004	115959.000	-26.139	-32.119	+9999	0.448	44.92
10/11/2004	122959.000	-51.560	-49.704	32.867	0.419	48.35
10/11/2004	125959.000	-30.268	-32.224	+9999	0.420	16.45
10/11/2004	132959.000	-26.700	-25.959	12.437	0.385	29.33
10/11/2004	135959.000	-10.695	-8.266	42.383	0.333	62.81
10/11/2004	142959.000	-7.306	-4.288	55.293	0.350	39.20
10/11/2004	145959.000	-3.529	5.018	108.435	0.290	15.01
10/11/2004	152959.000	-2.184	0.121	45.684	0.245	18.78
10/11/2004	155959.000	-14.544	-16.776	9.641	0.273	19.30
10/11/2004	162959.000	-3.059	-11.264	+9999	0.237	1.05
10/11/2004	165959.000	-17.050	-13.656	+9999	0.244	-6.77
10/11/2004	172959.000	-7.413	-9.352	+9999	0.231	-7.53
10/11/2004	175959.000	-8.385	-6.556	32.574	0.249	-9.16
10/11/2004	182959.000	-15.460	-14.324	20.172	0.279	-10.39
10/11/2004	185959.000	-17.019	-15.824	20.762	0.308	-16.91
10/11/2004	192959.000	-25.531	-24.390	19.959	0.353	-16.82
10/11/2004	195959.000	-19.153	-18.320	13.940	0.319	-16.52
10/11/2004	202959.000	-27.528	-26.769	13.331	0.363	-17.23
10/11/2004	205959.000	-12.944	-12.206	12.950	0.310	-20.38
10/11/2004	212959.000	-14.776	-12.266	44.984	0.292	-18.11
10/11/2004	215959.000	-13.212	-12.634	10.289	0.235	-14.40
10/11/2004	222959.000	-12.635	-11.533	19.102	0.284	-11.25
10/11/2004	225959.000	-13.441	-12.429	16.818	0.290	-13.30
10/11/2004	232959.000	-9.241	-6.588	48.259	0.253	-13.47
10/11/2004	235959.000	-14.892	-10.340	88.905	0.282	-9.24
11/11/2004	002959.000	-18.708	-16.621	33.147	0.277	-12.52
11/11/2004	005959.000	-17.900	-16.737	20.716	0.253	-12.17
11/11/2004	012959.000	-20.855	-20.103	12.979	0.210	-14.51
11/11/2004	015959.000	-15.755	-15.212	8.592	0.219	-16.44
11/11/2004	022959.000	-17.514	-16.916	10.431	0.242	-18.51
11/11/2004	025959.000	-14.683	-13.791	16.091	0.277	-16.22
11/11/2004	032959.000	-13.063	-12.424	10.941	0.274	-14.15
11/11/2004	035959.000	-17.724	-14.942	49.203	0.331	-12.02
11/11/2004	042959.000	-18.702	-15.976	52.195	0.324	-6.13
11/11/2004	045959.000	-16.729	-13.365	72.885	0.305	-4.31
11/11/2004	052959.000	-7.295	-8.380	-21.226	0.399	-3.48
11/11/2004	055959.000	-12.713	-10.669	35.726	0.481	-4.87
11/11/2004	062959.000	-10.443	-11.684	+9999	0.450	-5.77
11/11/2004	065959.000	-4.738	-9.688	+9999	0.379	-3.49
11/11/2004	072959.000	-6.706	-8.548	-20.816	0.398	-1.97
11/11/2004	075959.000	-8.852	-6.770	42.342	0.423	2.86
11/11/2004	082959.000	0.029	-6.837	+9999	0.424	7.99
11/11/2004	085959.000	-16.483	-9.376	+9999	0.390	13.28
11/11/2004	092959.000	1.630	-8.608	+9999	0.384	23.94
11/11/2004	095959.000	-12.626	-16.103	+9999	0.420	44.24
11/11/2004	102959.000	-29.110	-25.059	72.563	0.400	41.13
11/11/2004	105959.000	-11.729	-10.024	30.683	0.334	21.63
11/11/2004	112959.000	-16.936	-15.447	26.291	0.360	56.49
11/11/2004	115959.000	-14.649	-11.635	53.413	0.416	112.26
11/11/2004	122959.000	-8.598	-5.276	58.530	0.423	109.72
11/11/2004	125959.000	-1.466	1.711	55.703	0.434	118.08
11/11/2004	132959.000	-8.041	-5.338	48.390	0.447	81.17
11/11/2004	135959.000	-2.957	-0.254	48.520	0.458	87.63
11/11/2004	142959.000	-8.186	-5.440	48.949	0.458	44.82
11/11/2004	145959.000	1.404	3.555	37.955	0.343	33.12
11/11/2004	152959.000	6.682	8.127	25.345	0.268	9.70
11/11/2004	155959.000	3.149	3.766	11.073	0.278	-10.04
11/11/2004	162959.000	2.906	3.665	13.405	0.260	-15.66
11/11/2004	165959.000	-1.201	-0.593	10.618	0.260	-24.77
11/11/2004	172959.000	-2.615	-1.827	13.780	0.272	-30.01
11/11/2004	175959.000	-1.488	-0.840	11.849	0.241	-29.26
11/11/2004	182959.000	-8.809	-8.151	11.951	0.278	-32.18
11/11/2004	185959.000	-12.127	-11.800	5.664	0.239	-50.65
11/11/2004	192959.000	-18.852	-18.778	0.939	0.258	-67.07
11/11/2004	195959.000	-19.075	-19.110	-0.811	0.205	-61.52
11/11/2004	202959.000	-15.265	-14.750	8.905	0.244	-34.37
11/11/2004	205959.000	-18.764	-18.693	1.000	0.196	-90.00
11/11/2004	212959.000	-8.280	-8.338	-1.249	0.068	-79.33
11/11/2004	215959.000	-7.038	-7.102	-1.238	0.072	-68.67
11/11/2004	222959.000	-13.326	-13.332	-0.442	0.110	-69.76
11/11/2004	225959.000	-11.399	-11.460	-1.341	0.095	-64.47
11/11/2004	232959.000	-10.668	-10.746	-1.709	0.095	-58.86
11/11/2004	235959.000	-17.977	-18.047	-1.631	0.116	-52.10
12/11/2004	002959.000	-9.543	-9.555	-0.558	0.080	-48.40
12/11/2004	005959.000	-13.303	-13.361	-1.402	0.100	-45.21
12/11/2004	012959.000	-7.269	-7.327	-1.269	0.076	-41.80
12/11/2004	015959.000	-11.242	-11.306	-1.408	0.082	-38.68
12/11/2004	022959.000	-3.952	-3.964	-0.332	0.052	-35.79
12/11/2004	025959.000	-1.203	-1.195	-0.008	0.028	-34.21
12/11/2004	032959.000	-1.128	-1.123	0.132	0.050	-32.94
12/11/2004	035959.000	-3.251	-3.293	-0.825	0.045	-32.14
12/11/2004	042959.000	-0.093	-0.110	-0.360	0.043	-31.37
12/11/2004	045959.000	-0.952	-0.965	-0.271	0.035	-30.13
12/11/2004	052959.000	0.009	-0.006	-0.160	0.035	-29.53
12/11/2004	055959.000	-0.155	-0.172	-0.241	0.026	-28.95
12/11/2004	062959.000	0.300	0.316	0.236	0.040	-27.95
12/11/2004	065959.000	-0.083	-0.091	-0.171	0.025	-23.60
12/11/2004	072959.000	-0.473	-0.496	-0.425	0.041	-2.80
12/11/2004	075959.000	-1.129	-0.997	2.335	0.055	75.22
12/11/2004	082959.000	18.497	20.483	36.235	0.198	156.26
12/11/2004	085959.000	39.832	43.517	67.298	0.119	153.40
12/11/2004	092959.000	62.683	67.397	85.823	0.098	170.34
12/11/2004	095959.000	93.702	98.821	94.061	0.206	231.99
12/11/2004	102959.000	137.319	142.681	98.455	0.217	293.99
12/11/2004	105959.000	184.455	189.651	96.278	0.259	332.17
12/11/2004	112959.000	217.109	225.049	145.844	0.294	349.29
12/11/2004	115959.000	210.402	215.290	91.329	0.319	351.13
12/11/2004	122959.000	204.535	209.758	96.989	0.355	340.56
12/11/2004	125959.000	179.859	185.031	95.490	0.408	320.00
12/11/2004	132959.000	145.913	150.049	76.626	0.372	286.83
12/11/2004	135959.000	127.869	131.156	60.910	0.307	241.68
12/11/2004	142959.000	98.926	102.137	58.669	0.342	184.72
12/11/2004	145959.000	67.418	70.233	51.050	0.379	121.07
12/11/2004	152959.000	19.049	21.027	34.989	0.435	52.32
12/11/2004	155959.000	2.280	3.610	23.473	0.334	-17.47
12/11/2004	162959.000	-9.620	-9.280	5.595	0.212	-70.00
12/11/2004	165959.000	-21.023	-21.035	-0.570	0.204	-90.17
12/11/2004	172959.000	-17.748	-17.830	-1.819	0.153	-89.66
12/11/2004	175959.000	-22.919	-22.915	-0.467	0.158	-89.19
12/11/2004	182959.000	-15.183	-15.290	-2.264	0.146	-86.93
12/11/2004	185959.000	-15.156	-15.376	-4.234	0.118	-85.41
12/11/2004	192959.000	-27.784	-28.181	-7.700	0.142	-85.50
12/11/2004	195959.000	-29.296	-29.723	-8.317	0.150	-85.42
12/11/2004	202959.000	-44.513	-44.904	-7.944	0.243	-88.10
12/11/2004	205959.000	-35.037	-35.429	-7.801	0.204	-88.71
12/11/2004	212959.000	-44.189	-44.641	-9.124	0.246	-88.93
12/11/2004	215959.000	-48.007	-48.459	-9.134	0.330	-89.94
12/11/2004	222959.000	-44.388	-44.712	-6.947	0.358	-89.54
12/11/2004	225959.000	-48.429	-48.803	-7.744	0.354	-89.24
12/11/2004	232959.000	-43.245	-43.796	-10.762	0.320	-88.59
12/11/2004	235959.000	-42.616	-43.181	-10.942	0.334	-86.08
13/11/2004	002959.000	-36.932	-37.355	-8.446	0.437	-83.50
13/11/2004	005959.000	-39.543	-40.170	-12.152	0.429	-83.60
13/11/2004	012959.000	-34.608	-35.084	-9.010	0.494	-73.15
13/11/2004	015959.000	-32.079	-32.306	-5.068	0.453	-70.01
13/11/2004	022959.000	-24.170	-24.012	2.393	0.473	-62.75
13/11/2004	025959.000	-21.205	-21.069	1.919	0.405	-77.73
13/11/2004	032959.000	-28.888	-28.704	2.208	0.486	-83.04
13/11/2004	035959.000	-27.792	-27.652	1.821	0.418	-83.83
13/11/2004	042959.000	-34.032	-33.898	1.740	0.414	-74.59
13/11/2004	045959.000	-34.874	-34.765	1.080	0.324	-65.44
13/11/2004	052959.000	-29.799	-29.539	3.815	0.404	-58.73
13/11/2004	055959.000	-23.818	-23.934	-2.047	0.332	-64.47
13/11/2004	062959.000	-28.072	-28.248	-3.772	0.326	-54.42
13/11/2004	065959.000	-10.664	-9.388	23.281	0.415	-4.09
13/11/2004	072959.000	-12.427	-11.027	23.735	0.401	-1.20
13/11/2004	075959.000	-9.429	-8.863	-4.925	0.380	3.53
13/11/2004	082959.000	1.476	-0.795	-17.912	0.433	27.20
13/11/2004	085959.000	-10.250	-10.714	-24.285	0.377	32.05
13/11/2004	092959.000	-2.538	1.861	88.562	0.326	49.14
13/11/2004	095959.000	11.247	8.035	52.821	0.336	59.46
13/11/2004	102959.000	3.172	7.622	71.931	0.398	56.73
13/11/2004	105959.000	27.938	21.053	+9999	0.445	78.78
13/11/2004	112959.000	13.506	14.591	19.929	0.300	55.70
13/11/2004	115959.000	30.790	32.465	30.426	0.386	97.73
13/11/2004	122959.000	40.946	43.012	37.120	0.439	96.73
13/11/2004	125959.000	36.034	37.657	29.586	0.427	92.76
13/11/2004	132959.000	69.797	72.647	51.635	0.533	178.07
13/11/2004	135959.000	42.492	44.384	33.567	0.554	93.03
13/11/2004	142959.000	13.969	15.259	23.280	0.531	86.98
13/11/2004	145959.000	40.366	42.093	31.279	0.496	93.92
13/11/2004	152959.000	-2.618	-1.355	22.990	0.404	-0.69
13/11/2004	155959.000	-38.319	-36.066	38.567	0.373	-39.48
13/11/2004	162959.000	-55.487	-53.911	26.145	0.348	-79.05
13/11/2004	165959.000	-52.090	-51.381	10.970	0.294	-98.15
13/11/2004	172959.000	-50.721	-50.052	10.203	0.295	-99.99
13/11/2004	175959.000	-53.963	-53.230	11.214	0.332	-99.86
13/11/2004	182959.000	-55.807	-55.068	11.306	0.328	-100.17
13/11/2004	185959.000	-50.766	-50.056	11.035	0.356	-100.79
13/11/2004	192959.000	-47.660	-46.889	12.066	0.370	-101.32
13/11/2004	195959.000	-47.361	-46.465	14.236	0.461	-101.51
13/11/2004	202959.000	-41.710	-41.044	10.353	0.376	-101.12
13/11/2004	205959.000	-56.355	-55.978	4.850	0.364	-100.20
13/11/2004	212959.000	-44.086	-43.838	3.039	0.328	-99.75
13/11/2004	215959.000	-35.027	-34.409	9.833	0.366	-99.89
13/11/2004	222959.000	-36.893	-36.391	7.817	0.395	-99.01
13/11/2004	225959.000	-29.942	-29.568	5.697	0.339	-98.38
13/11/2004	232959.000	-48.806	-48.544	2.994	0.366	-97.26
13/11/2004	235959.000	-43.256	-43.116	1.132	0.350	-96.47
14/11/2004	002959.000	-50.771	-50.707	-0.665	0.418	-96.61
14/11/2004	005959.000	-42.833	-42.732	0.572	0.393	-96.80
14/11/2004	012959.000	-38.677	-38.662	-0.877	0.386	-96.96
14/11/2004	015959.000	-43.910	-44.067	-4.239	0.353	-96.47
14/11/2004	022959.000	-49.748	-50.013	-6.290	0.375	-96.29
14/11/2004	025959.000	-45.272	-45.482	-5.092	0.365	-96.17
14/11/2004	032959.000	-40.716	-41.089	-7.901	0.323	-95.34
14/11/2004	035959.000	-46.226	-46.724	-10.334	0.364	-94.48
14/11/2004	042959.000	-92.358	-40.113	+9999	0.549	-95.06
14/11/2004	045959.000	-179.904	136.510	+9999	0.878	-94.53
14/11/2004	052959.000	-74.449	225.698	+9999	0.845	-93.37
14/11/2004	055959.000	-220.563	136.389	+9999	1.075	-93.80
14/11/2004	062959.000	-206.497	67.361	+9999	0.713	-91.91
14/11/2004	065959.000	-333.985	-2.724	+9999	0.911	-86.16
14/11/2004	072959.000	-294.909	24.887	+9999	1.033	-60.61
14/11/2004	075959.000	-297.933	91.126	+9999	1.353	-2.89
14/11/2004	082959.000	-406.334	70.476	+9999	1.703	68.77
14/11/2004	085959.000	-467.601	+9999	+9999	1.495	139.83
14/11/2004	092959.000	-473.461	-9.138	+9999	1.543	204.01
14/11/2004	095959.000	-445.637	304.467	+9999	1.721	256.44
14/11/2004	102959.000	-417.017	44.062	+9999	1.762	319.32
14/11/2004	105959.000	-288.377	194.362	+9999	1.936	332.84
14/11/2004	112959.000	-421.895	54.882	+9999	1.971	458.67
14/11/2004	115959.000	-341.723	130.000	+9999	1.903	305.61
14/11/2004	122959.000	-524.146	+9999	+9999	1.461	81.26
14/11/2004	125959.000	-509.832	+9999	+9999	1.599	64.41
14/11/2004	132959.000	-445.119	24.244	+9999	1.643	56.92
14/11/2004	135959.000	-547.336	+9999	+9999	1.768	63.45
14/11/2004	142959.000	-608.408	+9999	+9999	1.941	75.12
14/11/2004	145959.000	-599.283	+9999	+9999	2.119	97.12
14/11/2004	152959.000	-294.606	236.926	+9999	2.149	1.65
14/11/2004	155959.000	-241.927	253.363	+9999	2.155	-32.33
14/11/2004	162959.000	-275.689	+9999	+9999	1.781	-80.53
14/11/2004	165959.000	-309.504	148.971	+9999	1.420	-96.68
14/11/2004	172959.000	-355.921	119.955	+9999	1.216	-98.36
14/11/2004	175959.000	-441.495	45.918	+9999	1.590	-98.27
14/11/2004	182959.000	-566.739	+9999	+9999	1.686	-98.21
14/11/2004	185959.000	-445.056	-4.988	+9999	1.619	-97.84
14/11/2004	192959.000	-455.737	37.894	+9999	1.751	-98.42
14/11/2004	195959.000	-416.018	-7.716	+9999	1.461	-98.38
14/11/2004	202959.000	-221.759	186.364	+9999	1.461	-98.39
14/11/2004	205959.000	-295.860	65.726	+9999	1.247	-97.91
14/11/2004	212959.000	-214.474	112.229	+9999	1.296	-97.72
14/11/2004	215959.000	-260.251	67.360	+9999	1.020	-97.64
14/11/2004	222959.000	-255.976	124.548	+9999	1.196	-97.27
14/11/2004	225959.000	-185.236	172.302	+9999	1.242	-96.99
14/11/2004	232959.000	-201.699	149.903	+9999	1.226	-97.73
14/11/2004	235959.000	-297.633	80.305	+9999	1.171	-98.21
15/11/2004	002959.000	-58.855	-59.001	-4.692	0.373	-97.15
15/11/2004	005959.000	-45.387	-45.493	-3.386	0.345	-97.28
15/11/2004	012959.000	-54.271	-54.196	-0.398	0.360	-98.07
15/11/2004	015959.000	-30.789	-30.903	-3.055	0.257	-96.46
15/11/2004	022959.000	-23.058	-23.189	-3.112	0.244	-95.82
15/11/2004	025959.000	-26.384	-26.505	-3.016	0.279	-95.64
15/11/2004	032959.000	-28.371	-28.448	-2.149	0.330	-97.40
15/11/2004	035959.000	-14.239	-14.235	-0.653	0.387	-96.92
15/11/2004	042959.000	-17.686	-18.045	-6.264	0.372	-95.32
15/11/2004	045959.000	-12.518	-12.837	-6.293	0.438	-91.87
15/11/2004	052959.000	-22.281	-22.575	-6.185	0.458	-88.50
15/11/2004	055959.000	-19.697	-20.086	-7.752	0.428	-82.49
15/11/2004	062959.000	-23.079	-23.627	-10.795	0.423	-69.00
15/11/2004	065959.000	-36.692	-36.952	-5.851	0.446	-62.32
15/11/2004	072959.000	-30.721	-30.432	4.024	0.423	-27.45
15/11/2004	075959.000	-7.422	-6.748	12.083	0.370	-4.31
15/11/2004	082959.000	7.393	8.870	27.116	0.457	54.03
15/11/2004	085959.000	43.965	46.453	46.329	0.492	101.93
15/11/2004	092959.000	28.894	31.239	43.104	0.510	126.46
15/11/2004	095959.000	23.284	25.549	41.021	0.523	74.51
15/11/2004	102959.000	117.822	122.160	81.783	0.600	236.28
15/11/2004	105959.000	131.809	135.323	67.061	0.568	300.06
15/11/2004	112959.000	214.526	219.471	95.814	0.611	385.76
15/11/2004	115959.000	208.987	213.391	85.261	0.596	387.51
15/11/2004	122959.000	204.651	208.662	77.777	0.623	370.93
15/11/2004	125959.000	185.556	189.458	74.741	0.631	306.75
15/11/2004	132959.000	134.451	137.467	57.473	0.607	250.73
15/11/2004	135959.000	126.795	129.617	53.836	0.615	221.96
15/11/2004	142959.000	99.157	102.083	54.282	0.619	174.31
15/11/2004	145959.000	33.864	36.147	40.887	0.578	109.28
15/11/2004	152959.000	-1.177	0.258	+9999	0.475	41.87
15/11/2004	155959.000	-32.399	-31.297	18.412	0.483	-25.54
15/11/2004	162959.000	-42.537	-42.076	6.554	0.360	-78.61
15/11/2004	165959.000	-50.545	-50.304	2.671	0.316	-96.58
15/11/2004	172959.000	-39.032	-38.964	-0.069	0.239	-97.11
15/11/2004	175959.000	-50.019	-49.797	2.548	0.360	-97.43
15/11/2004	182959.000	-37.705	-37.673	-0.574	0.252	-96.08
15/11/2004	185959.000	-43.989	-43.863	0.770	0.311	-95.64
15/11/2004	192959.000	-45.047	-45.051	-1.498	0.336	-95.08
15/11/2004	195959.000	-51.967	-52.202	-5.755	0.294	-94.26
15/11/2004	202959.000	-42.388	-42.661	-6.113	0.286	-94.11
15/11/2004	205959.000	-36.015	-36.402	-8.002	0.202	-91.55
15/11/2004	212959.000	-35.920	-36.290	-7.792	0.249	-90.70
15/11/2004	215959.000	-28.171	-28.483	-6.460	0.250	-91.23
15/11/2004	222959.000	-27.441	-27.832	-7.852	0.220	-90.27
15/11/2004	225959.000	-28.752	-29.053	-6.213	0.195	-89.17
15/11/2004	232959.000	-27.397	-27.781	-7.721	0.264	-87.68
15/11/2004	235959.000	-22.977	-23.313	-6.701	0.351	-85.96
16/11/2004	002959.000	-14.705	-14.856	-3.046	0.344	-85.38
16/11/2004	005959.000	-12.413	-12.697	-5.451	0.392	-84.13
16/11/2004	012959.000	-16.860	-17.232	-7.288	0.380	-83.55
16/11/2004	015959.000	-14.689	-15.199	-9.270	0.392	-81.72
16/11/2004	022959.000	-15.491	-15.819	-6.306	0.353	-80.15
16/11/2004	025959.000	-17.056	-17.762	-13.309	0.351	-78.79
16/11/2004	032959.000	-10.005	-10.332	-6.120	0.266	-49.20
16/11/2004	035959.000	-5.830	-5.350	8.664	0.201	-9.91
16/11/2004	042959.000	-9.347	-8.973	6.723	0.213	-27.75
16/11/2004	045959.000	-16.610	-16.148	8.068	0.203	-8.15
16/11/2004	052959.000	-10.856	-10.424	7.817	0.218	-8.51
16/11/2004	055959.000	-9.207	-8.659	9.576	0.259	-7.85
16/11/2004	062959.000	-13.604	-13.151	8.175	0.299	-7.89
16/11/2004	065959.000	-15.428	-14.866	10.345	0.334	-7.40
16/11/2004	072959.000	-15.486	-14.700	13.651	0.350	-3.38
16/11/2004	075959.000	-17.471	-17.545	0.227	0.453	-0.01
16/11/2004	082959.000	-20.390	-17.195	57.352	0.497	6.45
16/11/2004	085959.000	-17.286	-16.063	22.604	0.464	10.26
16/11/2004	092959.000	-21.609	-18.914	49.766	0.532	17.59
16/11/2004	095959.000	-22.007	-19.927	36.989	0.482	22.86
16/11/2004	102959.000	-15.521	-13.703	33.004	0.450	30.24
16/11/2004	105959.000	-9.273	-7.688	28.309	0.432	39.99
16/11/2004	112959.000	-2.670	-1.099	27.686	0.438	49.04
16/11/2004	115959.000	8.206	9.825	28.848	0.412	63.40
16/11/2004	122959.000	23.799	25.468	30.370	0.363	89.88
16/11/2004	125959.000	16.606	18.312	30.792	0.381	54.11
16/11/2004	132959.000	6.191	8.399	-4.938	0.366	65.37
16/11/2004	135959.000	6.818	11.797	114.216	0.320	56.12
16/11/2004	142959.000	10.636	12.091	26.042	0.345	37.73
16/11/2004	145959.000	8.357	9.275	16.329	0.339	25.93
16/11/2004	152959.000	4.279	5.021	12.730	0.338	14.13
16/11/2004	155959.000	3.026	3.606	8.999	0.298	2.63
16/11/2004	162959.000	-7.010	-6.620	7.093	0.276	-10.16
16/11/2004	165959.000	-8.595	-8.326	4.216	0.228	-13.97
16/11/2004	172959.000	-7.528	-7.287	4.622	0.255	-14.02
16/11/2004	175959.000	-17.909	-17.424	8.475	0.309	-13.98
16/11/2004	182959.000	-16.432	-16.125	5.553	0.259	-14.77
16/11/2004	185959.000	-17.786	-17.430	5.611	0.279	-15.42
16/11/2004	192959.000	-10.677	-10.398	4.583	0.231	-14.18
16/11/2004	195959.000	-6.836	-6.520	5.244	0.192	-13.44
16/11/2004	202959.000	-11.966	-11.731	4.031	0.203	-13.26
16/11/2004	205959.000	-17.267	-16.960	5.134	0.245	-13.88
16/11/2004	212959.000	-18.381	-17.973	6.770	0.267	-14.58
16/11/2004	215959.000	-16.424	-16.102	5.374	0.244	-14.29
16/11/2004	222959.000	-16.374	-16.036	5.500	0.215	-13.57
16/11/2004	225959.000	-15.939	-15.558	6.200	0.207	-13.60
16/11/2004	232959.000	-14.606	-14.283	5.401	0.200	-13.38
16/11/2004	235959.000	-16.061	-15.793	4.480	0.239	-13.83
17/11/2004	002959.000	-22.405	-21.936	7.358	0.270	-14.17
17/11/2004	005959.000	-14.467	-14.330	2.117	0.185	-14.31
17/11/2004	012959.000	-19.772	-19.461	4.915	0.259	-14.69
17/11/2004	015959.000	-12.316	-12.090	3.888	0.207	-15.25
17/11/2004	022959.000	-7.027	-6.861	2.219	0.153	-13.94
17/11/2004	025959.000	-11.106	-10.854	4.078	0.216	-13.80
17/11/2004	032959.000	-3.938	-3.689	4.264	0.198	-13.08
17/11/2004	035959.000	-5.099	-4.834	4.927	0.195	-12.15
17/11/2004	042959.000	-4.305	-4.022	4.703	0.200	-12.09
17/11/2004	045959.000	-3.660	-3.485	2.935	0.154	-12.60
17/11/2004	052959.000	-4.940	-4.657	4.518	0.214	-11.29
17/11/2004	055959.000	-5.281	-4.979	5.217	0.217	-11.62
17/11/2004	062959.000	-6.963	-6.748	3.909	0.195	-11.64
17/11/2004	065959.000	-6.454	-6.167	4.695	0.205	-11.19
17/11/2004	072959.000	-3.840	-3.599	4.818	0.195	-7.98
17/11/2004	075959.000	-2.904	-2.549	7.213	0.226	0.39
17/11/2004	082959.000	-1.423	-0.856	10.297	0.281	12.27
17/11/2004	085959.000	8.468	9.229	13.621	0.210	21.41
17/11/2004	092959.000	16.481	17.326	14.043	0.243	31.96
17/11/2004	095959.000	27.529	28.689	21.120	0.291	54.45
17/11/2004	102959.000	52.615	54.336	31.670	0.341	110.89
17/11/2004	105959.000	57.482	59.028	28.061	0.351	97.29
17/11/2004	112959.000	57.944	59.621	30.422	0.323	97.73
17/11/2004	115959.000	59.319	60.887	28.435	0.326	119.84
17/11/2004	122959.000	70.763	72.744	35.448	0.329	117.93
17/11/2004	125959.000	58.645	60.143	27.476	0.271	128.14
17/11/2004	132959.000	69.258	70.985	31.212	0.324	137.81
17/11/2004	135959.000	51.303	53.009	30.410	0.268	108.73
17/11/2004	142959.000	35.488	36.874	24.737	0.250	85.99
17/11/2004	145959.000	40.192	42.004	32.172	0.264	68.13
17/11/2004	152959.000	18.304	19.282	17.653	0.267	30.95
17/11/2004	155959.000	7.808	8.601	14.041	0.253	4.57
17/11/2004	162959.000	1.756	2.240	8.569	0.201	-10.25
17/11/2004	165959.000	-0.101	0.099	3.368	0.110	-14.14
17/11/2004	172959.000	0.322	0.552	3.684	0.115	-14.11
17/11/2004	175959.000	-0.710	-0.500	3.361	0.106	-12.80
17/11/2004	182959.000	0.383	0.543	2.800	0.103	-12.30
17/11/2004	185959.000	-2.261	-2.110	2.157	0.085	-11.72
17/11/2004	192959.000	-2.023	-2.022	-0.093	0.068	-10.80
17/11/2004	195959.000	-2.789	-2.751	1.011	0.091	-11.06
17/11/2004	202959.000	-1.329	-1.257	1.140	0.050	-10.24
17/11/2004	205959.000	-1.430	-1.335	1.462	0.061	-10.99
17/11/2004	212959.000	-1.851	-1.705	2.882	0.089	-11.58
17/11/2004	215959.000	-1.154	-0.972	3.189	0.091	-11.48
17/11/2004	222959.000	-1.355	-1.265	1.784	0.070	-12.06
17/11/2004	225959.000	-0.751	-0.590	2.619	0.038	-36.91
17/11/2004	232959.000	-0.233	-0.151	1.423	0.026	-33.32
17/11/2004	235959.000	-2.700	-2.502	3.417	0.060	-32.46
18/11/2004	002959.000	0.150	0.202	0.991	0.069	-53.08
18/11/2004	005959.000	0.002	0.000	-0.075	0.011	-72.47
18/11/2004	012959.000	-0.500	-0.511	-0.218	0.024	-74.94
18/11/2004	015959.000	-0.373	-0.387	-0.226	0.016	-70.76
18/11/2004	022959.000	-0.770	-0.762	0.048	0.030	-60.55
18/11/2004	025959.000	-0.124	-0.122	0.011	0.013	-47.06
18/11/2004	032959.000	-0.454	-0.435	0.312	0.040	-18.15
18/11/2004	035959.000	-0.784	-0.745	0.615	0.027	-20.58
18/11/2004	042959.000	-0.690	-0.644	0.826	0.030	-10.37
18/11/2004	045959.000	-0.740	-0.702	0.517	0.028	-14.46
18/11/2004	052959.000	-5.292	-5.068	3.693	0.083	-12.60
18/11/2004	055959.000	-0.930	-0.903	0.434	0.034	-10.06
18/11/2004	062959.000	-2.338	-2.191	2.449	0.064	-8.37
18/11/2004	065959.000	-0.569	-0.551	0.242	0.030	-7.13
18/11/2004	072959.000	0.375	0.357	-0.374	0.029	-1.66
18/11/2004	075959.000	-1.052	-1.055	-0.059	0.067	7.59
18/11/2004	082959.000	-1.403	-1.197	3.166	0.066	20.97
18/11/2004	085959.000	-1.447	-0.896	9.418	0.060	36.85
18/11/2004	092959.000	2.780	4.025	22.098	0.083	51.52
18/11/2004	095959.000	9.982	12.054	37.044	0.107	71.13
18/11/2004	102959.000	25.473	27.725	39.717	0.125	110.45
18/11/2004	105959.000	35.789	38.027	39.849	0.088	139.21
18/11/2004	112959.000	49.634	54.558	87.138	0.182	153.91
18/11/2004	115959.000	43.882	46.600	48.900	0.106	132.44
18/11/2004	122959.000	53.539	55.931	42.859	0.156	137.36
18/11/2004	125959.000	31.823	33.288	26.430	0.122	85.19
18/11/2004	132959.000	103.148	106.886	67.442	0.182	247.36
18/11/2004	135959.000	87.524	90.747	58.038	0.236	212.40
18/11/2004	142959.000	67.441	70.025	47.445	0.223	174.32
18/11/2004	145959.000	24.457	26.288	32.747	0.181	76.49
18/11/2004	152959.000	2.063	2.891	14.029	0.090	9.96
18/11/2004	155959.000	-2.205	-1.768	7.587	0.081	-4.97
18/11/2004	162959.000	-4.138	-3.575	9.301	0.054	-12.96
18/11/2004	165959.000	-5.143	-4.628	8.253	0.102	-14.92
18/11/2004	172959.000	-3.221	-3.065	2.419	0.075	-14.13
18/11/2004	175959.000	-4.351	-4.023	5.873	0.080	-16.78
18/11/2004	182959.000	-5.914	-5.573	5.898	0.106	-20.41
18/11/2004	185959.000	-10.854	-10.514	5.910	0.138	-36.81
18/11/2004	192959.000	-9.122	-8.538	10.045	0.192	-18.94
18/11/2004	195959.000	5.885	6.554	12.265	0.277	-13.97
18/11/2004	202959.000	4.577	5.226	12.312	0.275	-13.58
18/11/2004	205959.000	-1.764	-1.229	10.439	0.253	-13.13
18/11/2004	212959.000	1.374	2.087	12.843	0.251	-13.48
18/11/2004	215959.000	-3.265	-2.667	10.818	0.264	-12.79
18/11/2004	222959.000	-2.799	-2.184	11.419	0.254	-11.63
18/11/2004	225959.000	-1.572	-0.934	11.037	0.224	-10.93
18/11/2004	232959.000	-2.129	-1.423	12.493	0.258	-13.04
18/11/2004	235959.000	5.383	6.264	15.703	0.299	-14.26
19/11/2004	002959.000	5.946	7.067	20.136	0.347	-12.53
19/11/2004	005959.000	-0.601	0.298	15.279	0.345	-10.93
19/11/2004	012959.000	10.854	12.418	27.831	0.328	-8.59
19/11/2004	015959.000	3.950	4.256	6.100	0.275	-6.51
19/11/2004	022959.000	2.898	4.111	21.786	0.273	-5.93
19/11/2004	025959.000	0.675	0.759	1.498	0.265	-5.02
19/11/2004	032959.000	2.604	-0.843	+9999	0.335	-4.17
19/11/2004	035959.000	6.456	7.498	64.451	0.291	-4.24
19/11/2004	042959.000	-6.489	-10.055	+9999	0.419	-17.04
19/11/2004	045959.000	-15.401	-14.380	17.287	0.423	-31.97
19/11/2004	052959.000	-19.577	-18.305	22.353	0.526	-5.30
19/11/2004	055959.000	-25.503	-24.382	21.208	0.569	-3.52
19/11/2004	062959.000	-14.476	-11.862	48.514	0.513	-3.44
19/11/2004	065959.000	-10.710	-12.479	-31.314	0.517	-4.78
19/11/2004	072959.000	-23.407	-18.441	92.522	0.550	1.24
19/11/2004	075959.000	-14.326	-14.319	28.132	0.645	14.90
19/11/2004	082959.000	-9.705	-10.240	-14.735	0.657	26.09
19/11/2004	085959.000	+9999	-13.810	+9999	0.737	27.18
19/11/2004	092959.000	-7.324	-7.780	+9999	0.715	45.67
19/11/2004	095959.000	3.143	-6.688	+9999	0.710	85.82
19/11/2004	102959.000	-23.829	-16.513	+9999	0.694	103.16
19/11/2004	105959.000	-13.181	-15.792	+9999	0.629	105.54
19/11/2004	112959.000	-25.402	-12.598	+9999	0.670	98.83
19/11/2004	115959.000	-9.087	-6.850	+9999	0.741	128.19
19/11/2004	122959.000	-6.043	-14.087	+9999	0.717	103.07
19/11/2004	125959.000	-16.375	-18.439	+9999	0.599	65.24
19/11/2004	132959.000	40.339	19.996	+9999	0.475	51.38
19/11/2004	135959.000	2.899	9.792	100.984	0.520	80.24
19/11/2004	142959.000	22.671	12.400	+9999	0.372	83.64
19/11/2004	145959.000	-0.413	13.570	+9999	0.341	23.69
19/11/2004	152959.000	-7.631	-6.225	24.169	0.249	10.63
19/11/2004	155959.000	-9.605	-8.499	19.132	0.226	-4.99
19/11/2004	162959.000	-10.765	-10.896	-2.370	0.162	-81.08
19/11/2004	165959.000	-8.187	-8.513	-5.803	0.130	-86.86
19/11/2004	172959.000	-20.706	-21.091	-6.932	0.180	-89.42
19/11/2004	175959.000	-42.162	-42.301	-2.584	0.265	-91.49
19/11/2004	182959.000	-34.968	-34.751	3.472	0.237	-92.66
19/11/2004	185959.000	-23.230	-23.293	-1.504	0.171	-91.44
19/11/2004	192959.000	-27.414	-27.378	0.445	0.184	-90.44
19/11/2004	195959.000	-17.727	-17.713	0.005	0.148	-89.23
19/11/2004	202959.000	-22.278	-22.196	1.158	0.152	-88.12
19/11/2004	205959.000	-12.596	-12.544	0.733	0.122	-87.19
19/11/2004	212959.000	-6.699	-6.674	0.332	0.090	-86.31
19/11/2004	215959.000	-4.485	-4.472	0.263	0.036	-84.91
19/11/2004	222959.000	-7.266	-7.206	0.954	0.065	-81.62
19/11/2004	225959.000	-4.197	-4.187	0.143	0.040	-82.38
19/11/2004	232959.000	-6.172	-6.156	0.299	0.063	-74.51
19/11/2004	235959.000	-4.023	-4.033	-0.295	0.045	-82.56
20/11/2004	002959.000	-1.873	-1.881	-0.135	0.048	-81.48
20/11/2004	005959.000	-2.942	-2.960	-0.197	0.062	-79.58
20/11/2004	012959.000	-1.199	-1.212	-0.204	0.055	-79.63
20/11/2004	015959.000	-5.088	-5.138	-0.975	0.068	-79.07
20/11/2004	022959.000	0.314	0.327	0.552	0.071	-78.02
20/11/2004	025959.000	-5.844	-5.921	-1.509	0.054	-78.20
20/11/2004	032959.000	-2.464	-2.526	-1.055	0.040	-74.02
20/11/2004	035959.000	-8.170	-8.202	-0.755	0.063	-76.44
20/11/2004	042959.000	-8.554	-8.626	-1.488	0.042	-79.30
20/11/2004	045959.000	-6.123	-6.153	-0.708	0.048	-77.30
20/11/2004	052959.000	-0.983	-0.992	-0.197	0.018	-75.96
20/11/2004	055959.000	-2.218	-2.236	-0.519	0.051	-74.32
20/11/2004	062959.000	-1.904	-1.932	-0.458	0.042	-73.82
20/11/2004	065959.000	-1.563	-1.577	-0.193	0.030	-69.86
20/11/2004	072959.000	-0.901	-0.906	-0.194	0.020	-50.78
20/11/2004	075959.000	0.052	0.008	-0.697	0.028	-8.26
20/11/2004	082959.000	-2.060	-1.710	6.316	0.055	48.71
20/11/2004	085959.000	14.422	17.213	50.676	0.130	121.04
20/11/2004	092959.000	37.908	41.737	69.046	0.117	159.50
20/11/2004	095959.000	70.066	74.747	85.179	0.136	222.01
20/11/2004	102959.000	72.194	76.940	85.477	0.112	253.74
20/11/2004	105959.000	87.662	92.952	95.424	0.146	277.50
20/11/2004	112959.000	101.773	108.182	115.168	0.088	292.92
20/11/2004	115959.000	107.718	114.146	116.013	0.166	297.37
20/11/2004	122959.000	74.331	78.162	68.910	0.143	286.97
20/11/2004	125959.000	64.519	67.487	53.597	0.195	265.71
20/11/2004	132959.000	69.082	73.227	74.926	0.158	235.05
20/11/2004	135959.000	61.852	65.505	65.270	0.085	191.92
20/11/2004	142959.000	49.384	51.713	41.943	0.117	139.68
20/11/2004	145959.000	23.171	25.730	45.712	0.162	81.09
20/11/2004	152959.000	0.966	1.936	16.665	0.096	19.58
20/11/2004	155959.000	-3.132	-2.898	3.882	0.076	-36.56
20/11/2004	162959.000	0.215	0.187	-0.520	0.031	-71.26
20/11/2004	165959.000	0.041	0.032	-0.033	0.019	-75.62
20/11/2004	172959.000	0.609	0.612	0.300	0.040	-73.08
20/11/2004	175959.000	-0.180	-0.145	0.490	0.041	-70.90
20/11/2004	182959.000	0.515	0.478	-0.550	0.020	-69.59
20/11/2004	185959.000	-1.159	-1.171	-0.369	0.028	-69.59
20/11/2004	192959.000	-0.381	-0.385	-0.117	0.034	-69.88
20/11/2004	195959.000	-1.047	-1.045	0.123	0.059	-69.68
20/11/2004	202959.000	-0.817	-0.813	-0.090	0.041	-68.18
20/11/2004	205959.000	0.382	0.376	-0.033	0.030	-63.68
20/11/2004	212959.000	0.069	0.074	-0.058	0.040	-64.48
20/11/2004	215959.000	-3.776	-3.801	-0.420	0.047	-65.03
20/11/2004	222959.000	1.764	1.778	0.198	0.022	-64.46
20/11/2004	225959.000	-1.358	-1.404	-0.946	0.062	-67.28
20/11/2004	232959.000	-1.974	-1.984	-0.052	0.061	-62.93
20/11/2004	235959.000	-0.490	-0.392	1.719	0.030	-43.33
21/11/2004	002959.000	1.804	1.838	0.789	0.049	-33.55
21/11/2004	005959.000	-1.785	-1.810	-0.472	0.052	-29.82
21/11/2004	012959.000	-0.934	-0.937	-0.075	0.048	-28.67
21/11/2004	015959.000	0.628	0.636	0.210	0.031	-28.30
21/11/2004	022959.000	-0.948	-0.959	-0.304	0.038	-28.62
21/11/2004	025959.000	-1.712	-1.812	-1.814	0.068	-28.51
21/11/2004	032959.000	-4.225	-4.402	-3.323	0.105	-27.60
21/11/2004	035959.000	-2.735	-2.917	-3.393	0.012	-26.51
21/11/2004	042959.000	-0.866	-2.193	-24.737	0.056	-24.74
21/11/2004	045959.000	-5.795	-6.109	-5.877	0.093	-23.95
21/11/2004	052959.000	-2.114	-2.194	-1.444	0.076	-23.68
21/11/2004	055959.000	-1.342	-1.435	-2.036	0.064	-23.13
21/11/2004	062959.000	-2.455	-2.309	2.637	0.075	-22.45
21/11/2004	065959.000	-9.736	-10.032	-5.816	0.099	-20.08
21/11/2004	072959.000	-2.794	-1.900	16.495	0.064	-9.90
21/11/2004	075959.000	-1.319	-1.371	-0.896	0.080	48.83
21/11/2004	082959.000	6.916	7.454	9.959	0.133	111.17
21/11/2004	085959.000	30.066	31.972	35.580	0.152	146.49
21/11/2004	092959.000	52.269	55.281	55.286	0.139	154.95
21/11/2004	095959.000	77.380	81.243	69.879	0.101	203.17
21/11/2004	102959.000	57.037	60.876	69.575	0.258	250.38
21/11/2004	105959.000	96.416	101.747	96.850	0.263	282.36
21/11/2004	112959.000	104.252	110.170	106.908	0.307	296.33
21/11/2004	115959.000	72.174	75.681	63.177	0.183	296.33
21/11/2004	122959.000	113.436	118.477	90.835	0.146	287.41
21/11/2004	125959.000	120.651	125.479	86.898	0.183	269.05
21/11/2004	132959.000	95.728	99.532	67.712	0.184	238.03
21/11/2004	135959.000	72.584	75.454	50.678	0.140	193.88
21/11/2004	142959.000	48.408	50.813	42.716	0.077	144.97
21/11/2004	145959.000	27.995	29.954	34.483	0.111	86.58
21/11/2004	152959.000	3.994	4.389	6.874	0.067	23.38
21/11/2004	155959.000	0.038	0.107	0.589	0.056	-30.38
21/11/2004	162959.000	-0.265	-0.246	0.560	0.033	-62.43
21/11/2004	165959.000	-0.154	-0.154	0.251	0.026	-67.79
21/11/2004	172959.000	-1.019	-1.002	0.264	0.038	-65.25
21/11/2004	175959.000	-0.583	-0.586	-0.021	0.022	-64.91
21/11/2004	182959.000	-0.270	-0.276	-0.126	0.016	-31.20
21/11/2004	185959.000	-0.414	-0.422	-0.068	0.026	-44.74
21/11/2004	192959.000	-1.626	-1.639	-0.204	0.039	-57.94
21/11/2004	195959.000	-0.834	-0.857	-0.247	0.029	-58.71
21/11/2004	202959.000	-0.417	-0.421	-0.105	0.008	-56.64
21/11/2004	205959.000	-0.865	-0.875	-0.145	0.042	-59.25
21/11/2004	212959.000	-1.255	-1.271	-0.311	0.048	-60.20
21/11/2004	215959.000	-0.577	-0.589	-0.235	0.031	-58.15
21/11/2004	222959.000	0.048	0.035	-0.199	0.019	-58.65
21/11/2004	225959.000	-0.069	-0.075	0.040	0.027	-57.42
21/11/2004	232959.000	0.174	0.186	0.026	0.019	-55.20
21/11/2004	235959.000	-0.017	-0.012	0.108	0.013	-53.27
22/11/2004	002959.000	0.353	0.372	0.276	0.026	-50.36
22/11/2004	005959.000	0.125	0.134	-0.026	0.022	-43.30
22/11/2004	012959.000	1.410	1.439	0.412	0.058	-43.53
22/11/2004	015959.000	-0.172	-0.166	-0.039	0.029	-46.28
22/11/2004	022959.000	-0.951	-0.990	-0.403	0.030	-42.22
22/11/2004	025959.000	-4.095	-4.295	-3.818	0.017	-34.69
22/11/2004	032959.000	0.648	0.661	0.346	0.030	-30.41
22/11/2004	035959.000	0.297	0.350	0.862	0.031	-23.38
22/11/2004	042959.000	0.564	0.560	-0.321	0.055	-21.56
22/11/2004	045959.000	-0.892	-0.982	-2.098	0.054	-23.16
22/11/2004	052959.000	-0.050	-0.350	-5.698	0.042	-22.94
22/11/2004	055959.000	-3.034	-3.085	-0.541	0.083	-20.35
22/11/2004	062959.000	-0.085	-0.408	-5.959	0.042	-17.02
22/11/2004	065959.000	6.020	5.972	-1.814	0.078	-13.48
22/11/2004	072959.000	-4.868	-4.277	11.807	0.042	-3.57
22/11/2004	075959.000	2.324	2.623	5.243	0.041	12.61
22/11/2004	082959.000	2.357	2.940	10.632	0.062	31.93
22/11/2004	085959.000	6.960	7.584	11.070	0.082	76.00
22/11/2004	092959.000	9.513	10.340	14.372	0.145	86.67
22/11/2004	095959.000	21.498	23.419	34.447	0.106	152.28
22/11/2004	102959.000	63.789	67.884	73.636	0.168	274.94
22/11/2004	105959.000	90.954	95.384	78.032	0.122	281.95
22/11/2004	112959.000	72.936	76.217	57.994	0.060	176.14
22/11/2004	115959.000	78.362	81.334	53.179	0.081	278.47
22/11/2004	122959.000	80.644	82.890	40.097	0.135	282.96
22/11/2004	125959.000	77.099	79.840	48.340	0.080	262.28
22/11/2004	132959.000	62.866	65.339	43.640	0.125	219.69
22/11/2004	135959.000	38.275	40.783	42.995	0.191	171.63
22/11/2004	142959.000	20.722	23.076	41.019	0.189	119.65
22/11/2004	145959.000	7.308	9.862	43.610	0.208	52.97
22/11/2004	152959.000	-9.140	-8.493	12.182	0.138	-3.26
22/11/2004	155959.000	-5.900	-5.832	1.529	0.103	-43.60
22/11/2004	162959.000	-1.963	-2.008	-0.964	0.030	-65.23
22/11/2004	165959.000	-0.262	-0.244	-0.173	0.037	-68.35
22/11/2004	172959.000	-0.596	-0.595	-0.189	0.029	-66.97
22/11/2004	175959.000	-3.000	-3.068	-1.240	0.072	-66.77
22/11/2004	182959.000	-5.159	-5.305	-2.546	0.071	-67.39
22/11/2004	185959.000	-4.798	-4.970	-3.198	0.077	-67.77
22/11/2004	192959.000	-2.487	-2.582	-1.667	0.053	-67.01
22/11/2004	195959.000	-0.752	-0.770	-0.360	0.027	-66.54
22/11/2004	202959.000	-4.017	-4.157	-2.465	0.053	-61.11
22/11/2004	205959.000	-2.566	-2.671	-1.826	0.058	-56.86
22/11/2004	212959.000	-0.732	-0.758	-0.413	0.026	-59.41
22/11/2004	215959.000	-0.568	-0.577	-0.157	0.020	-46.88
22/11/2004	222959.000	0.072	0.077	0.154	0.016	-38.27
22/11/2004	225959.000	-0.212	-0.224	-0.238	0.017	-45.46
22/11/2004	232959.000	-0.176	-0.180	-0.119	0.017	-42.27
22/11/2004	235959.000	-0.010	0.000	0.117	0.015	-36.40
23/11/2004	002959.000	-0.045	-0.045	-0.022	0.020	-23.02
23/11/2004	005959.000	0.565	0.574	-0.120	0.023	-21.90
23/11/2004	012959.000	-0.259	-0.276	-0.032	0.025	-27.01
23/11/2004	015959.000	0.023	0.007	-0.421	0.013	-26.73
23/11/2004	022959.000	-0.186	-0.191	-0.320	0.022	-25.02
23/11/2004	025959.000	-0.243	-0.245	0.034	0.018	-25.50
23/11/2004	032959.000	-0.205	-0.194	0.147	0.036	-25.08
23/11/2004	035959.000	0.355	0.358	-0.012	0.012	-11.22
23/11/2004	042959.000	-0.192	-0.091	1.822	0.022	-1.05
23/11/2004	045959.000	-0.435	-0.453	-0.351	0.023	0.83
23/11/2004	052959.000	-1.107	-1.136	-0.359	0.037	0.47
23/11/2004	055959.000	-2.585	-2.638	-0.669	0.062	-15.01
23/11/2004	062959.000	-0.163	-0.181	-0.333	0.048	-20.40
23/11/2004	065959.000	4.841	4.589	-4.549	0.063	-23.11
23/11/2004	072959.000	-1.192	-1.910	-13.251	0.078	-12.62
23/11/2004	075959.000	1.735	2.087	6.414	0.112	15.70
23/11/2004	082959.000	-2.742	-2.643	1.648	0.054	46.62
23/11/2004	085959.000	4.444	5.276	14.626	0.152	126.65
23/11/2004	092959.000	29.488	31.820	42.059	0.157	179.93
23/11/2004	095959.000	61.222	64.995	66.978	0.163	195.50
23/11/2004	102959.000	61.210	64.768	62.942	0.106	228.55
23/11/2004	105959.000	69.845	73.274	60.481	0.118	257.98
23/11/2004	112959.000	95.742	100.255	78.433	0.082	278.25
23/11/2004	115959.000	94.098	97.781	64.372	0.124	280.04
23/11/2004	122959.000	102.680	106.590	68.256	0.161	271.42
23/11/2004	125959.000	87.511	91.052	61.816	0.196	258.41
23/11/2004	132959.000	59.095	63.476	76.395	0.209	231.44
23/11/2004	135959.000	52.956	57.286	75.368	0.171	187.22
23/11/2004	142959.000	29.091	32.012	51.474	0.158	133.54
23/11/2004	145959.000	8.098	9.783	28.962	0.166	76.77
23/11/2004	152959.000	-3.426	-2.420	15.681	0.117	14.99
23/11/2004	155959.000	-6.527	-6.515	0.210	0.048	-19.95
23/11/2004	162959.000	-6.050	-5.976	1.264	0.075	-25.70
23/11/2004	165959.000	-8.283	-8.308	-0.441	0.075	-45.41
23/11/2004	172959.000	-10.721	-10.730	-0.292	0.104	-20.70
23/11/2004	175959.000	-9.303	-9.393	-1.541	0.096	-62.94
23/11/2004	182959.000	-9.581	-9.741	-2.740	0.104	-79.14
23/11/2004	185959.000	-7.816	-7.958	-2.488	0.087	-77.45
23/11/2004	192959.000	-6.730	-6.859	-2.241	0.093	-76.31
23/11/2004	195959.000	-10.899	-11.125	-3.991	0.100	-75.49
23/11/2004	202959.000	-20.282	-20.687	-7.132	0.149	-76.19
23/11/2004	205959.000	-16.812	-17.194	-6.713	0.147	-78.18
23/11/2004	212959.000	-17.254	-17.693	-7.590	0.131	-78.68
23/11/2004	215959.000	-8.289	-8.493	-3.564	0.081	-77.96
23/11/2004	222959.000	-5.894	-5.991	-1.721	0.074	-77.35
23/11/2004	225959.000	-6.098	-6.218	-2.115	0.067	-75.50
23/11/2004	232959.000	-6.987	-7.122	-2.421	0.084	-75.81
23/11/2004	235959.000	-12.241	-12.460	-3.994	0.105	-77.96
24/11/2004	002959.000	-15.007	-15.224	-3.988	0.125	-75.97
24/11/2004	005959.000	0.603	0.606	0.047	0.038	-74.33
24/11/2004	012959.000	0.035	0.023	-0.123	0.037	-73.60
24/11/2004	015959.000	0.198	0.188	-0.213	0.034	-68.79
24/11/2004	022959.000	-0.253	-0.242	0.112	0.047	-61.93
24/11/2004	025959.000	-2.722	-2.820	-1.740	0.071	-52.60
24/11/2004	032959.000	-0.260	-0.278	-0.373	0.048	-44.56
24/11/2004	035959.000	-0.393	-0.335	1.225	0.025	-38.85
24/11/2004	042959.000	-0.575	-0.608	-0.497	0.033	-33.82
24/11/2004	045959.000	-2.019	-1.949	1.506	0.022	-12.35
24/11/2004	052959.000	-3.465	-4.327	-18.288	0.053	-2.63
24/11/2004	055959.000	+9999	+9999	+9999	0.246	-4.74
24/11/2004	062959.000	-1.422	-2.498	-19.763	0.100	-6.31
24/11/2004	065959.000	3.555	0.635	+9999	0.032	-6.34
24/11/2004	072959.000	1.471	2.899	+9999	0.056	2.62
24/11/2004	075959.000	6.455	5.418	-21.270	0.048	20.39
24/11/2004	082959.000	14.161	8.033	+9999	0.067	39.87
24/11/2004	085959.000	12.496	10.551	+9999	0.105	54.46
24/11/2004	092959.000	11.912	16.815	+9999	0.133	71.70
24/11/2004	095959.000	25.124	19.620	+9999	0.149	86.66
24/11/2004	102959.000	151.452	4.946	+9999	0.125	104.20
24/11/2004	105959.000	40.440	39.216	+9999	0.083	114.20
24/11/2004	112959.000	39.772	41.616	23.835	0.127	106.50
24/11/2004	115959.000	24.501	27.850	281.665	0.050	107.73
24/11/2004	122959.000	93.623	58.662	+9999	0.143	109.86
24/11/2004	125959.000	38.854	32.165	+9999	0.140	94.95
24/11/2004	132959.000	13.501	29.099	+9999	0.057	84.80
24/11/2004	135959.000	34.726	25.193	+9999	0.108	71.45
24/11/2004	142959.000	31.277	26.526	+9999	0.076	56.46
24/11/2004	145959.000	34.104	19.986	+9999	0.063	41.63
24/11/2004	152959.000	9.404	11.068	18.595	0.070	22.94
24/11/2004	155959.000	6.578	10.119	+9999	0.075	6.95
24/11/2004	162959.000	-0.300	7.111	+9999	0.104	-1.87
24/11/2004	165959.000	3.932	7.423	38.558	0.136	-4.84
24/11/2004	172959.000	10.611	3.868	+9999	0.085	-4.72
24/11/2004	175959.000	4.207	4.770	25.523	0.071	-4.37
24/11/2004	182959.000	5.499	6.647	+9999	0.057	-4.23
24/11/2004	185959.000	15.489	8.066	+9999	0.129	-4.17
24/11/2004	192959.000	5.001	9.586	61.036	0.137	-4.25
24/11/2004	195959.000	4.144	9.124	101.674	0.115	-4.34
24/11/2004	202959.000	11.285	7.768	+9999	0.200	-4.55
24/11/2004	205959.000	-1.838	7.101	+9999	0.227	-4.40
24/11/2004	212959.000	9.712	7.928	+9999	0.181	-4.21
24/11/2004	215959.000	5.291	5.942	+9999	0.192	-3.84
24/11/2004	222959.000	-1.391	5.517	39.402	0.179	-3.61
24/11/2004	225959.000	9.314	9.240	18.240	0.178	-4.02
24/11/2004	232959.000	6.326	8.005	+9999	0.144	-3.96
24/11/2004	235959.000	8.883	9.976	+9999	0.157	-3.83
25/11/2004	002959.000	4.288	5.838	62.566	0.180	-4.14
25/11/2004	005959.000	5.212	6.450	50.034	0.151	-3.83
25/11/2004	012959.000	-2.280	9.477	+9999	0.163	-3.82
25/11/2004	015959.000	1.497	5.752	+9999	0.107	-3.77
25/11/2004	022959.000	-3.470	6.300	+9999	0.199	-3.72
25/11/2004	025959.000	4.041	6.742	28.040	0.095	-3.79
25/11/2004	032959.000	1.572	3.338	+9999	0.091	-3.82
25/11/2004	035959.000	5.379	4.857	-12.866	0.083	-3.80
25/11/2004	042959.000	4.713	4.952	+9999	0.083	-3.82
25/11/2004	045959.000	3.413	4.877	27.761	0.101	-4.17
25/11/2004	052959.000	16.356	17.007	+9999	0.155	-4.22
25/11/2004	055959.000	8.011	11.557	63.899	0.158	-4.66
25/11/2004	062959.000	4.393	7.560	93.278	0.169	-4.07
25/11/2004	065959.000	8.739	7.512	+9999	0.204	-3.56
25/11/2004	072959.000	6.049	9.440	63.870	0.194	1.79
25/11/2004	075959.000	22.209	15.600	+9999	0.237	16.20
25/11/2004	082959.000	13.308	19.667	115.266	0.220	37.93
25/11/2004	085959.000	34.696	25.552	+9999	0.199	59.86
25/11/2004	092959.000	20.295	25.360	52.565	0.222	83.09
25/11/2004	095959.000	32.802	40.062	171.138	0.263	97.22
25/11/2004	102959.000	36.908	38.224	44.197	0.274	111.48
25/11/2004	105959.000	44.166	43.240	+9999	0.311	143.73
25/11/2004	112959.000	52.451	54.251	124.377	0.393	154.72
25/11/2004	115959.000	67.002	41.852	+9999	0.346	150.33
25/11/2004	122959.000	50.913	52.661	+9999	0.355	140.73
25/11/2004	125959.000	40.843	46.419	+9999	0.287	189.18
25/11/2004	132959.000	62.161	50.663	+9999	0.243	221.09
25/11/2004	135959.000	35.389	56.282	+9999	0.200	160.16
25/11/2004	142959.000	43.238	44.573	25.349	0.171	103.79
25/11/2004	145959.000	19.993	20.887	15.596	0.127	58.50
25/11/2004	152959.000	4.969	5.248	4.780	0.098	1.37
25/11/2004	155959.000	7.355	7.905	10.573	0.105	-3.18
25/11/2004	162959.000	1.558	1.857	5.132	0.096	-17.65
25/11/2004	165959.000	-0.913	-0.356	10.473	0.038	-36.54
25/11/2004	172959.000	-1.981	-2.390	+9999	0.059	-37.87
25/11/2004	175959.000	-0.767	-0.582	5.829	0.068	-32.17
25/11/2004	182959.000	3.618	0.897	+9999	0.042	-28.11
25/11/2004	185959.000	2.163	2.210	50.080	0.043	-25.25
25/11/2004	192959.000	1.672	1.476	+9999	0.041	-26.24
25/11/2004	195959.000	2.520	5.166	+9999	0.061	-25.76
25/11/2004	202959.000	3.879	3.035	1.548	0.050	-17.26
25/11/2004	205959.000	4.092	3.999	+9999	0.053	-19.20
25/11/2004	212959.000	-7.419	0.435	+9999	0.053	-18.68
25/11/2004	215959.000	-0.892	-1.586	-0.498	0.038	-18.26
25/11/2004	222959.000	-6.120	-6.920	+9999	0.058	-17.79
25/11/2004	225959.000	-7.359	-5.538	9.359	0.074	-12.19
25/11/2004	232959.000	-0.197	0.284	+9999	0.017	-13.51
25/11/2004	235959.000	1.157	0.654	-11.487	0.024	-11.40
26/11/2004	002959.000	-1.303	0.258	24.843	0.065	-7.03
26/11/2004	005959.000	-0.024	0.747	+9999	0.077	-4.92
26/11/2004	012959.000	42.961	+9999	119.167	+9999	-4.65
26/11/2004	015959.000	0.781	7.506	+9999	0.101	-4.23
26/11/2004	022959.000	-0.471	4.931	+9999	0.045	-4.04
26/11/2004	025959.000	-13.694	6.338	+9999	0.075	-3.20
26/11/2004	032959.000	7.522	6.269	9.407	0.032	-2.50
26/11/2004	035959.000	0.943	1.390	-19.459	0.090	-1.94
26/11/2004	042959.000	11.877	8.217	+9999	0.084	-1.56
26/11/2004	045959.000	16.299	15.986	-8.066	0.152	-1.57
26/11/2004	052959.000	5.882	8.373	+9999	0.090	-1.63
26/11/2004	055959.000	4.756	6.344	39.215	0.078	-1.95
26/11/2004	062959.000	5.573	3.271	+9999	0.026	-2.29
26/11/2004	065959.000	1.359	4.018	41.823	0.043	-1.44
26/11/2004	072959.000	7.833	4.384	-17.596	0.055	6.36
26/11/2004	075959.000	13.534	9.015	+9999	0.095	24.29
26/11/2004	082959.000	17.636	17.363	-6.642	0.089	58.52
26/11/2004	085959.000	17.796	15.986	-28.897	0.159	103.78
26/11/2004	092959.000	24.067	40.602	289.385	0.191	110.50
26/11/2004	095959.000	18.353	24.779	68.528	0.144	126.52
26/11/2004	102959.000	33.964	37.320	60.510	0.043	137.23
26/11/2004	105959.000	26.960	26.420	-16.042	0.125	137.88
26/11/2004	112959.000	15.347	27.964	+9999	0.153	143.63
26/11/2004	115959.000	51.022	48.874	+9999	0.145	160.19
26/11/2004	122959.000	43.223	36.125	-20.768	0.081	137.07
26/11/2004	125959.000	22.803	26.182	+9999	0.090	125.79
26/11/2004	132959.000	12.242	24.966	54.298	0.142	109.90
26/11/2004	135959.000	22.314	32.787	+9999	0.154	97.01
26/11/2004	142959.000	20.178	22.777	45.897	0.089	72.53
26/11/2004	145959.000	9.700	12.935	59.951	0.167	40.45
26/11/2004	152959.000	3.644	5.091	26.931	0.113	23.78
26/11/2004	155959.000	4.961	7.386	45.562	0.130	8.16
26/11/2004	162959.000	-1.165	1.425	49.862	0.135	-2.29
26/11/2004	165959.000	-3.617	-1.771	37.121	0.087	-12.29
26/11/2004	172959.000	-3.552	-3.803	-4.146	0.115	-6.90
26/11/2004	175959.000	-2.755	-5.005	+9999	0.117	-4.69
26/11/2004	182959.000	-2.340	-1.799	10.578	0.096	-3.61
26/11/2004	185959.000	-1.324	-1.874	-10.673	0.063	-4.62
26/11/2004	192959.000	-3.560	-1.090	48.829	0.094	-5.08
26/11/2004	195959.000	-3.029	-0.396	50.417	0.101	-6.58
26/11/2004	202959.000	0.813	-0.411	-21.617	0.063	-6.49
26/11/2004	205959.000	0.598	0.248	-8.625	0.053	-5.66
26/11/2004	212959.000	-1.002	0.463	27.304	0.051	-9.77
26/11/2004	215959.000	0.259	0.040	-3.955	0.053	-18.03
26/11/2004	222959.000	-2.171	-2.439	-4.800	0.064	-21.35
26/11/2004	225959.000	-1.112	-0.957	3.023	0.063	-22.32
26/11/2004	232959.000	0.185	-0.421	-11.179	0.038	-18.71
26/11/2004	235959.000	-0.488	-0.482	-0.502	0.043	-15.42
27/11/2004	002959.000	0.077	-0.572	-11.731	0.050	-18.02
27/11/2004	005959.000	0.057	-0.994	-19.900	0.046	-21.96
27/11/2004	012959.000	1.187	0.869	-5.867	0.040	-23.83
27/11/2004	015959.000	-0.696	-0.909	-4.037	0.047	-17.98
27/11/2004	022959.000	-5.354	-6.379	-18.657	0.102	-19.06
27/11/2004	025959.000	-4.840	-3.165	32.691	0.075	-9.56
27/11/2004	032959.000	-4.395	-3.956	7.669	0.129	-1.79
27/11/2004	035959.000	-0.753	-0.882	-0.595	0.197	-1.59
27/11/2004	042959.000	3.729	4.603	17.126	0.204	-1.02
27/11/2004	045959.000	7.967	3.624	+9999	0.228	-0.90
27/11/2004	052959.000	0.536	3.867	60.069	0.220	-0.76
27/11/2004	055959.000	0.395	3.752	60.196	0.142	-0.67
27/11/2004	062959.000	1.027	5.870	+9999	0.138	-0.70
27/11/2004	065959.000	7.635	6.422	+9999	0.152	-0.49
27/11/2004	072959.000	8.428	9.803	30.012	0.193	2.48
27/11/2004	075959.000	19.195	12.751	+9999	0.145	12.40
27/11/2004	082959.000	18.792	14.392	+9999	0.156	23.86
27/11/2004	085959.000	9.395	14.355	49.326	0.191	41.39
27/11/2004	092959.000	23.423	26.689	88.929	0.144	64.62
27/11/2004	095959.000	36.392	28.347	+9999	0.196	79.53
27/11/2004	102959.000	42.799	39.414	42.374	0.202	94.19
27/11/2004	105959.000	40.150	36.548	+9999	0.203	92.58
27/11/2004	112959.000	46.964	38.211	+9999	0.175	85.99
27/11/2004	115959.000	24.795	25.740	+9999	0.179	80.26
27/11/2004	122959.000	38.727	33.267	+9999	0.151	84.20
27/11/2004	125959.000	27.803	35.595	172.441	0.143	86.62
27/11/2004	132959.000	47.350	41.480	+9999	0.163	94.71
27/11/2004	135959.000	30.503	31.495	+9999	0.146	77.10
27/11/2004	142959.000	15.102	30.481	130.619	0.159	51.02
27/11/2004	145959.000	14.276	12.839	+9999	0.150	39.89
27/11/2004	152959.000	0.867	3.919	+9999	0.114	23.60
27/11/2004	155959.000	22.800	9.786	+9999	0.208	1.04
27/11/2004	162959.000	-1.728	0.918	+9999	0.130	-7.88
27/11/2004	165959.000	-0.268	1.134	14.423	0.082	-8.45
27/11/2004	172959.000	0.014	3.007	+9999	0.125	-4.42
27/11/2004	175959.000	-0.092	5.464	+9999	0.157	-3.99
27/11/2004	182959.000	7.025	5.983	+9999	0.061	-4.76
27/11/2004	185959.000	0.938	3.899	55.270	0.060	-4.33
27/11/2004	192959.000	0.529	5.694	+9999	0.166	-3.54
27/11/2004	195959.000	6.694	6.745	20.979	0.228	-3.39
27/11/2004	202959.000	3.381	4.812	23.751	0.141	-2.48
27/11/2004	205959.000	4.355	3.049	+9999	0.065	-2.57
27/11/2004	212959.000	1.877	3.923	28.622	0.052	-2.76
27/11/2004	215959.000	7.532	3.983	+9999	0.215	-2.74
27/11/2004	222959.000	10.219	3.895	+9999	0.257	-2.45
27/11/2004	225959.000	2.774	6.680	+9999	0.287	-2.64
27/11/2004	232959.000	-0.184	4.641	108.300	0.244	-2.35
27/11/2004	235959.000	1.303	2.703	+9999	0.090	-2.69
28/11/2004	002959.000	10.599	4.151	+9999	0.141	-2.90
28/11/2004	005959.000	4.579	6.976	58.668	0.269	-2.96
28/11/2004	012959.000	18.300	9.174	+9999	0.358	-3.26
28/11/2004	015959.000	9.775	10.001	18.057	0.320	-2.65
28/11/2004	022959.000	6.337	10.035	69.617	0.393	-3.20
28/11/2004	025959.000	4.860	8.051	52.170	0.335	-3.47
28/11/2004	032959.000	5.708	3.595	+9999	0.315	-4.32
28/11/2004	035959.000	8.555	3.933	+9999	0.357	-4.67
28/11/2004	042959.000	6.611	5.805	-15.752	0.322	-5.45
28/11/2004	045959.000	2.902	4.422	+9999	0.314	-6.10
28/11/2004	052959.000	3.001	4.766	24.192	0.310	-7.15
28/11/2004	055959.000	0.556	-2.598	+9999	0.258	-8.63
28/11/2004	062959.000	-1.126	-0.675	+9999	0.214	-6.96
28/11/2004	065959.000	-0.287	-0.753	-2.051	0.272	-8.74
28/11/2004	072959.000	-5.668	-1.048	88.006	0.265	-5.47
28/11/2004	075959.000	3.505	1.069	1.881	0.247	8.79
28/11/2004	082959.000	1.671	4.011	49.703	0.240	44.06
28/11/2004	085959.000	15.194	14.601	-28.955	0.293	84.76
28/11/2004	092959.000	17.572	15.027	-17.496	0.231	146.07
28/11/2004	095959.000	7.620	9.957	-10.052	0.234	115.35
28/11/2004	102959.000	18.886	15.864	-9.424	0.210	150.41
28/11/2004	105959.000	34.875	32.659	13.113	0.299	159.86
28/11/2004	112959.000	12.537	19.868	127.552	0.204	111.98
28/11/2004	115959.000	19.408	23.483	73.733	0.196	118.89
28/11/2004	122959.000	21.016	23.789	49.208	0.218	109.26
28/11/2004	125959.000	21.520	24.433	51.418	0.264	117.79
28/11/2004	132959.000	33.628	37.238	63.839	0.286	117.03
28/11/2004	135959.000	23.020	25.632	45.322	0.189	80.80
28/11/2004	142959.000	10.234	11.888	29.399	0.128	51.13
28/11/2004	145959.000	-17.012	-16.089	16.486	0.146	25.14
28/11/2004	152959.000	-2.478	-1.870	10.447	0.125	2.29
28/11/2004	155959.000	-2.461	-2.117	6.852	0.049	1.10
28/11/2004	162959.000	-2.144	-1.956	3.326	0.036	-15.95
28/11/2004	165959.000	-1.763	-1.670	1.795	0.050	-9.07
28/11/2004	172959.000	-1.691	-1.598	1.718	0.046	-6.36
28/11/2004	175959.000	-3.657	-3.581	1.488	0.060	-4.89
28/11/2004	182959.000	-2.013	-3.303	-24.181	0.079	-4.87
28/11/2004	185959.000	-9.564	-7.550	48.871	0.154	-2.75
28/11/2004	192959.000	-6.188	-8.582	+9999	0.193	-2.27
28/11/2004	195959.000	-3.230	-4.288	+9999	0.078	-1.14
28/11/2004	202959.000	-5.355	-6.901	+9999	0.121	-0.31
28/11/2004	205959.000	-7.722	-4.329	+9999	0.066	-0.36
28/11/2004	212959.000	-8.326	-9.092	+9999	0.127	-0.83
28/11/2004	215959.000	-10.164	-10.574	-5.080	0.243	-2.24
28/11/2004	222959.000	-19.027	-14.877	+9999	0.329	-2.70
28/11/2004	225959.000	-0.558	-9.982	+9999	0.368	-1.91
28/11/2004	232959.000	-7.060	-4.663	45.783	0.233	-3.49
28/11/2004	235959.000	1.299	-2.195	+9999	0.239	-3.10
29/11/2004	002959.000	-12.030	-7.340	+9999	0.349	-6.45
29/11/2004	005959.000	1.958	-0.742	-1.021	0.301	-17.01
29/11/2004	012959.000	-3.890	-2.256	3.153	0.302	-12.01
29/11/2004	015959.000	-9.321	-3.114	72.127	0.340	-22.05
29/11/2004	022959.000	-40.247	-37.749	62.099	0.415	-33.32
29/11/2004	025959.000	-45.858	-42.957	22.296	0.418	-42.64
29/11/2004	032959.000	-26.796	-28.726	+9999	0.304	-38.08
29/11/2004	035959.000	-26.752	-21.371	84.483	0.212	-74.17
29/11/2004	042959.000	-194.246	-47.859	+9999	0.739	-25.24
29/11/2004	045959.000	-95.580	4.036	+9999	0.546	-48.58
29/11/2004	052959.000	-100.651	-3.000	+9999	0.400	-59.29
29/11/2004	055959.000	-94.010	-9.626	+9999	0.349	-90.31
29/11/2004	062959.000	-87.127	17.692	+9999	0.528	-90.14
29/11/2004	065959.000	-80.725	60.259	+9999	0.674	-87.65
29/11/2004	072959.000	-60.822	94.785	+9999	0.652	-55.34
29/11/2004	075959.000	-52.266	35.768	+9999	0.445	-24.81
29/11/2004	082959.000	-100.924	11.201	+9999	0.508	-17.38
29/11/2004	085959.000	-67.808	29.591	+9999	0.548	26.18
29/11/2004	092959.000	-61.228	65.901	+9999	0.650	72.14
29/11/2004	095959.000	-66.168	60.131	+9999	0.715	98.40
29/11/2004	102959.000	-188.901	-51.915	+9999	0.740	86.71
29/11/2004	105959.000	-70.209	55.579	+9999	0.640	131.39
29/11/2004	112959.000	-23.084	115.865	+9999	0.721	84.88
29/11/2004	115959.000	-68.985	81.846	+9999	0.839	84.77
29/11/2004	122959.000	-177.529	16.777	+9999	0.979	57.45
29/11/2004	125959.000	-205.730	-9.098	+9999	1.012	124.18
29/11/2004	132959.000	-83.923	78.160	+9999	0.855	62.71
29/11/2004	135959.000	-238.989	+9999	+9999	0.870	37.14
29/11/2004	142959.000	-196.924	-27.617	+9999	1.113	14.46
29/11/2004	145959.000	-248.418	-25.428	+9999	1.290	10.54
29/11/2004	152959.000	-81.624	44.517	+9999	1.006	5.04
29/11/2004	155959.000	77.149	151.540	+9999	0.863	-10.20
29/11/2004	162959.000	-40.594	123.444	+9999	0.849	-66.56
29/11/2004	165959.000	-275.314	+9999	+9999	0.831	-86.43
29/11/2004	172959.000	-103.476	71.732	+9999	0.737	-76.61
29/11/2004	175959.000	-136.147	-9.509	+9999	0.626	-56.28
29/11/2004	182959.000	-121.739	53.753	+9999	0.731	-40.17
29/11/2004	185959.000	-138.712	11.849	+9999	0.645	-17.76
29/11/2004	192959.000	-93.966	64.814	+9999	0.747	-17.62
29/11/2004	195959.000	-49.655	83.325	+9999	0.669	-42.74
29/11/2004	202959.000	-125.886	32.327	+9999	0.813	-78.49
29/11/2004	205959.000	-95.672	68.670	+9999	0.627	-80.63
29/11/2004	212959.000	-61.955	-1.569	+9999	0.310	-57.54
29/11/2004	215959.000	16.323	99.026	+9999	0.449	-45.42
29/11/2004	222959.000	-23.217	35.107	+9999	0.343	-46.63
29/11/2004	225959.000	-110.823	-30.746	+9999	0.507	-39.51
29/11/2004	232959.000	-28.081	59.753	-3.479	0.521	-16.10
29/11/2004	235959.000	-56.566	64.556	+9999	0.649	-22.52
30/11/2004	002959.000	-89.780	-0.054	+9999	0.571	-18.44
30/11/2004	005959.000	-128.853	39.280	-15.948	0.804	-15.64
30/11/2004	012959.000	-166.567	54.646	+9999	0.963	-16.03
30/11/2004	015959.000	-141.169	-6.796	+9999	0.598	-16.42
30/11/2004	022959.000	-63.323	87.895	+9999	0.625	-12.40
30/11/2004	025959.000	-129.860	1.219	+9999	0.629	-7.70
30/11/2004	032959.000	-125.591	-44.825	+9999	0.431	-5.43
30/11/2004	035959.000	-78.667	2.453	+9999	0.448	-7.98
30/11/2004	042959.000	-38.401	27.220	+9999	0.433	-21.60
30/11/2004	045959.000	-48.332	-6.930	+9999	0.217	-19.70
30/11/2004	052959.000	-105.790	-33.151	+9999	0.395	-17.55
30/11/2004	055959.000	2.072	77.533	+9999	0.360	-17.57
30/11/2004	062959.000	-188.733	-56.375	+9999	0.602	-16.50
30/11/2004	065959.000	-162.558	-39.500	+9999	0.541	-14.09
30/11/2004	072959.000	-116.869	31.406	+9999	0.619	-15.28
30/11/2004	075959.000	-126.801	-20.458	+9999	0.522	-4.20
30/11/2004	082959.000	-34.842	10.497	+9999	0.383	-2.73
30/11/2004	085959.000	-45.223	17.547	715.659	0.337	31.96
30/11/2004	092959.000	26.802	57.971	582.450	0.134	75.64
30/11/2004	095959.000	-3.282	37.667	760.112	0.267	137.92
30/11/2004	102959.000	15.329	99.617	+9999	0.481	169.92
30/11/2004	105959.000	57.014	126.788	+9999	0.356	192.42
30/11/2004	112959.000	-109.818	0.691	+9999	0.587	184.37
30/11/2004	115959.000	-53.868	34.048	+9999	0.516	328.96
30/11/2004	122959.000	-25.588	29.934	+9999	0.193	140.27
30/11/2004	125959.000	-77.953	-6.820	+9999	0.290	82.89
30/11/2004	132959.000	-82.078	29.662	+9999	0.463	81.45
30/11/2004	135959.000	-102.402	-32.551	+9999	0.261	57.05
30/11/2004	142959.000	-45.554	-5.656	735.993	0.066	45.87
30/11/2004	145959.000	6.045	9.272	57.714	0.118	33.18
30/11/2004	152959.000	0.888	1.564	12.049	0.108	9.29
30/11/2004	155959.000	-2.953	-2.297	12.559	0.188	-8.97
30/11/2004	162959.000	-4.727	-4.314	6.491	0.120	-17.95
30/11/2004	165959.000	-7.144	-6.899	4.801	0.122	-35.06
30/11/2004	172959.000	-8.399	-8.395	0.094	0.138	-64.61
30/11/2004	175959.000	-2.866	-2.891	-0.452	0.064	-78.20
30/11/2004	182959.000	-3.040	-3.103	-1.235	0.075	-70.29
30/11/2004	185959.000	-2.505	-2.600	-1.805	0.081	-63.06
30/11/2004	192959.000	-4.600	-4.614	-0.189	0.119	-52.96
30/11/2004	195959.000	-10.936	-11.501	-10.036	0.171	-50.08
30/11/2004	202959.000	-18.985	-19.718	-13.023	0.185	-45.55
30/11/2004	205959.000	-15.633	-17.028	-25.087	0.179	-39.63
30/11/2004	212959.000	-15.593	-16.708	-19.967	0.169	-34.01
30/11/2004	215959.000	-2.616	-2.780	-2.934	0.067	-30.81
30/11/2004	222959.000	-11.578	-12.061	-8.466	0.148	-29.28
30/11/2004	225959.000	-15.166	-16.315	-20.760	0.180	-28.72
30/11/2004	232959.000	-13.540	-14.001	-8.189	0.144	-28.08
30/11/2004	235959.000	-10.529	-10.624	-1.651	0.120	-27.41
