Fichier CAPITOUL-FLX-30MN
MOIS : 2004/05 
PLATFORME = saint-sardos
LATITUDE = 43°53'
LONGITUDE =01°06'
ALTITUDE = 187 m
TYPE = ASCII
DATE_creation_fichier = 07/12/2006
#LISTE DES PARAMETRES#
'DATE'	'HEURE'		'HS_TAIR-flx'	'HS_TSON-flx'	'LE_TAIR-flx'	'USTAR-vit'	'RN-ray'	
#UNITES#
'JJ/MM/AAAA'	'HHMMSS.SSS'	'W/m2'	'W/m2'	'W/m2'	'm/s'	'W/m2'	
#FIN ENTETE#
01/05/2004	002959.000	-8.486	-8.200	4.925	0.158	-81.03
01/05/2004	005959.000	-3.516	-3.454	1.093	0.085	-81.45
01/05/2004	012959.000	-9.255	-9.473	-3.827	0.096	-59.18
01/05/2004	015959.000	-3.628	-3.692	-1.070	0.079	-68.27
01/05/2004	022959.000	-6.018	-6.309	-5.351	0.159	-60.07
01/05/2004	025959.000	-11.538	-12.084	-9.662	0.201	-46.18
01/05/2004	032959.000	-14.047	-15.128	-19.563	0.188	-41.26
01/05/2004	035959.000	-11.333	-12.008	-11.947	0.183	-32.84
01/05/2004	042959.000	-13.965	-14.426	-7.486	0.230	-27.81
01/05/2004	045959.000	-22.163	-19.506	50.015	0.289	-22.79
01/05/2004	052959.000	-15.374	-15.254	2.221	0.276	-2.29
01/05/2004	055959.000	-0.572	-0.048	9.346	0.306	35.68
01/05/2004	062959.000	17.440	19.538	37.857	0.368	93.59
01/05/2004	065959.000	25.792	28.764	52.935	0.397	175.73
01/05/2004	072959.000	48.987	53.886	87.048	0.375	261.13
01/05/2004	075959.000	59.716	65.850	108.807	0.441	342.24
01/05/2004	082959.000	72.187	79.253	124.661	0.412	418.67
01/05/2004	085959.000	98.293	108.884	186.270	0.459	488.43
01/05/2004	092959.000	105.348	116.342	192.479	0.464	534.78
01/05/2004	095959.000	98.543	109.969	199.247	0.385	552.26
01/05/2004	102959.000	142.660	160.110	303.177	0.476	660.95
01/05/2004	105959.000	115.454	131.657	281.289	0.453	579.68
01/05/2004	112959.000	101.328	114.561	229.505	0.338	661.13
01/05/2004	115959.000	138.089	159.980	+9999	0.441	678.02
01/05/2004	122959.000	123.940	143.848	+9999	0.280	708.79
01/05/2004	125959.000	97.996	117.512	+9999	0.226	603.45
01/05/2004	132959.000	75.471	94.807	+9999	0.182	533.55
01/05/2004	135959.000	48.768	61.056	210.911	0.257	383.21
01/05/2004	142959.000	24.766	35.356	182.482	0.255	288.39
01/05/2004	145959.000	3.344	10.375	120.602	0.215	222.39
01/05/2004	152959.000	-1.924	4.940	118.413	0.219	176.39
01/05/2004	155959.000	-8.494	-1.518	120.180	0.247	139.58
01/05/2004	162959.000	-22.164	-14.781	127.056	0.264	98.39
01/05/2004	165959.000	-24.143	-19.600	77.852	0.221	46.74
01/05/2004	172959.000	-21.602	-17.493	71.468	0.294	24.06
01/05/2004	175959.000	-15.976	-12.846	54.587	0.283	10.03
01/05/2004	182959.000	-15.430	-13.483	33.658	0.293	-10.62
01/05/2004	185959.000	-17.590	-16.182	24.680	0.336	-29.75
01/05/2004	192959.000	-23.907	-21.650	39.758	0.392	-29.05
01/05/2004	195959.000	-26.610	-25.236	24.657	0.360	-52.06
01/05/2004	202959.000	-18.940	-18.132	14.373	0.260	-62.55
01/05/2004	205959.000	-18.305	-17.246	19.320	0.250	-51.18
01/05/2004	212959.000	-14.243	-13.449	14.296	0.199	-53.58
01/05/2004	215959.000	-7.031	-6.835	3.508	0.046	-49.65
01/05/2004	222959.000	-0.952	-0.868	1.564	0.052	-43.97
01/05/2004	225959.000	-13.282	-12.418	15.009	0.126	-23.25
01/05/2004	232959.000	-7.079	-6.443	11.967	0.110	-20.69
01/05/2004	235959.000	-7.976	-7.170	14.404	0.138	-18.61
02/05/2004	002959.000	-11.677	-10.358	23.615	0.177	-27.16
02/05/2004	005959.000	-8.003	-7.072	15.672	0.163	-11.87
02/05/2004	012959.000	-7.404	-6.640	14.254	0.154	-11.05
02/05/2004	015959.000	-10.478	-9.364	19.596	0.195	-11.55
02/05/2004	022959.000	-9.602	-7.805	32.144	0.199	-11.50
02/05/2004	025959.000	11.975	-4.139	+9999	0.256	-29.49
02/05/2004	032959.000	-3.537	-4.403	+9999	0.149	-39.98
02/05/2004	035959.000	-0.735	-1.980	+9999	0.071	-35.80
02/05/2004	042959.000	3.123	2.553	-7.483	0.157	-8.79
02/05/2004	045959.000	0.846	0.104	20.956	0.215	-6.66
02/05/2004	052959.000	5.809	3.493	+9999	0.153	-0.80
02/05/2004	055959.000	-1.240	1.354	47.184	0.179	8.81
02/05/2004	062959.000	1.714	3.015	23.365	0.166	36.03
02/05/2004	065959.000	8.803	10.946	37.401	0.185	121.46
02/05/2004	072959.000	36.034	40.767	83.909	0.151	339.51
02/05/2004	075959.000	69.199	79.892	187.993	0.222	439.83
02/05/2004	082959.000	69.653	79.374	170.786	0.233	353.75
02/05/2004	085959.000	59.429	68.534	158.892	0.179	344.43
02/05/2004	092959.000	35.755	42.726	122.205	0.117	234.11
02/05/2004	095959.000	44.458	52.724	145.087	0.176	462.68
02/05/2004	102959.000	38.006	45.570	133.233	0.103	311.77
02/05/2004	105959.000	44.898	52.704	135.735	0.191	256.73
02/05/2004	112959.000	50.518	60.230	167.680	0.288	384.31
02/05/2004	115959.000	33.629	40.248	115.305	0.097	243.79
02/05/2004	122959.000	48.033	57.587	166.009	0.062	526.90
02/05/2004	125959.000	42.925	52.695	169.024	0.204	546.44
02/05/2004	132959.000	50.791	63.080	212.551	0.158	464.06
02/05/2004	135959.000	66.851	82.055	263.312	0.129	411.95
02/05/2004	142959.000	29.950	39.108	157.893	0.181	294.68
02/05/2004	145959.000	50.855	63.310	214.135	0.131	409.82
02/05/2004	152959.000	38.801	47.678	152.241	0.090	390.18
02/05/2004	155959.000	40.458	50.513	173.859	0.065	355.21
02/05/2004	162959.000	41.333	50.727	162.229	0.141	239.22
02/05/2004	165959.000	7.881	12.899	86.693	0.240	92.54
02/05/2004	172959.000	0.215	3.495	56.412	0.208	15.22
02/05/2004	175959.000	-4.346	-3.645	12.208	0.092	0.14
02/05/2004	182959.000	-2.492	-1.850	10.944	0.065	-34.66
02/05/2004	185959.000	-3.847	-3.161	11.743	0.074	-73.55
02/05/2004	192959.000	-5.789	-5.525	4.531	0.068	-81.18
02/05/2004	195959.000	-21.740	-19.339	42.297	0.313	-56.20
02/05/2004	202959.000	-18.086	-16.031	36.849	0.465	-34.22
02/05/2004	205959.000	-11.424	-10.063	24.167	0.457	-39.12
02/05/2004	212959.000	-15.560	-13.823	30.256	0.430	-31.33
02/05/2004	215959.000	-19.758	-12.432	109.737	0.288	-21.64
02/05/2004	222959.000	-11.296	-10.012	19.146	0.209	-23.41
02/05/2004	225959.000	-11.079	-10.232	15.184	0.235	-24.22
02/05/2004	232959.000	-9.391	-8.829	10.223	0.112	-28.99
02/05/2004	235959.000	-3.933	-3.967	-0.561	0.106	-43.84
03/05/2004	002959.000	-4.908	-4.856	0.598	0.098	-51.62
03/05/2004	005959.000	-0.686	-0.629	0.366	0.072	-37.98
03/05/2004	012959.000	-1.332	-1.280	1.383	0.058	-41.21
03/05/2004	015959.000	-0.476	-0.450	0.432	0.033	-34.12
03/05/2004	022959.000	-0.250	-0.246	0.229	0.027	-23.45
03/05/2004	025959.000	-0.528	-0.456	0.922	0.042	-21.94
03/05/2004	032959.000	-0.204	-0.192	0.059	0.033	-25.67
03/05/2004	035959.000	-1.140	-1.097	0.555	0.063	-25.56
03/05/2004	042959.000	-0.579	-0.490	1.481	0.044	-20.82
03/05/2004	045959.000	-1.065	-0.770	5.116	0.076	-15.57
03/05/2004	052959.000	-3.621	-3.221	7.249	0.070	-7.86
03/05/2004	055959.000	-1.559	-1.044	9.140	0.070	0.32
03/05/2004	062959.000	0.358	1.096	13.057	0.099	15.97
03/05/2004	065959.000	5.152	6.123	16.788	0.113	36.91
03/05/2004	072959.000	8.099	9.303	21.296	0.115	63.18
03/05/2004	075959.000	4.707	6.244	26.885	0.130	51.44
03/05/2004	082959.000	7.770	9.460	29.692	0.088	84.22
03/05/2004	085959.000	7.006	8.892	33.532	0.070	79.93
03/05/2004	092959.000	6.831	9.495	46.683	0.086	124.74
03/05/2004	095959.000	11.489	15.160	64.845	0.079	93.69
03/05/2004	102959.000	0.431	4.765	77.028	0.108	119.78
03/05/2004	105959.000	8.712	16.158	132.757	0.127	206.52
03/05/2004	112959.000	27.500	33.566	106.716	0.123	242.14
03/05/2004	115959.000	35.745	42.810	124.460	0.154	333.66
03/05/2004	122959.000	49.381	60.109	187.822	0.106	353.37
03/05/2004	125959.000	57.716	69.194	200.477	0.174	423.99
03/05/2004	132959.000	79.070	93.326	247.761	0.251	483.88
03/05/2004	135959.000	49.080	60.567	199.898	0.260	343.04
03/05/2004	142959.000	-1.290	5.348	116.734	0.286	132.09
03/05/2004	145959.000	1.745	6.172	78.507	0.258	76.16
03/05/2004	152959.000	5.134	9.070	68.545	0.186	71.84
03/05/2004	155959.000	6.832	11.677	84.259	0.258	55.09
03/05/2004	162959.000	-1.847	0.148	34.570	0.208	9.83
03/05/2004	165959.000	-4.203	-2.420	32.022	0.174	-0.22
03/05/2004	172959.000	-4.057	-0.759	57.989	0.181	-5.51
03/05/2004	175959.000	-0.670	0.630	22.819	0.183	-11.76
03/05/2004	182959.000	-2.541	-1.165	23.757	0.188	-16.53
03/05/2004	185959.000	-18.538	-2.895	284.463	0.240	-20.04
03/05/2004	192959.000	-8.004	-16.403	+9999	0.326	-17.11
03/05/2004	195959.000	-25.393	-22.068	81.104	0.391	-15.20
03/05/2004	202959.000	-14.707	-24.935	+9999	0.403	-14.02
03/05/2004	205959.000	-20.407	-8.761	162.362	0.391	-14.85
03/05/2004	212959.000	-9.184	-9.006	2.548	0.370	-15.30
03/05/2004	215959.000	-14.086	-13.149	17.739	0.409	-15.70
03/05/2004	222959.000	-28.168	-27.946	5.814	0.390	-21.43
03/05/2004	225959.000	-41.990	-41.822	3.941	0.457	-21.05
03/05/2004	232959.000	-31.775	-31.325	8.839	0.339	-24.04
03/05/2004	235959.000	-22.153	-21.194	17.665	0.302	-24.33
04/05/2004	002959.000	-29.101	-28.017	19.056	0.329	-21.30
04/05/2004	005959.000	-21.018	-19.971	18.472	0.269	-25.62
04/05/2004	012959.000	-23.246	-21.910	23.749	0.336	-25.68
04/05/2004	015959.000	-21.262	-20.503	14.601	0.270	-27.21
04/05/2004	022959.000	-20.968	-19.811	20.972	0.311	-25.92
04/05/2004	025959.000	-12.158	-10.165	34.628	0.374	-27.13
04/05/2004	032959.000	-15.409	-13.817	28.294	0.375	-32.44
04/05/2004	035959.000	-18.889	-17.766	20.169	0.353	-55.77
04/05/2004	042959.000	-20.581	-20.070	9.368	0.423	-59.59
04/05/2004	045959.000	-15.584	-14.823	14.574	0.436	-49.06
04/05/2004	052959.000	-10.166	-8.668	27.177	0.493	-2.17
04/05/2004	055959.000	-8.410	-6.645	30.748	0.444	16.96
04/05/2004	062959.000	-10.923	-8.425	43.903	0.464	31.41
04/05/2004	065959.000	-3.977	-2.127	33.612	0.364	52.60
04/05/2004	072959.000	3.885	7.480	63.905	0.431	86.98
04/05/2004	075959.000	3.216	6.811	62.797	0.441	121.57
04/05/2004	082959.000	41.572	48.541	122.686	0.493	254.81
04/05/2004	085959.000	29.947	36.006	106.018	0.467	188.49
04/05/2004	092959.000	44.670	53.929	162.656	0.486	307.66
04/05/2004	095959.000	33.324	40.778	130.707	0.424	278.96
04/05/2004	102959.000	14.189	20.557	113.009	0.417	130.88
04/05/2004	105959.000	12.589	18.878	110.250	0.427	177.50
04/05/2004	112959.000	72.527	84.086	201.785	0.399	554.97
04/05/2004	115959.000	35.769	45.032	161.770	0.469	228.56
04/05/2004	122959.000	30.926	38.971	140.838	0.474	221.53
04/05/2004	125959.000	1.709	8.102	112.615	0.484	147.73
04/05/2004	132959.000	30.622	39.488	155.211	0.501	305.21
04/05/2004	135959.000	38.335	47.019	151.297	0.468	349.43
04/05/2004	142959.000	-3.465	3.405	120.572	0.486	109.94
04/05/2004	145959.000	-2.319	3.693	106.071	0.531	110.67
04/05/2004	152959.000	54.348	64.220	172.950	0.522	335.73
04/05/2004	155959.000	7.620	13.864	109.374	0.391	127.93
04/05/2004	162959.000	-23.451	-18.482	86.216	0.499	34.01
04/05/2004	165959.000	-25.947	-21.817	73.034	0.512	80.09
04/05/2004	172959.000	-22.943	-19.067	68.824	0.473	44.00
04/05/2004	175959.000	-19.404	-16.149	57.095	0.479	17.39
04/05/2004	182959.000	-16.837	-14.389	44.055	0.427	0.22
04/05/2004	185959.000	-6.399	-4.212	38.274	0.401	-11.68
04/05/2004	192959.000	-0.756	0.508	24.179	0.326	-10.96
04/05/2004	195959.000	3.216	-1.043	+9999	0.240	-16.24
04/05/2004	202959.000	1.451	-2.145	+9999	0.320	-14.97
04/05/2004	205959.000	-1.961	-0.833	61.896	0.315	-16.29
04/05/2004	212959.000	9.890	-1.029	+9999	0.287	-13.09
04/05/2004	215959.000	-2.345	-3.557	-21.971	0.377	-15.42
04/05/2004	222959.000	-12.788	-6.869	108.484	0.332	-15.89
04/05/2004	225959.000	-6.920	-8.056	-19.340	0.388	-8.26
04/05/2004	232959.000	-20.680	-4.942	237.743	0.432	-10.85
04/05/2004	235959.000	-43.036	-40.498	66.561	0.550	-11.50
05/05/2004	002959.000	+9999	-45.741	+9999	0.504	-13.02
05/05/2004	005959.000	11.151	16.878	106.839	0.292	-15.31
05/05/2004	012959.000	7.886	12.256	73.234	0.313	-21.52
05/05/2004	015959.000	-5.210	-3.820	28.432	0.250	-23.41
05/05/2004	022959.000	-1.622	-0.994	11.306	0.363	-29.29
05/05/2004	025959.000	-8.100	-6.771	23.554	0.359	-20.87
05/05/2004	032959.000	-4.607	-2.884	31.253	0.399	-12.04
05/05/2004	035959.000	-12.092	-11.450	11.261	0.324	-61.46
05/05/2004	042959.000	-16.851	-16.230	11.271	0.316	-49.51
05/05/2004	045959.000	-11.862	-14.370	+9999	0.321	-25.08
05/05/2004	052959.000	35.150	20.953	+9999	0.433	-5.07
05/05/2004	055959.000	12.942	8.315	+9999	0.194	24.06
05/05/2004	062959.000	-10.114	10.981	287.454	0.247	95.84
05/05/2004	065959.000	9.317	11.934	46.540	0.388	91.18
05/05/2004	072959.000	38.521	43.397	86.614	0.427	193.92
05/05/2004	075959.000	80.518	88.204	136.763	0.494	319.81
05/05/2004	082959.000	98.664	108.527	174.694	0.593	335.88
05/05/2004	085959.000	85.628	95.760	180.016	0.495	375.51
05/05/2004	092959.000	81.949	109.283	+9999	0.606	322.16
05/05/2004	095959.000	119.742	125.580	98.978	0.594	484.39
05/05/2004	102959.000	154.795	172.902	+9999	0.607	609.71
05/05/2004	105959.000	133.191	147.950	260.734	0.579	544.66
05/05/2004	112959.000	86.779	88.213	23.089	0.710	142.32
05/05/2004	115959.000	84.872	93.916	162.792	0.576	360.35
05/05/2004	122959.000	198.548	218.786	+9999	0.782	656.46
05/05/2004	125959.000	180.841	199.765	+9999	0.626	656.98
05/05/2004	132959.000	145.818	162.587	296.294	0.580	582.70
05/05/2004	135959.000	39.389	48.650	162.581	0.660	149.45
05/05/2004	142959.000	62.941	71.100	144.997	0.434	223.23
05/05/2004	145959.000	80.381	100.637	+9999	0.493	333.21
05/05/2004	152959.000	72.528	66.213	+9999	0.545	55.63
05/05/2004	155959.000	42.768	41.357	+9999	0.299	135.22
05/05/2004	162959.000	36.802	47.596	192.680	0.541	221.12
05/05/2004	165959.000	66.469	73.886	132.147	0.577	166.81
05/05/2004	172959.000	27.754	33.243	97.204	0.523	27.35
05/05/2004	175959.000	1.235	4.716	60.539	0.436	8.01
05/05/2004	182959.000	1.728	3.428	30.436	0.248	-1.29
05/05/2004	185959.000	21.471	34.028	232.375	0.438	-12.73
05/05/2004	192959.000	6.167	6.253	-0.188	0.356	-32.47
05/05/2004	195959.000	-3.463	-2.408	19.163	0.275	-57.14
05/05/2004	202959.000	-13.021	-12.155	15.563	0.310	-59.04
05/05/2004	205959.000	-5.432	-4.454	17.236	0.300	-53.33
05/05/2004	212959.000	-5.377	-4.839	10.111	0.297	-57.85
05/05/2004	215959.000	-1.858	-0.844	17.586	0.345	-52.57
05/05/2004	222959.000	-6.196	-4.862	24.273	0.373	-35.14
05/05/2004	225959.000	-0.618	0.876	27.230	0.388	-20.69
05/05/2004	232959.000	1.384	2.651	22.674	0.311	-30.74
05/05/2004	235959.000	10.881	5.692	+9999	0.408	-12.55
06/05/2004	002959.000	15.842	9.554	+9999	0.382	-9.14
06/05/2004	005959.000	-2.998	8.899	190.263	0.451	-13.72
06/05/2004	012959.000	-2.304	1.200	63.008	0.459	-19.95
06/05/2004	015959.000	-2.525	-0.356	41.913	0.482	-8.66
06/05/2004	022959.000	-9.040	-4.324	86.547	0.497	-12.19
06/05/2004	025959.000	-9.281	-7.045	41.074	0.398	-19.67
06/05/2004	032959.000	-7.268	-5.834	26.162	0.364	-12.60
06/05/2004	035959.000	-5.729	-4.350	24.143	0.398	-10.11
06/05/2004	042959.000	-6.966	-5.769	23.564	0.373	-18.76
06/05/2004	045959.000	-11.962	-10.723	21.610	0.458	-22.97
06/05/2004	052959.000	-17.464	-16.748	13.241	0.442	-19.96
06/05/2004	055959.000	4.298	5.147	14.525	0.475	76.06
06/05/2004	062959.000	16.430	20.187	66.964	0.446	78.42
06/05/2004	065959.000	26.742	29.550	50.300	0.514	116.18
06/05/2004	072959.000	41.830	50.749	160.687	0.525	245.20
06/05/2004	075959.000	55.602	63.560	143.031	0.536	224.65
06/05/2004	082959.000	124.000	135.065	197.515	0.551	406.90
06/05/2004	085959.000	93.745	99.813	107.659	0.466	346.54
06/05/2004	092959.000	104.808	113.035	146.702	0.384	405.75
06/05/2004	095959.000	107.756	104.887	+9999	0.529	360.42
06/05/2004	102959.000	107.612	88.754	+9999	0.450	282.00
06/05/2004	105959.000	108.001	116.285	146.608	0.591	327.84
06/05/2004	112959.000	96.569	106.340	174.143	0.541	357.26
06/05/2004	115959.000	148.906	165.343	293.022	0.574	596.61
06/05/2004	122959.000	96.648	102.733	107.413	0.537	342.05
06/05/2004	125959.000	126.565	158.759	+9999	0.603	124.12
06/05/2004	132959.000	94.943	106.338	204.416	0.474	482.01
06/05/2004	135959.000	129.912	143.677	243.951	0.564	381.76
06/05/2004	142959.000	76.582	85.209	152.803	0.432	223.88
06/05/2004	145959.000	48.949	59.064	179.868	0.297	176.56
06/05/2004	152959.000	32.827	40.159	130.178	0.337	138.27
06/05/2004	155959.000	93.243	112.864	+9999	0.406	37.18
06/05/2004	162959.000	19.486	27.650	149.498	0.384	114.08
06/05/2004	165959.000	-14.960	-13.593	21.775	0.656	71.36
06/05/2004	172959.000	27.198	33.534	112.017	0.598	89.06
06/05/2004	175959.000	11.964	16.991	89.029	0.507	12.19
06/05/2004	182959.000	9.883	13.827	69.851	0.506	-2.85
06/05/2004	185959.000	1.067	4.347	57.987	0.491	-60.98
06/05/2004	192959.000	4.237	7.299	53.481	0.593	-56.95
06/05/2004	195959.000	-5.557	-4.353	21.649	0.350	-79.03
06/05/2004	202959.000	-12.726	-11.708	18.205	0.391	-81.03
06/05/2004	205959.000	-3.593	-2.471	20.051	0.296	-59.60
06/05/2004	212959.000	-8.997	-8.024	17.862	0.279	-78.85
06/05/2004	215959.000	-20.929	-20.481	7.892	0.307	-80.75
06/05/2004	222959.000	-18.171	-17.913	4.319	0.191	-61.70
06/05/2004	225959.000	-19.862	-19.440	7.554	0.189	-43.95
06/05/2004	232959.000	-15.456	-14.879	10.350	0.220	-28.54
06/05/2004	235959.000	-13.434	-12.818	11.581	0.373	-15.40
07/05/2004	002959.000	-5.477	1.881	136.587	0.449	-11.72
07/05/2004	005959.000	-11.725	-6.324	82.572	0.343	-10.79
07/05/2004	012959.000	0.050	-2.650	+9999	0.285	-17.18
07/05/2004	015959.000	-2.347	-8.499	+9999	0.328	-16.87
07/05/2004	022959.000	-5.409	-3.739	26.749	0.497	-23.75
07/05/2004	025959.000	-11.202	-9.621	28.510	0.481	-21.18
07/05/2004	032959.000	-12.627	-10.266	43.475	0.509	-19.11
07/05/2004	035959.000	-4.549	-3.209	25.539	0.466	-9.54
07/05/2004	042959.000	-8.852	-7.554	25.924	0.467	-24.54
07/05/2004	045959.000	-10.275	-9.601	12.281	0.369	-36.46
07/05/2004	052959.000	-7.744	-6.951	15.262	0.416	-11.78
07/05/2004	055959.000	-0.482	1.059	26.952	0.384	32.29
07/05/2004	062959.000	9.158	11.253	37.797	0.401	75.47
07/05/2004	065959.000	32.700	36.494	67.683	0.432	175.66
07/05/2004	072959.000	48.124	52.414	76.629	0.383	230.41
07/05/2004	075959.000	55.128	60.534	96.392	0.360	294.57
07/05/2004	082959.000	50.139	55.815	100.563	0.401	229.33
07/05/2004	085959.000	107.994	118.005	177.703	0.454	468.43
07/05/2004	092959.000	125.988	135.595	168.853	0.479	333.89
07/05/2004	095959.000	51.092	30.778	+9999	0.331	142.46
07/05/2004	102959.000	31.050	32.540	-19.200	0.266	270.74
07/05/2004	105959.000	70.810	91.199	+9999	0.488	513.61
07/05/2004	112959.000	109.266	125.798	291.393	0.452	725.15
07/05/2004	115959.000	118.796	135.744	298.154	0.519	681.61
07/05/2004	122959.000	111.530	130.644	+9999	0.524	617.93
07/05/2004	125959.000	123.674	142.167	+9999	0.380	631.42
07/05/2004	132959.000	29.592	37.814	143.461	0.365	169.01
07/05/2004	135959.000	266.071	297.405	+9999	0.670	20.48
07/05/2004	142959.000	138.860	143.889	+9999	0.467	277.80
07/05/2004	145959.000	52.516	59.092	109.762	0.411	173.93
07/05/2004	152959.000	43.398	50.403	123.903	0.367	232.43
07/05/2004	155959.000	35.267	41.735	114.689	0.438	163.21
07/05/2004	162959.000	48.403	56.189	137.955	0.324	190.81
07/05/2004	165959.000	43.231	327.780	227.687	0.458	-3.84
07/05/2004	172959.000	37.970	40.789	72.578	0.138	118.82
07/05/2004	175959.000	16.968	25.465	156.999	0.388	8.37
07/05/2004	182959.000	14.588	9.489	+9999	0.331	-8.30
07/05/2004	185959.000	10.864	10.356	-11.373	0.441	-17.64
07/05/2004	192959.000	8.998	9.054	1.196	0.458	-20.93
07/05/2004	195959.000	-13.873	-11.227	47.707	0.269	-41.83
07/05/2004	202959.000	-9.294	-8.710	10.501	0.212	-37.38
07/05/2004	205959.000	-5.139	-3.728	25.102	0.295	-18.66
07/05/2004	212959.000	9.573	9.715	3.140	0.383	-22.63
07/05/2004	215959.000	2.338	4.666	43.471	0.360	-23.06
07/05/2004	222959.000	-5.717	-4.827	16.118	0.355	-48.37
07/05/2004	225959.000	-11.793	-10.882	15.947	0.357	-52.46
07/05/2004	232959.000	-16.161	-16.088	1.275	0.343	-62.12
07/05/2004	235959.000	-17.861	-18.025	-2.745	0.347	-62.46
08/05/2004	002959.000	-11.772	-12.016	-5.321	0.365	-45.93
08/05/2004	005959.000	-21.440	-21.712	-5.072	0.395	-62.44
08/05/2004	012959.000	-19.051	-19.347	-5.356	0.413	-61.77
08/05/2004	015959.000	-21.453	-21.776	-5.753	0.462	-61.48
08/05/2004	022959.000	-19.329	-19.362	-0.040	0.429	-43.09
08/05/2004	025959.000	-8.590	-8.221	5.571	0.421	-25.43
08/05/2004	032959.000	-5.245	-4.373	16.136	0.395	-9.90
08/05/2004	035959.000	-5.409	-4.612	14.202	0.422	-24.97
08/05/2004	042959.000	-7.849	-7.208	9.337	0.419	-36.20
08/05/2004	045959.000	-13.122	-12.597	8.434	0.428	-45.76
08/05/2004	052959.000	-16.284	-16.074	4.522	0.412	-39.28
08/05/2004	055959.000	-1.152	-0.649	8.637	0.404	22.67
08/05/2004	062959.000	13.963	16.190	39.424	0.422	75.77
08/05/2004	065959.000	18.232	20.740	44.883	0.394	110.26
08/05/2004	072959.000	45.205	49.284	72.010	0.432	172.26
08/05/2004	075959.000	66.470	72.177	102.314	0.442	296.07
08/05/2004	082959.000	65.551	71.345	102.453	0.381	243.39
08/05/2004	085959.000	91.434	100.459	159.627	0.471	355.46
08/05/2004	092959.000	67.987	76.212	145.192	0.445	354.30
08/05/2004	095959.000	42.958	49.288	112.210	0.434	236.70
08/05/2004	102959.000	62.499	71.486	158.334	0.479	454.52
08/05/2004	105959.000	69.253	78.768	167.295	0.484	310.89
08/05/2004	112959.000	26.322	33.837	132.832	0.449	308.65
08/05/2004	115959.000	125.864	142.717	297.578	0.531	692.35
08/05/2004	122959.000	105.431	122.001	290.868	0.556	567.80
08/05/2004	125959.000	73.343	86.176	225.481	0.498	530.08
08/05/2004	132959.000	46.307	57.602	198.181	0.526	322.84
08/05/2004	135959.000	30.353	38.958	150.339	0.467	353.07
08/05/2004	142959.000	117.398	122.110	76.902	0.579	372.78
08/05/2004	145959.000	57.179	70.510	233.819	0.472	485.71
08/05/2004	152959.000	20.514	28.173	133.752	0.453	248.82
08/05/2004	155959.000	-6.821	3.115	173.919	0.558	230.87
08/05/2004	162959.000	-17.555	-7.061	183.175	0.587	228.90
08/05/2004	165959.000	4.928	13.711	153.269	0.453	196.71
08/05/2004	172959.000	-13.135	-6.843	110.518	0.484	85.51
08/05/2004	175959.000	-11.751	-6.231	95.949	0.484	32.56
08/05/2004	182959.000	-39.107	-35.376	65.452	0.431	-48.65
08/05/2004	185959.000	-47.724	-45.488	38.738	0.379	-75.14
08/05/2004	192959.000	-39.394	-38.217	20.902	0.297	-86.02
08/05/2004	195959.000	-15.313	-14.759	9.691	0.179	-87.28
08/05/2004	202959.000	-12.673	-12.256	7.553	0.154	-91.46
08/05/2004	205959.000	-21.065	-20.520	9.694	0.188	-90.60
08/05/2004	212959.000	-17.057	-16.541	9.124	0.194	-90.23
08/05/2004	215959.000	-19.138	-18.779	6.387	0.221	-90.48
08/05/2004	222959.000	-17.040	-16.632	7.123	0.199	-89.64
08/05/2004	225959.000	-17.336	-17.142	3.712	0.202	-90.28
08/05/2004	232959.000	-17.352	-17.268	1.477	0.194	-89.18
08/05/2004	235959.000	-17.277	-17.248	0.719	0.211	-89.44
09/05/2004	002959.000	-21.675	-22.092	-7.160	0.232	-89.30
09/05/2004	005959.000	-15.513	-15.734	-4.020	0.142	-89.13
09/05/2004	012959.000	-9.421	-9.502	-1.271	0.133	-87.98
09/05/2004	015959.000	-7.050	-7.161	-1.966	0.103	-85.27
09/05/2004	022959.000	-3.713	-3.762	-0.889	0.069	-78.95
09/05/2004	025959.000	-1.785	-1.794	-0.163	0.055	-84.12
09/05/2004	032959.000	-1.343	-1.355	-0.265	0.051	-79.00
09/05/2004	035959.000	-3.517	-3.568	-0.934	0.083	-46.55
09/05/2004	042959.000	-12.394	-2.387	184.917	0.092	-43.53
09/05/2004	045959.000	+9999	-23.394	+9999	0.141	-75.63
09/05/2004	052959.000	+9999	15.001	+9999	0.132	-42.18
09/05/2004	055959.000	-52.959	-24.171	+9999	0.095	19.35
09/05/2004	062959.000	57.989	11.158	+9999	0.258	110.41
09/05/2004	065959.000	37.464	-9.112	+9999	0.342	199.76
09/05/2004	072959.000	64.098	45.283	+9999	0.209	272.80
09/05/2004	075959.000	82.656	84.077	25.402	0.214	350.27
09/05/2004	082959.000	+9999	9.633	+9999	0.302	360.79
09/05/2004	085959.000	+9999	15.225	+9999	0.423	538.69
09/05/2004	092959.000	-2.185	46.084	+9999	0.113	620.74
09/05/2004	095959.000	51.057	88.735	+9999	0.247	587.14
09/05/2004	102959.000	49.983	94.144	+9999	0.144	446.52
09/05/2004	105959.000	22.040	55.902	+9999	0.219	656.60
09/05/2004	112959.000	36.391	92.983	+9999	0.208	758.11
09/05/2004	115959.000	-3.183	78.359	+9999	0.243	754.08
09/05/2004	122959.000	43.529	71.132	+9999	0.241	702.58
09/05/2004	125959.000	56.330	85.348	+9999	0.282	577.49
09/05/2004	132959.000	+9999	-14.602	+9999	0.202	531.64
09/05/2004	135959.000	-58.981	16.222	+9999	0.169	621.37
09/05/2004	142959.000	31.824	74.821	+9999	0.095	452.64
09/05/2004	145959.000	+9999	0.494	+9999	0.455	454.52
09/05/2004	152959.000	84.585	127.873	+9999	0.287	404.99
09/05/2004	155959.000	+9999	-46.684	+9999	0.172	263.36
09/05/2004	162959.000	+9999	+9999	+9999	0.468	261.31
09/05/2004	165959.000	+9999	+9999	+9999	0.674	177.11
09/05/2004	172959.000	+9999	+9999	+9999	0.560	40.27
09/05/2004	175959.000	+9999	-35.634	+9999	0.206	11.09
09/05/2004	182959.000	+9999	-6.946	+9999	0.107	-16.45
09/05/2004	185959.000	+9999	-19.212	+9999	0.238	-32.51
09/05/2004	192959.000	-25.168	-23.668	27.992	0.146	-36.59
09/05/2004	195959.000	12.646	-1.344	+9999	0.225	-36.18
09/05/2004	202959.000	47.292	5.125	+9999	0.134	-34.71
09/05/2004	205959.000	130.340	115.780	+9999	0.146	-33.96
09/05/2004	212959.000	+9999	-52.886	199.720	0.226	-34.15
09/05/2004	215959.000	-43.396	-16.403	+9999	0.203	-34.26
09/05/2004	222959.000	+9999	+9999	+9999	0.313	-33.57
09/05/2004	225959.000	+9999	-18.496	+9999	0.295	-32.86
09/05/2004	232959.000	+9999	-51.725	+9999	0.229	-37.64
09/05/2004	235959.000	+9999	-18.475	+9999	0.133	-31.92
10/05/2004	002959.000	+9999	+9999	+9999	0.175	-30.78
10/05/2004	005959.000	-54.247	-6.667	+9999	0.203	-40.08
10/05/2004	012959.000	-30.591	6.844	+9999	0.213	-41.13
10/05/2004	015959.000	+9999	-22.895	+9999	0.143	-32.17
10/05/2004	022959.000	+9999	-17.873	+9999	0.131	-27.86
10/05/2004	025959.000	+9999	-33.800	+9999	0.167	-25.31
10/05/2004	032959.000	+9999	-26.461	+9999	0.171	-30.10
10/05/2004	035959.000	+9999	-43.260	+9999	0.293	-27.66
10/05/2004	042959.000	+9999	-44.640	+9999	0.174	-27.84
10/05/2004	045959.000	+9999	+9999	+9999	0.461	-22.63
10/05/2004	052959.000	+9999	7.391	+9999	0.382	-8.28
10/05/2004	055959.000	+9999	-45.707	+9999	0.113	8.48
10/05/2004	062959.000	+9999	-1.851	+9999	0.100	22.45
10/05/2004	065959.000	-55.966	-1.495	+9999	0.129	42.84
10/05/2004	072959.000	+9999	0.565	+9999	0.203	49.86
10/05/2004	075959.000	+9999	-12.935	+9999	0.172	51.39
10/05/2004	082959.000	-3.079	20.356	+9999	0.148	86.07
10/05/2004	085959.000	-9.703	7.515	+9999	0.092	117.76
10/05/2004	092959.000	-52.949	-20.643	+9999	0.135	229.22
10/05/2004	095959.000	-2.661	24.553	+9999	0.168	215.36
10/05/2004	102959.000	+9999	-36.454	+9999	0.143	250.98
10/05/2004	105959.000	-23.116	17.884	+9999	0.194	362.51
10/05/2004	112959.000	6.417	68.698	+9999	0.294	323.31
10/05/2004	115959.000	-30.848	36.652	+9999	0.286	353.83
10/05/2004	122959.000	-25.015	29.725	+9999	0.333	275.32
10/05/2004	125959.000	-54.958	1.451	+9999	0.366	192.60
10/05/2004	132959.000	35.448	42.121	115.304	0.136	258.79
10/05/2004	135959.000	57.894	66.746	153.300	0.163	288.19
10/05/2004	142959.000	58.270	68.352	175.028	0.145	295.75
10/05/2004	145959.000	56.074	65.628	165.756	0.183	249.14
10/05/2004	152959.000	+9999	+9999	+9999	0.075	+9999
10/05/2004	155959.000	+9999	+9999	+9999	0.074	+9999
10/05/2004	162959.000	+9999	+9999	+9999	0.069	+9999
10/05/2004	165959.000	+9999	+9999	+9999	0.102	+9999
10/05/2004	172959.000	+9999	+9999	+9999	0.090	+9999
10/05/2004	175959.000	+9999	+9999	+9999	0.084	+9999
10/05/2004	182959.000	+9999	+9999	+9999	0.106	+9999
10/05/2004	185959.000	+9999	+9999	+9999	0.034	+9999
10/05/2004	192959.000	+9999	+9999	+9999	0.022	+9999
10/05/2004	195959.000	+9999	+9999	+9999	0.022	+9999
10/05/2004	202959.000	+9999	+9999	+9999	0.048	+9999
10/05/2004	205959.000	+9999	+9999	+9999	0.059	+9999
10/05/2004	212959.000	+9999	+9999	+9999	0.014	+9999
10/05/2004	215959.000	+9999	+9999	+9999	0.028	+9999
10/05/2004	222959.000	+9999	+9999	+9999	0.033	+9999
10/05/2004	225959.000	+9999	+9999	+9999	0.059	+9999
10/05/2004	232959.000	+9999	+9999	+9999	0.068	+9999
10/05/2004	235959.000	+9999	+9999	+9999	0.071	+9999
11/05/2004	002959.000	-9.999999e-99	-9.999999e-99	-9.999999e-99	-9.999999e-99	-9.999999e-99
11/05/2004	005959.000	-9.999999e-99	-9.999999e-99	-9.999999e-99	-9.999999e-99	-9.999999e-99
11/05/2004	012959.000	-9.999999e-99	-9.999999e-99	-9.999999e-99	-9.999999e-99	-9.999999e-99
11/05/2004	015959.000	-9.999999e-99	-9.999999e-99	-9.999999e-99	-9.999999e-99	-9.999999e-99
11/05/2004	022959.000	-9.999999e-99	-9.999999e-99	-9.999999e-99	-9.999999e-99	-9.999999e-99
11/05/2004	025959.000	-9.999999e-99	-9.999999e-99	-9.999999e-99	-9.999999e-99	-9.999999e-99
11/05/2004	032959.000	-9.999999e-99	-9.999999e-99	-9.999999e-99	-9.999999e-99	-9.999999e-99
11/05/2004	035959.000	-9.999999e-99	-9.999999e-99	-9.999999e-99	-9.999999e-99	-9.999999e-99
11/05/2004	042959.000	-9.999999e-99	-9.999999e-99	-9.999999e-99	-9.999999e-99	-9.999999e-99
11/05/2004	045959.000	-9.999999e-99	-9.999999e-99	-9.999999e-99	-9.999999e-99	-9.999999e-99
11/05/2004	052959.000	-9.999999e-99	-9.999999e-99	-9.999999e-99	-9.999999e-99	-9.999999e-99
11/05/2004	055959.000	-9.999999e-99	-9.999999e-99	-9.999999e-99	-9.999999e-99	-9.999999e-99
11/05/2004	062959.000	-9.999999e-99	-9.999999e-99	-9.999999e-99	-9.999999e-99	-9.999999e-99
11/05/2004	065959.000	-9.999999e-99	-9.999999e-99	-9.999999e-99	-9.999999e-99	-9.999999e-99
11/05/2004	072959.000	-9.999999e-99	-9.999999e-99	-9.999999e-99	-9.999999e-99	-9.999999e-99
11/05/2004	075959.000	-9.999999e-99	-9.999999e-99	-9.999999e-99	-9.999999e-99	-9.999999e-99
11/05/2004	082959.000	-9.999999e-99	-9.999999e-99	-9.999999e-99	-9.999999e-99	-9.999999e-99
11/05/2004	085959.000	-9.999999e-99	-9.999999e-99	-9.999999e-99	-9.999999e-99	-9.999999e-99
11/05/2004	092959.000	-9.999999e-99	-9.999999e-99	-9.999999e-99	-9.999999e-99	-9.999999e-99
11/05/2004	095959.000	-9.999999e-99	-9.999999e-99	-9.999999e-99	-9.999999e-99	-9.999999e-99
11/05/2004	102959.000	-9.999999e-99	-9.999999e-99	-9.999999e-99	-9.999999e-99	-9.999999e-99
11/05/2004	105959.000	-9.999999e-99	-9.999999e-99	-9.999999e-99	-9.999999e-99	-9.999999e-99
11/05/2004	112959.000	-9.999999e-99	-9.999999e-99	-9.999999e-99	-9.999999e-99	-9.999999e-99
11/05/2004	115959.000	-9.999999e-99	-9.999999e-99	-9.999999e-99	-9.999999e-99	-9.999999e-99
11/05/2004	122959.000	-9.999999e-99	-9.999999e-99	-9.999999e-99	-9.999999e-99	-9.999999e-99
11/05/2004	125959.000	-9.999999e-99	-9.999999e-99	-9.999999e-99	-9.999999e-99	-9.999999e-99
11/05/2004	132959.000	-9.999999e-99	-9.999999e-99	-9.999999e-99	-9.999999e-99	-9.999999e-99
11/05/2004	135959.000	-9.999999e-99	-9.999999e-99	-9.999999e-99	-9.999999e-99	-9.999999e-99
11/05/2004	142959.000	-9.999999e-99	-9.999999e-99	-9.999999e-99	-9.999999e-99	-9.999999e-99
11/05/2004	145959.000	-9.999999e-99	-9.999999e-99	-9.999999e-99	-9.999999e-99	-9.999999e-99
11/05/2004	152959.000	-9.999999e-99	-9.999999e-99	-9.999999e-99	-9.999999e-99	-9.999999e-99
11/05/2004	155959.000	-9.999999e-99	-9.999999e-99	-9.999999e-99	-9.999999e-99	-9.999999e-99
11/05/2004	162959.000	-9.999999e-99	-9.999999e-99	-9.999999e-99	-9.999999e-99	-9.999999e-99
11/05/2004	165959.000	-9.999999e-99	-9.999999e-99	-9.999999e-99	-9.999999e-99	-9.999999e-99
11/05/2004	172959.000	-9.999999e-99	-9.999999e-99	-9.999999e-99	-9.999999e-99	-9.999999e-99
11/05/2004	175959.000	-9.999999e-99	-9.999999e-99	-9.999999e-99	-9.999999e-99	-9.999999e-99
11/05/2004	182959.000	-9.999999e-99	-9.999999e-99	-9.999999e-99	-9.999999e-99	-9.999999e-99
11/05/2004	185959.000	-9.999999e-99	-9.999999e-99	-9.999999e-99	-9.999999e-99	-9.999999e-99
11/05/2004	192959.000	-9.999999e-99	-9.999999e-99	-9.999999e-99	-9.999999e-99	-9.999999e-99
11/05/2004	195959.000	-9.999999e-99	-9.999999e-99	-9.999999e-99	-9.999999e-99	-9.999999e-99
11/05/2004	202959.000	-9.999999e-99	-9.999999e-99	-9.999999e-99	-9.999999e-99	-9.999999e-99
11/05/2004	205959.000	-9.999999e-99	-9.999999e-99	-9.999999e-99	-9.999999e-99	-9.999999e-99
11/05/2004	212959.000	-9.999999e-99	-9.999999e-99	-9.999999e-99	-9.999999e-99	-9.999999e-99
11/05/2004	215959.000	-9.999999e-99	-9.999999e-99	-9.999999e-99	-9.999999e-99	-9.999999e-99
11/05/2004	222959.000	-9.999999e-99	-9.999999e-99	-9.999999e-99	-9.999999e-99	-9.999999e-99
11/05/2004	225959.000	-9.999999e-99	-9.999999e-99	-9.999999e-99	-9.999999e-99	-9.999999e-99
11/05/2004	232959.000	-9.999999e-99	-9.999999e-99	-9.999999e-99	-9.999999e-99	-9.999999e-99
11/05/2004	235959.000	-9.999999e-99	-9.999999e-99	-9.999999e-99	-9.999999e-99	-9.999999e-99
12/05/2004	002959.000	-9.999999e-99	-9.999999e-99	-9.999999e-99	-9.999999e-99	-9.999999e-99
12/05/2004	005959.000	-9.999999e-99	-9.999999e-99	-9.999999e-99	-9.999999e-99	-9.999999e-99
12/05/2004	012959.000	-9.999999e-99	-9.999999e-99	-9.999999e-99	-9.999999e-99	-9.999999e-99
12/05/2004	015959.000	-9.999999e-99	-9.999999e-99	-9.999999e-99	-9.999999e-99	-9.999999e-99
12/05/2004	022959.000	-9.999999e-99	-9.999999e-99	-9.999999e-99	-9.999999e-99	-9.999999e-99
12/05/2004	025959.000	-9.999999e-99	-9.999999e-99	-9.999999e-99	-9.999999e-99	-9.999999e-99
12/05/2004	032959.000	-9.999999e-99	-9.999999e-99	-9.999999e-99	-9.999999e-99	-9.999999e-99
12/05/2004	035959.000	-9.999999e-99	-9.999999e-99	-9.999999e-99	-9.999999e-99	-9.999999e-99
12/05/2004	042959.000	-9.999999e-99	-9.999999e-99	-9.999999e-99	-9.999999e-99	-9.999999e-99
12/05/2004	045959.000	-9.999999e-99	-9.999999e-99	-9.999999e-99	-9.999999e-99	-9.999999e-99
12/05/2004	052959.000	-9.999999e-99	-9.999999e-99	-9.999999e-99	-9.999999e-99	-9.999999e-99
12/05/2004	055959.000	-9.999999e-99	-9.999999e-99	-9.999999e-99	-9.999999e-99	-9.999999e-99
12/05/2004	062959.000	-9.999999e-99	-9.999999e-99	-9.999999e-99	-9.999999e-99	-9.999999e-99
12/05/2004	065959.000	-9.999999e-99	-9.999999e-99	-9.999999e-99	-9.999999e-99	-9.999999e-99
12/05/2004	072959.000	-9.999999e-99	-9.999999e-99	-9.999999e-99	-9.999999e-99	-9.999999e-99
12/05/2004	075959.000	-9.999999e-99	-9.999999e-99	-9.999999e-99	-9.999999e-99	-9.999999e-99
12/05/2004	082959.000	-9.999999e-99	-9.999999e-99	-9.999999e-99	-9.999999e-99	-9.999999e-99
12/05/2004	085959.000	-9.999999e-99	-9.999999e-99	-9.999999e-99	-9.999999e-99	-9.999999e-99
12/05/2004	092959.000	-9.999999e-99	-9.999999e-99	-9.999999e-99	-9.999999e-99	-9.999999e-99
12/05/2004	095959.000	-9.999999e-99	-9.999999e-99	-9.999999e-99	-9.999999e-99	-9.999999e-99
12/05/2004	102959.000	-9.999999e-99	-9.999999e-99	-9.999999e-99	-9.999999e-99	-9.999999e-99
12/05/2004	105959.000	-9.999999e-99	-9.999999e-99	-9.999999e-99	-9.999999e-99	-9.999999e-99
12/05/2004	112959.000	-9.999999e-99	-9.999999e-99	-9.999999e-99	-9.999999e-99	-9.999999e-99
12/05/2004	115959.000	-9.999999e-99	-9.999999e-99	-9.999999e-99	-9.999999e-99	-9.999999e-99
12/05/2004	122959.000	-9.999999e-99	-9.999999e-99	-9.999999e-99	-9.999999e-99	-9.999999e-99
12/05/2004	125959.000	-9.999999e-99	-9.999999e-99	-9.999999e-99	-9.999999e-99	-9.999999e-99
12/05/2004	132959.000	-9.999999e-99	-9.999999e-99	-9.999999e-99	-9.999999e-99	-9.999999e-99
12/05/2004	135959.000	-9.999999e-99	-9.999999e-99	-9.999999e-99	-9.999999e-99	-9.999999e-99
12/05/2004	142959.000	-9.999999e-99	-9.999999e-99	-9.999999e-99	-9.999999e-99	-9.999999e-99
12/05/2004	145959.000	-9.999999e-99	-9.999999e-99	-9.999999e-99	-9.999999e-99	-9.999999e-99
12/05/2004	152959.000	-9.999999e-99	-9.999999e-99	-9.999999e-99	-9.999999e-99	-9.999999e-99
12/05/2004	155959.000	-9.999999e-99	-9.999999e-99	-9.999999e-99	-9.999999e-99	-9.999999e-99
12/05/2004	162959.000	-9.999999e-99	-9.999999e-99	-9.999999e-99	-9.999999e-99	-9.999999e-99
12/05/2004	165959.000	-9.999999e-99	-9.999999e-99	-9.999999e-99	-9.999999e-99	-9.999999e-99
12/05/2004	172959.000	-9.999999e-99	-9.999999e-99	-9.999999e-99	-9.999999e-99	-9.999999e-99
12/05/2004	175959.000	-9.999999e-99	-9.999999e-99	-9.999999e-99	-9.999999e-99	-9.999999e-99
12/05/2004	182959.000	-9.999999e-99	-9.999999e-99	-9.999999e-99	-9.999999e-99	-9.999999e-99
12/05/2004	185959.000	-9.999999e-99	-9.999999e-99	-9.999999e-99	-9.999999e-99	-9.999999e-99
12/05/2004	192959.000	-9.999999e-99	-9.999999e-99	-9.999999e-99	-9.999999e-99	-9.999999e-99
12/05/2004	195959.000	-9.999999e-99	-9.999999e-99	-9.999999e-99	-9.999999e-99	-9.999999e-99
12/05/2004	202959.000	-9.999999e-99	-9.999999e-99	-9.999999e-99	-9.999999e-99	-9.999999e-99
12/05/2004	205959.000	-9.999999e-99	-9.999999e-99	-9.999999e-99	-9.999999e-99	-9.999999e-99
12/05/2004	212959.000	-9.999999e-99	-9.999999e-99	-9.999999e-99	-9.999999e-99	-9.999999e-99
12/05/2004	215959.000	-9.999999e-99	-9.999999e-99	-9.999999e-99	-9.999999e-99	-9.999999e-99
12/05/2004	222959.000	-9.999999e-99	-9.999999e-99	-9.999999e-99	-9.999999e-99	-9.999999e-99
12/05/2004	225959.000	-9.999999e-99	-9.999999e-99	-9.999999e-99	-9.999999e-99	-9.999999e-99
12/05/2004	232959.000	-9.999999e-99	-9.999999e-99	-9.999999e-99	-9.999999e-99	-9.999999e-99
12/05/2004	235959.000	-9.999999e-99	-9.999999e-99	-9.999999e-99	-9.999999e-99	-9.999999e-99
19/05/2004	002959.000	+9999	+9999	+9999	+9999	+9999
19/05/2004	005959.000	+9999	+9999	+9999	+9999	+9999
19/05/2004	012959.000	+9999	+9999	+9999	+9999	+9999
19/05/2004	015959.000	+9999	+9999	+9999	+9999	+9999
19/05/2004	022959.000	+9999	+9999	+9999	+9999	+9999
19/05/2004	025959.000	+9999	+9999	+9999	+9999	+9999
19/05/2004	032959.000	+9999	+9999	+9999	+9999	+9999
19/05/2004	035959.000	+9999	+9999	+9999	+9999	+9999
19/05/2004	042959.000	+9999	+9999	+9999	+9999	+9999
19/05/2004	045959.000	+9999	+9999	+9999	+9999	+9999
19/05/2004	052959.000	+9999	+9999	+9999	+9999	+9999
19/05/2004	055959.000	+9999	+9999	+9999	+9999	+9999
19/05/2004	062959.000	+9999	+9999	+9999	+9999	+9999
19/05/2004	065959.000	+9999	+9999	+9999	+9999	+9999
19/05/2004	072959.000	+9999	+9999	+9999	+9999	+9999
19/05/2004	075959.000	+9999	+9999	+9999	+9999	+9999
19/05/2004	082959.000	+9999	+9999	+9999	+9999	+9999
19/05/2004	085959.000	+9999	+9999	+9999	0.168	428.43
19/05/2004	092959.000	+9999	+9999	+9999	0.150	469.61
19/05/2004	095959.000	126.988	133.350	101.967	0.096	509.79
19/05/2004	102959.000	175.610	185.347	156.644	0.145	542.65
19/05/2004	105959.000	155.556	164.906	150.785	0.144	562.91
19/05/2004	112959.000	183.548	190.680	111.992	0.240	574.89
19/05/2004	115959.000	258.698	274.562	257.198	0.145	582.38
19/05/2004	122959.000	264.932	280.258	248.227	0.290	595.75
19/05/2004	125959.000	226.568	238.545	194.627	0.233	565.18
19/05/2004	132959.000	184.292	196.746	202.641	0.186	536.32
19/05/2004	135959.000	188.733	204.972	265.525	0.151	477.96
19/05/2004	142959.000	225.256	234.682	152.347	0.311	458.74
19/05/2004	145959.000	157.219	168.669	187.781	0.046	418.55
19/05/2004	152959.000	129.047	137.478	138.074	0.215	357.72
19/05/2004	155959.000	88.687	98.946	169.104	0.151	288.43
19/05/2004	162959.000	61.750	66.654	81.101	0.140	228.81
19/05/2004	165959.000	67.324	76.315	147.824	0.239	157.87
19/05/2004	172959.000	27.985	33.629	93.445	0.119	82.64
19/05/2004	175959.000	1.293	3.736	40.615	0.080	19.96
19/05/2004	182959.000	-2.372	0.626	50.277	0.102	-34.75
19/05/2004	185959.000	0.626	0.329	-4.978	0.028	-73.33
19/05/2004	192959.000	-1.719	-1.543	3.091	0.053	-85.02
19/05/2004	195959.000	-0.615	-0.576	0.650	0.029	-83.21
19/05/2004	202959.000	0.188	0.206	0.281	0.022	-79.90
19/05/2004	205959.000	-1.744	-1.720	0.398	0.042	-78.19
19/05/2004	212959.000	1.763	1.684	-1.381	0.056	-77.25
19/05/2004	215959.000	-1.313	-1.218	1.490	0.022	-73.90
19/05/2004	222959.000	0.076	0.070	-0.144	0.017	-69.75
19/05/2004	225959.000	-0.012	-0.016	-0.053	0.008	-68.06
19/05/2004	232959.000	-0.054	-0.049	0.166	0.013	-66.23
19/05/2004	235959.000	0.058	0.069	0.042	0.008	-64.66
20/05/2004	002959.000	-0.146	-0.114	0.520	0.015	-63.52
20/05/2004	005959.000	-13.749	-13.250	8.803	0.080	-64.80
20/05/2004	012959.000	6.518	6.517	-0.122	0.133	-69.26
20/05/2004	015959.000	2.173	2.138	-0.545	0.056	-66.92
20/05/2004	022959.000	0.319	0.322	-0.168	0.019	-65.39
20/05/2004	025959.000	1.842	1.735	-1.742	0.037	-63.66
20/05/2004	032959.000	-1.465	-1.408	1.065	0.036	-66.63
20/05/2004	035959.000	1.611	1.560	-0.939	0.048	-68.09
20/05/2004	042959.000	0.131	0.192	1.137	0.046	-65.47
20/05/2004	045959.000	-0.728	-0.808	-1.204	0.035	-51.18
20/05/2004	052959.000	-5.268	-5.171	1.708	0.105	-20.30
20/05/2004	055959.000	0.861	1.931	18.485	0.120	31.56
20/05/2004	062959.000	10.880	12.674	30.579	0.168	101.45
20/05/2004	065959.000	34.672	38.356	62.446	0.221	166.93
20/05/2004	072959.000	46.988	52.019	85.067	0.232	242.24
20/05/2004	075959.000	74.414	83.048	145.500	0.330	308.94
20/05/2004	082959.000	109.916	121.011	185.809	0.340	368.35
20/05/2004	085959.000	116.193	129.970	230.969	0.371	422.18
20/05/2004	092959.000	117.008	129.751	212.181	0.285	469.22
20/05/2004	095959.000	114.531	126.096	191.911	0.292	509.61
20/05/2004	102959.000	148.722	165.541	278.964	0.187	541.49
20/05/2004	105959.000	185.046	200.691	255.838	0.268	558.61
20/05/2004	112959.000	182.167	198.156	261.705	0.258	571.99
20/05/2004	115959.000	184.682	198.507	224.689	0.161	575.65
20/05/2004	122959.000	219.649	238.852	+9999	0.145	571.05
20/05/2004	125959.000	215.158	234.848	+9999	0.187	556.71
20/05/2004	132959.000	194.346	210.144	258.396	0.142	534.69
20/05/2004	135959.000	180.385	195.709	249.567	0.128	501.70
20/05/2004	142959.000	160.640	173.767	213.048	0.126	457.11
20/05/2004	145959.000	192.149	208.683	267.552	0.170	404.79
20/05/2004	152959.000	117.645	133.629	262.296	0.217	367.33
20/05/2004	155959.000	81.507	94.465	214.344	0.260	253.32
20/05/2004	162959.000	114.464	124.265	159.259	0.079	260.01
20/05/2004	165959.000	43.696	50.460	111.408	0.113	143.83
20/05/2004	172959.000	10.863	14.514	61.325	0.147	19.51
20/05/2004	175959.000	26.592	31.599	83.440	0.601	-9.31
20/05/2004	182959.000	-34.080	-0.596	+9999	0.345	-17.26
20/05/2004	185959.000	+9999	+9999	+9999	0.557	-21.60
20/05/2004	192959.000	+9999	-54.367	+9999	0.526	-25.93
20/05/2004	195959.000	+9999	+9999	+9999	0.526	-19.56
20/05/2004	202959.000	+9999	+9999	+9999	0.400	+9999
20/05/2004	205959.000	+9999	+9999	+9999	+9999	+9999
20/05/2004	212959.000	+9999	+9999	+9999	+9999	+9999
20/05/2004	215959.000	+9999	+9999	+9999	+9999	+9999
20/05/2004	222959.000	+9999	+9999	+9999	+9999	+9999
20/05/2004	225959.000	+9999	+9999	+9999	+9999	+9999
20/05/2004	232959.000	+9999	+9999	+9999	+9999	+9999
20/05/2004	235959.000	+9999	+9999	+9999	+9999	+9999
24/05/2004	002959.000	+9999	+9999	+9999	+9999	+9999
24/05/2004	005959.000	+9999	+9999	+9999	+9999	+9999
24/05/2004	012959.000	+9999	+9999	+9999	+9999	+9999
24/05/2004	015959.000	+9999	+9999	+9999	+9999	+9999
24/05/2004	022959.000	+9999	+9999	+9999	+9999	+9999
24/05/2004	025959.000	+9999	+9999	+9999	+9999	+9999
24/05/2004	032959.000	+9999	+9999	+9999	+9999	+9999
24/05/2004	035959.000	+9999	+9999	+9999	+9999	+9999
24/05/2004	042959.000	+9999	+9999	+9999	+9999	+9999
24/05/2004	045959.000	+9999	+9999	+9999	+9999	+9999
24/05/2004	052959.000	+9999	+9999	+9999	+9999	+9999
24/05/2004	055959.000	+9999	+9999	+9999	+9999	+9999
24/05/2004	062959.000	+9999	+9999	+9999	+9999	+9999
24/05/2004	065959.000	+9999	+9999	+9999	+9999	+9999
24/05/2004	072959.000	+9999	+9999	+9999	+9999	+9999
24/05/2004	075959.000	+9999	+9999	+9999	+9999	+9999
24/05/2004	082959.000	+9999	+9999	+9999	+9999	+9999
24/05/2004	085959.000	+9999	+9999	+9999	+9999	+9999
24/05/2004	092959.000	+9999	+9999	+9999	0.085	+9999
24/05/2004	095959.000	228.737	219.684	165.239	0.190	524.84
24/05/2004	102959.000	241.614	253.728	206.583	0.232	551.97
24/05/2004	105959.000	155.973	164.616	147.632	0.219	575.10
24/05/2004	112959.000	208.633	217.841	157.819	0.176	587.49
24/05/2004	115959.000	218.062	230.162	205.633	0.162	588.38
24/05/2004	122959.000	244.209	257.803	231.734	0.298	584.09
24/05/2004	125959.000	225.442	240.218	250.296	0.217	570.09
24/05/2004	132959.000	241.399	258.555	290.926	0.160	544.77
24/05/2004	135959.000	173.057	185.372	208.150	0.139	510.03
24/05/2004	142959.000	216.576	231.334	248.511	0.190	466.30
24/05/2004	145959.000	148.703	162.183	227.535	0.284	415.59
24/05/2004	152959.000	146.338	162.081	265.118	0.221	361.19
24/05/2004	155959.000	95.494	107.099	195.002	0.255	290.97
24/05/2004	162959.000	73.664	83.471	164.688	0.139	231.94
24/05/2004	165959.000	63.761	71.602	132.058	0.247	152.34
24/05/2004	172959.000	22.026	28.567	109.602	0.140	86.80
24/05/2004	175959.000	7.840	12.098	71.605	0.114	21.06
24/05/2004	182959.000	-13.932	-11.823	35.949	0.289	-40.37
24/05/2004	185959.000	-26.047	-24.789	22.021	0.260	-76.87
24/05/2004	192959.000	-47.933	-46.848	19.048	0.333	-92.09
24/05/2004	195959.000	-42.810	-41.960	15.134	0.346	-94.42
24/05/2004	202959.000	-40.478	-39.404	19.598	0.348	-94.18
24/05/2004	205959.000	-16.751	-16.453	5.502	0.221	-94.58
24/05/2004	212959.000	-22.959	-22.693	5.201	0.236	-93.75
24/05/2004	215959.000	-20.275	-19.919	6.730	0.223	-92.05
24/05/2004	222959.000	-20.847	-20.547	5.675	0.251	-91.70
24/05/2004	225959.000	-15.633	-15.617	0.641	0.213	-92.53
24/05/2004	232959.000	-10.729	-10.688	0.892	0.154	-90.92
24/05/2004	235959.000	-17.545	-17.699	-2.371	0.194	-87.90
25/05/2004	002959.000	-11.734	-11.862	-1.804	0.148	-85.54
25/05/2004	005959.000	-5.691	-5.834	-2.357	0.095	-83.92
25/05/2004	012959.000	-5.198	-5.537	-5.908	0.106	-84.51
25/05/2004	015959.000	-1.941	-1.987	-0.750	0.057	-83.66
25/05/2004	022959.000	-0.765	-0.799	-0.392	0.051	-82.97
25/05/2004	025959.000	-4.423	-4.504	-1.311	0.072	-79.83
25/05/2004	032959.000	-4.265	-4.286	-0.259	0.084	-81.94
25/05/2004	035959.000	-1.864	-1.894	-0.496	0.091	-83.21
25/05/2004	042959.000	-18.415	-18.653	-3.757	0.181	-81.82
25/05/2004	045959.000	-14.985	-15.309	-5.298	0.182	-61.77
25/05/2004	052959.000	-3.490	-3.240	4.373	0.196	-14.19
25/05/2004	055959.000	17.463	19.261	31.632	0.246	47.47
25/05/2004	062959.000	13.386	15.916	43.888	0.288	46.21
25/05/2004	065959.000	29.847	33.160	57.151	0.275	119.57
25/05/2004	072959.000	58.379	63.218	83.168	0.316	215.79
25/05/2004	075959.000	121.700	129.733	136.427	0.362	343.05
25/05/2004	082959.000	153.735	163.841	171.217	0.450	405.21
25/05/2004	085959.000	141.709	151.585	166.689	0.451	420.56
25/05/2004	092959.000	175.850	188.858	218.715	0.497	472.83
25/05/2004	095959.000	177.525	192.400	250.991	0.483	500.87
25/05/2004	102959.000	184.043	198.133	236.566	0.513	571.88
25/05/2004	105959.000	216.197	234.550	308.585	0.494	588.85
25/05/2004	112959.000	228.705	248.801	+9999	0.495	606.66
25/05/2004	115959.000	275.165	296.002	+9999	0.532	602.52
25/05/2004	122959.000	168.855	182.413	227.330	0.460	489.47
25/05/2004	125959.000	211.127	226.532	256.041	0.343	564.48
25/05/2004	132959.000	228.430	244.784	271.693	0.417	555.30
25/05/2004	135959.000	187.776	203.354	260.085	0.441	516.11
25/05/2004	142959.000	178.318	195.373	284.088	0.421	465.41
25/05/2004	145959.000	167.559	181.187	227.176	0.380	402.81
25/05/2004	152959.000	126.429	139.091	211.672	0.396	364.08
25/05/2004	155959.000	110.040	121.352	189.434	0.384	299.15
25/05/2004	162959.000	92.247	101.802	160.460	0.372	252.28
25/05/2004	165959.000	45.485	53.245	130.891	0.390	176.97
25/05/2004	172959.000	28.301	33.970	95.882	0.355	101.74
25/05/2004	175959.000	16.292	20.776	76.497	0.410	45.26
25/05/2004	182959.000	-9.469	-6.677	46.464	0.314	-11.83
25/05/2004	185959.000	-14.512	-12.147	40.454	0.390	-52.39
25/05/2004	192959.000	-24.591	-23.438	20.626	0.280	-81.20
25/05/2004	195959.000	-25.819	-25.165	11.442	0.223	-91.61
25/05/2004	202959.000	-29.240	-28.577	11.936	0.258	-91.05
25/05/2004	205959.000	-30.236	-29.165	18.951	0.296	-88.45
25/05/2004	212959.000	-25.609	-24.792	14.481	0.321	-87.63
25/05/2004	215959.000	-19.510	-18.433	19.037	0.288	-87.15
25/05/2004	222959.000	-17.247	-16.437	14.018	0.294	-84.16
25/05/2004	225959.000	-15.025	-14.542	8.507	0.243	-83.70
25/05/2004	232959.000	-27.420	-26.477	16.724	0.362	-83.63
25/05/2004	235959.000	-23.187	-22.439	13.279	0.304	-83.15
26/05/2004	002959.000	-26.634	-25.923	12.737	0.242	-82.67
26/05/2004	005959.000	-14.801	-14.530	4.930	0.143	-81.43
26/05/2004	012959.000	-9.696	-9.587	2.083	0.103	-80.67
26/05/2004	015959.000	-11.877	-11.727	2.832	0.130	-81.03
26/05/2004	022959.000	-21.395	-20.963	7.737	0.219	-81.26
26/05/2004	025959.000	-20.556	-20.060	8.935	0.195	-80.59
26/05/2004	032959.000	-12.438	-12.272	3.139	0.158	-80.13
26/05/2004	035959.000	-9.184	-9.074	1.968	0.124	-80.46
26/05/2004	042959.000	-12.195	-12.094	1.962	0.147	-79.42
26/05/2004	045959.000	-7.388	-7.244	2.670	0.130	-70.03
26/05/2004	052959.000	-8.527	-8.274	4.899	0.170	-35.06
26/05/2004	055959.000	0.007	0.615	10.622	0.204	21.64
26/05/2004	062959.000	26.117	28.019	32.555	0.297	102.29
26/05/2004	065959.000	51.848	54.856	51.529	0.330	169.08
26/05/2004	072959.000	68.317	72.913	78.611	0.283	225.91
26/05/2004	075959.000	124.388	130.774	108.023	0.315	306.54
26/05/2004	082959.000	126.415	132.647	104.837	0.314	344.05
26/05/2004	085959.000	171.236	177.586	105.695	0.325	388.22
26/05/2004	092959.000	198.788	207.667	148.335	0.211	457.98
26/05/2004	095959.000	161.820	168.272	107.417	0.224	501.05
26/05/2004	102959.000	192.437	198.373	95.127	0.121	532.55
26/05/2004	105959.000	214.004	221.361	119.221	0.144	588.19
26/05/2004	112959.000	321.725	332.034	165.085	0.261	620.66
26/05/2004	115959.000	223.076	231.253	132.787	0.095	549.97
26/05/2004	122959.000	336.931	348.886	193.059	0.144	626.64
26/05/2004	125959.000	285.230	296.011	176.735	0.150	613.07
26/05/2004	132959.000	276.130	287.789	193.355	0.393	566.29
26/05/2004	135959.000	213.162	218.329	84.205	0.077	413.33
26/05/2004	142959.000	165.955	172.951	114.119	0.269	237.62
26/05/2004	145959.000	122.259	128.764	106.248	0.289	242.18
26/05/2004	152959.000	132.056	138.501	105.423	0.194	310.21
26/05/2004	155959.000	125.393	131.001	92.578	0.260	263.32
26/05/2004	162959.000	140.543	148.059	123.828	0.253	267.37
26/05/2004	165959.000	52.390	55.312	48.256	0.201	3.18
26/05/2004	172959.000	12.053	16.093	69.149	0.445	-11.81
26/05/2004	175959.000	-22.207	-15.423	120.408	0.210	1.32
26/05/2004	182959.000	-32.354	-28.161	74.637	0.283	-7.35
26/05/2004	185959.000	-12.933	-10.033	51.145	0.235	-40.17
26/05/2004	192959.000	-21.940	-20.150	31.324	0.263	-61.76
26/05/2004	195959.000	-47.144	-45.916	23.878	0.349	-58.67
26/05/2004	202959.000	-34.125	-33.298	16.279	0.360	-38.43
26/05/2004	205959.000	-26.499	-25.186	23.988	0.453	-31.32
26/05/2004	212959.000	-24.213	-22.712	27.148	0.458	-34.06
26/05/2004	215959.000	-28.660	-27.093	28.847	0.482	-35.34
26/05/2004	222959.000	-11.466	-10.734	13.340	0.374	-46.40
26/05/2004	225959.000	-5.253	-4.330	16.755	0.353	-54.14
26/05/2004	232959.000	4.682	6.215	26.634	0.347	-60.10
26/05/2004	235959.000	-3.498	-2.545	16.808	0.316	-58.78
27/05/2004	002959.000	-2.533	-2.147	5.598	0.290	-46.31
27/05/2004	005959.000	-6.838	-6.297	11.210	0.298	-39.42
27/05/2004	012959.000	-7.601	-6.277	25.119	0.321	-32.21
27/05/2004	015959.000	-11.742	-11.136	10.238	0.233	-45.47
27/05/2004	022959.000	6.510	8.089	28.542	0.313	-29.03
27/05/2004	025959.000	8.039	9.911	32.723	0.294	-17.68
27/05/2004	032959.000	4.862	6.103	25.177	0.308	-15.16
27/05/2004	035959.000	-4.221	-3.066	21.538	0.267	-14.93
27/05/2004	042959.000	-5.932	-4.712	20.515	0.315	-13.81
27/05/2004	045959.000	-7.270	-6.392	16.170	0.281	-6.41
27/05/2004	052959.000	-0.929	0.072	19.833	0.207	16.23
27/05/2004	055959.000	-0.314	0.941	22.721	0.182	28.06
27/05/2004	062959.000	10.162	12.855	47.460	0.256	48.15
27/05/2004	065959.000	18.657	21.224	44.875	0.180	77.31
27/05/2004	072959.000	24.652	27.554	50.048	0.199	71.55
27/05/2004	075959.000	22.372	25.075	46.847	0.247	98.32
27/05/2004	082959.000	58.687	63.598	85.056	0.223	160.20
27/05/2004	085959.000	47.501	50.492	51.236	0.230	138.98
27/05/2004	092959.000	72.725	77.166	76.334	0.109	168.39
27/05/2004	095959.000	107.177	112.617	92.017	0.281	180.94
27/05/2004	102959.000	91.641	97.068	92.434	0.232	225.94
27/05/2004	105959.000	156.404	164.064	128.981	0.271	293.67
27/05/2004	112959.000	132.362	138.592	104.323	0.239	310.00
27/05/2004	115959.000	136.710	143.376	112.380	0.327	246.93
27/05/2004	122959.000	121.103	126.870	97.151	0.286	262.76
27/05/2004	125959.000	103.095	108.204	85.848	0.231	255.49
27/05/2004	132959.000	115.890	122.444	110.552	0.295	312.94
27/05/2004	135959.000	173.840	187.452	233.955	0.421	375.89
27/05/2004	142959.000	+9999	+9999	+9999	+9999	+9999
27/05/2004	145959.000	204.964	196.100	+9999	0.323	187.53
27/05/2004	152959.000	117.534	124.814	122.454	0.213	315.76
27/05/2004	155959.000	76.892	82.785	99.828	0.171	114.82
27/05/2004	162959.000	35.959	40.658	79.956	0.274	134.61
27/05/2004	165959.000	16.322	20.147	65.958	0.239	66.07
27/05/2004	172959.000	24.962	28.767	64.640	0.226	79.37
27/05/2004	175959.000	16.524	19.171	45.060	0.179	29.91
27/05/2004	182959.000	1.771	2.940	20.386	0.107	-40.44
27/05/2004	185959.000	-0.847	-0.770	1.273	0.025	-65.94
27/05/2004	192959.000	-2.037	-1.992	0.896	0.074	-78.12
27/05/2004	195959.000	-0.640	-0.686	-0.994	0.040	-81.99
27/05/2004	202959.000	0.725	0.713	-0.334	0.024	-80.34
27/05/2004	205959.000	-0.637	-0.665	-0.519	0.033	-78.66
27/05/2004	212959.000	-0.925	-0.924	0.120	0.032	-76.95
27/05/2004	215959.000	-0.249	-0.257	-0.152	0.025	-76.20
27/05/2004	222959.000	-0.398	-0.399	0.037	0.015	-75.67
27/05/2004	225959.000	-0.391	-0.385	0.204	0.018	-72.99
27/05/2004	232959.000	-0.385	-0.394	-0.087	0.022	-72.60
27/05/2004	235959.000	0.589	0.593	0.315	0.026	-73.44
28/05/2004	002959.000	-0.965	-0.992	-0.498	0.041	-73.91
28/05/2004	005959.000	0.066	0.056	-0.035	0.013	-73.20
28/05/2004	012959.000	-0.665	-0.690	-0.194	0.014	-69.24
28/05/2004	015959.000	0.031	0.012	-0.090	0.033	-61.26
28/05/2004	022959.000	-0.218	-0.237	-0.065	0.017	-55.91
28/05/2004	025959.000	0.490	0.509	0.253	0.013	-52.32
28/05/2004	032959.000	-0.551	-0.585	-0.412	0.020	-49.67
28/05/2004	035959.000	0.864	0.847	-0.390	0.017	-45.21
28/05/2004	042959.000	4.720	4.720	-0.151	0.051	-39.71
28/05/2004	045959.000	1.186	1.204	0.232	0.016	-22.91
28/05/2004	052959.000	-1.261	-1.263	-0.039	0.046	11.05
28/05/2004	055959.000	0.721	1.661	16.506	0.072	44.10
28/05/2004	062959.000	8.453	11.157	47.202	0.067	92.79
28/05/2004	065959.000	25.669	29.198	61.143	0.095	159.66
28/05/2004	072959.000	65.084	69.050	66.630	0.126	240.07
28/05/2004	075959.000	83.934	89.601	95.774	0.123	286.85
28/05/2004	082959.000	78.639	83.770	85.719	0.137	331.58
28/05/2004	085959.000	85.434	90.023	75.209	0.184	335.54
28/05/2004	092959.000	120.837	127.166	105.930	0.247	335.82
28/05/2004	095959.000	123.320	130.300	115.660	0.254	481.60
28/05/2004	102959.000	196.674	207.827	184.881	0.326	506.47
28/05/2004	105959.000	237.000	248.223	185.382	0.284	554.20
28/05/2004	112959.000	194.732	203.804	149.073	0.276	438.70
28/05/2004	115959.000	268.904	282.778	229.097	0.148	544.57
28/05/2004	122959.000	325.775	340.741	246.418	0.357	603.00
28/05/2004	125959.000	231.604	242.963	187.075	0.050	456.68
28/05/2004	132959.000	206.585	217.647	183.127	0.304	500.84
28/05/2004	135959.000	201.411	212.476	183.182	0.344	324.30
28/05/2004	142959.000	184.579	196.225	193.354	0.319	313.76
28/05/2004	145959.000	177.852	188.038	168.370	0.218	384.66
28/05/2004	152959.000	151.888	161.238	155.441	0.376	342.16
28/05/2004	155959.000	117.842	126.367	141.837	0.235	217.39
28/05/2004	162959.000	54.914	62.592	129.102	0.252	136.75
28/05/2004	165959.000	48.237	55.255	118.487	0.268	101.19
28/05/2004	172959.000	37.674	44.108	108.637	0.227	98.03
28/05/2004	175959.000	22.386	27.080	79.807	0.238	25.84
28/05/2004	182959.000	-4.954	-4.120	13.875	0.135	-31.12
28/05/2004	185959.000	-2.071	-1.893	3.172	0.062	-61.64
28/05/2004	192959.000	-0.580	-0.559	0.341	0.031	-73.56
28/05/2004	195959.000	-1.356	-1.311	0.816	0.040	-75.15
28/05/2004	202959.000	-1.860	-1.839	0.271	0.047	-79.56
28/05/2004	205959.000	-2.013	-1.993	0.421	0.030	-76.26
28/05/2004	212959.000	-3.295	-3.260	0.757	0.051	-72.35
28/05/2004	215959.000	-0.781	-0.777	0.085	0.027	-70.08
28/05/2004	222959.000	-0.572	-0.594	-0.311	0.020	-68.54
28/05/2004	225959.000	-0.704	-0.709	-0.038	0.030	-66.07
28/05/2004	232959.000	-0.108	-0.096	0.221	0.020	-43.39
28/05/2004	235959.000	-0.160	-0.155	0.005	0.031	-38.16
29/05/2004	002959.000	-0.735	-0.693	0.799	0.041	-45.02
29/05/2004	005959.000	-1.222	-1.251	-0.585	0.055	-43.02
29/05/2004	012959.000	-0.917	-0.942	-0.407	0.039	-49.59
29/05/2004	015959.000	-0.691	-0.684	0.048	0.032	-40.06
29/05/2004	022959.000	-1.621	-1.586	0.561	0.038	-34.18
29/05/2004	025959.000	-1.012	-1.001	0.253	0.027	-32.54
29/05/2004	032959.000	-0.567	-0.514	0.902	0.021	-32.86
29/05/2004	035959.000	-3.493	-3.204	5.195	0.062	-36.09
29/05/2004	042959.000	-9.006	-8.545	8.259	0.121	-58.45
29/05/2004	045959.000	-7.774	-7.510	4.788	0.121	-59.70
29/05/2004	052959.000	-11.060	-9.917	20.529	0.199	-8.24
29/05/2004	055959.000	5.521	7.173	28.893	0.199	45.26
29/05/2004	062959.000	28.392	30.863	41.370	0.231	89.02
29/05/2004	065959.000	53.819	57.741	66.878	0.229	156.13
29/05/2004	072959.000	57.833	61.237	57.293	0.195	203.66
29/05/2004	075959.000	67.842	72.058	69.675	0.209	203.62
29/05/2004	082959.000	75.676	81.125	91.831	0.165	279.64
29/05/2004	085959.000	107.068	111.412	70.903	0.099	400.20
29/05/2004	092959.000	143.345	156.302	216.827	0.212	446.81
29/05/2004	095959.000	193.940	203.524	158.090	0.284	499.49
29/05/2004	102959.000	248.174	258.039	158.620	0.284	522.05
29/05/2004	105959.000	232.552	242.737	165.872	0.246	544.01
29/05/2004	112959.000	231.008	241.486	170.706	0.184	565.41
29/05/2004	115959.000	251.216	264.101	213.200	0.312	558.12
29/05/2004	122959.000	249.661	259.529	160.078	0.311	553.75
29/05/2004	125959.000	255.565	267.043	186.959	0.230	535.81
29/05/2004	132959.000	257.080	270.160	213.238	0.270	518.45
29/05/2004	135959.000	212.063	223.015	179.486	0.271	470.31
29/05/2004	142959.000	176.945	185.473	140.662	0.216	415.57
29/05/2004	145959.000	228.376	239.846	187.875	0.318	392.14
29/05/2004	152959.000	125.064	133.183	134.023	0.330	236.35
29/05/2004	155959.000	109.419	118.215	120.870	0.281	282.93
29/05/2004	162959.000	+9999	+9999	+9999	0.284	+9999
29/05/2004	165959.000	+9999	+9999	+9999	0.237	+9999
29/05/2004	172959.000	+9999	+9999	+9999	0.169	+9999
29/05/2004	175959.000	+9999	+9999	+9999	0.178	+9999
29/05/2004	182959.000	+9999	+9999	+9999	0.166	+9999
29/05/2004	185959.000	+9999	+9999	+9999	0.031	+9999
29/05/2004	192959.000	+9999	+9999	+9999	0.019	+9999
29/05/2004	195959.000	+9999	+9999	+9999	0.025	+9999
29/05/2004	202959.000	+9999	+9999	+9999	0.028	+9999
29/05/2004	205959.000	+9999	+9999	+9999	0.010	+9999
29/05/2004	212959.000	+9999	+9999	+9999	0.035	+9999
29/05/2004	215959.000	+9999	+9999	+9999	0.041	+9999
29/05/2004	222959.000	+9999	+9999	+9999	0.033	+9999
29/05/2004	225959.000	+9999	+9999	+9999	0.042	+9999
29/05/2004	232959.000	+9999	+9999	+9999	0.086	+9999
29/05/2004	235959.000	+9999	+9999	+9999	0.049	+9999
30/05/2004	002959.000	-9.999999e-99	-9.999999e-99	-9.999999e-99	-9.999999e-99	-9.999999e-99
30/05/2004	005959.000	-9.999999e-99	-9.999999e-99	-9.999999e-99	-9.999999e-99	-9.999999e-99
30/05/2004	012959.000	-9.999999e-99	-9.999999e-99	-9.999999e-99	-9.999999e-99	-9.999999e-99
30/05/2004	015959.000	-9.999999e-99	-9.999999e-99	-9.999999e-99	-9.999999e-99	-9.999999e-99
30/05/2004	022959.000	-9.999999e-99	-9.999999e-99	-9.999999e-99	-9.999999e-99	-9.999999e-99
30/05/2004	025959.000	-9.999999e-99	-9.999999e-99	-9.999999e-99	-9.999999e-99	-9.999999e-99
30/05/2004	032959.000	-9.999999e-99	-9.999999e-99	-9.999999e-99	-9.999999e-99	-9.999999e-99
30/05/2004	035959.000	-9.999999e-99	-9.999999e-99	-9.999999e-99	-9.999999e-99	-9.999999e-99
30/05/2004	042959.000	-9.999999e-99	-9.999999e-99	-9.999999e-99	-9.999999e-99	-9.999999e-99
30/05/2004	045959.000	-9.999999e-99	-9.999999e-99	-9.999999e-99	-9.999999e-99	-9.999999e-99
30/05/2004	052959.000	-9.999999e-99	-9.999999e-99	-9.999999e-99	-9.999999e-99	-9.999999e-99
30/05/2004	055959.000	-9.999999e-99	-9.999999e-99	-9.999999e-99	-9.999999e-99	-9.999999e-99
30/05/2004	062959.000	-9.999999e-99	-9.999999e-99	-9.999999e-99	-9.999999e-99	-9.999999e-99
30/05/2004	065959.000	-9.999999e-99	-9.999999e-99	-9.999999e-99	-9.999999e-99	-9.999999e-99
30/05/2004	072959.000	-9.999999e-99	-9.999999e-99	-9.999999e-99	-9.999999e-99	-9.999999e-99
30/05/2004	075959.000	-9.999999e-99	-9.999999e-99	-9.999999e-99	-9.999999e-99	-9.999999e-99
30/05/2004	082959.000	-9.999999e-99	-9.999999e-99	-9.999999e-99	-9.999999e-99	-9.999999e-99
30/05/2004	085959.000	-9.999999e-99	-9.999999e-99	-9.999999e-99	-9.999999e-99	-9.999999e-99
30/05/2004	092959.000	-9.999999e-99	-9.999999e-99	-9.999999e-99	-9.999999e-99	-9.999999e-99
30/05/2004	095959.000	-9.999999e-99	-9.999999e-99	-9.999999e-99	-9.999999e-99	-9.999999e-99
30/05/2004	102959.000	-9.999999e-99	-9.999999e-99	-9.999999e-99	-9.999999e-99	-9.999999e-99
30/05/2004	105959.000	-9.999999e-99	-9.999999e-99	-9.999999e-99	-9.999999e-99	-9.999999e-99
30/05/2004	112959.000	-9.999999e-99	-9.999999e-99	-9.999999e-99	-9.999999e-99	-9.999999e-99
30/05/2004	115959.000	-9.999999e-99	-9.999999e-99	-9.999999e-99	-9.999999e-99	-9.999999e-99
30/05/2004	122959.000	-9.999999e-99	-9.999999e-99	-9.999999e-99	-9.999999e-99	-9.999999e-99
30/05/2004	125959.000	-9.999999e-99	-9.999999e-99	-9.999999e-99	-9.999999e-99	-9.999999e-99
30/05/2004	132959.000	-9.999999e-99	-9.999999e-99	-9.999999e-99	-9.999999e-99	-9.999999e-99
30/05/2004	135959.000	-9.999999e-99	-9.999999e-99	-9.999999e-99	-9.999999e-99	-9.999999e-99
30/05/2004	142959.000	-9.999999e-99	-9.999999e-99	-9.999999e-99	-9.999999e-99	-9.999999e-99
30/05/2004	145959.000	-9.999999e-99	-9.999999e-99	-9.999999e-99	-9.999999e-99	-9.999999e-99
30/05/2004	152959.000	-9.999999e-99	-9.999999e-99	-9.999999e-99	-9.999999e-99	-9.999999e-99
30/05/2004	155959.000	-9.999999e-99	-9.999999e-99	-9.999999e-99	-9.999999e-99	-9.999999e-99
30/05/2004	162959.000	-9.999999e-99	-9.999999e-99	-9.999999e-99	-9.999999e-99	-9.999999e-99
30/05/2004	165959.000	-9.999999e-99	-9.999999e-99	-9.999999e-99	-9.999999e-99	-9.999999e-99
30/05/2004	172959.000	-9.999999e-99	-9.999999e-99	-9.999999e-99	-9.999999e-99	-9.999999e-99
30/05/2004	175959.000	-9.999999e-99	-9.999999e-99	-9.999999e-99	-9.999999e-99	-9.999999e-99
30/05/2004	182959.000	-9.999999e-99	-9.999999e-99	-9.999999e-99	-9.999999e-99	-9.999999e-99
30/05/2004	185959.000	-9.999999e-99	-9.999999e-99	-9.999999e-99	-9.999999e-99	-9.999999e-99
30/05/2004	192959.000	-9.999999e-99	-9.999999e-99	-9.999999e-99	-9.999999e-99	-9.999999e-99
30/05/2004	195959.000	-9.999999e-99	-9.999999e-99	-9.999999e-99	-9.999999e-99	-9.999999e-99
30/05/2004	202959.000	-9.999999e-99	-9.999999e-99	-9.999999e-99	-9.999999e-99	-9.999999e-99
30/05/2004	205959.000	-9.999999e-99	-9.999999e-99	-9.999999e-99	-9.999999e-99	-9.999999e-99
30/05/2004	212959.000	-9.999999e-99	-9.999999e-99	-9.999999e-99	-9.999999e-99	-9.999999e-99
30/05/2004	215959.000	-9.999999e-99	-9.999999e-99	-9.999999e-99	-9.999999e-99	-9.999999e-99
30/05/2004	222959.000	-9.999999e-99	-9.999999e-99	-9.999999e-99	-9.999999e-99	-9.999999e-99
30/05/2004	225959.000	-9.999999e-99	-9.999999e-99	-9.999999e-99	-9.999999e-99	-9.999999e-99
30/05/2004	232959.000	-9.999999e-99	-9.999999e-99	-9.999999e-99	-9.999999e-99	-9.999999e-99
30/05/2004	235959.000	-9.999999e-99	-9.999999e-99	-9.999999e-99	-9.999999e-99	-9.999999e-99
31/05/2004	002959.000	-9.999999e-99	-9.999999e-99	-9.999999e-99	-9.999999e-99	-9.999999e-99
31/05/2004	005959.000	-9.999999e-99	-9.999999e-99	-9.999999e-99	-9.999999e-99	-9.999999e-99
31/05/2004	012959.000	-9.999999e-99	-9.999999e-99	-9.999999e-99	-9.999999e-99	-9.999999e-99
31/05/2004	015959.000	-9.999999e-99	-9.999999e-99	-9.999999e-99	-9.999999e-99	-9.999999e-99
31/05/2004	022959.000	-9.999999e-99	-9.999999e-99	-9.999999e-99	-9.999999e-99	-9.999999e-99
31/05/2004	025959.000	-9.999999e-99	-9.999999e-99	-9.999999e-99	-9.999999e-99	-9.999999e-99
31/05/2004	032959.000	-9.999999e-99	-9.999999e-99	-9.999999e-99	-9.999999e-99	-9.999999e-99
31/05/2004	035959.000	-9.999999e-99	-9.999999e-99	-9.999999e-99	-9.999999e-99	-9.999999e-99
31/05/2004	042959.000	-9.999999e-99	-9.999999e-99	-9.999999e-99	-9.999999e-99	-9.999999e-99
31/05/2004	045959.000	-9.999999e-99	-9.999999e-99	-9.999999e-99	-9.999999e-99	-9.999999e-99
31/05/2004	052959.000	-9.999999e-99	-9.999999e-99	-9.999999e-99	-9.999999e-99	-9.999999e-99
31/05/2004	055959.000	-9.999999e-99	-9.999999e-99	-9.999999e-99	-9.999999e-99	-9.999999e-99
31/05/2004	062959.000	-9.999999e-99	-9.999999e-99	-9.999999e-99	-9.999999e-99	-9.999999e-99
31/05/2004	065959.000	-9.999999e-99	-9.999999e-99	-9.999999e-99	-9.999999e-99	-9.999999e-99
31/05/2004	072959.000	-9.999999e-99	-9.999999e-99	-9.999999e-99	-9.999999e-99	-9.999999e-99
31/05/2004	075959.000	-9.999999e-99	-9.999999e-99	-9.999999e-99	-9.999999e-99	-9.999999e-99
31/05/2004	082959.000	-9.999999e-99	-9.999999e-99	-9.999999e-99	-9.999999e-99	-9.999999e-99
31/05/2004	085959.000	-9.999999e-99	-9.999999e-99	-9.999999e-99	-9.999999e-99	-9.999999e-99
31/05/2004	092959.000	-9.999999e-99	-9.999999e-99	-9.999999e-99	-9.999999e-99	-9.999999e-99
31/05/2004	095959.000	-9.999999e-99	-9.999999e-99	-9.999999e-99	-9.999999e-99	-9.999999e-99
31/05/2004	102959.000	-9.999999e-99	-9.999999e-99	-9.999999e-99	-9.999999e-99	-9.999999e-99
31/05/2004	105959.000	-9.999999e-99	-9.999999e-99	-9.999999e-99	-9.999999e-99	-9.999999e-99
31/05/2004	112959.000	-9.999999e-99	-9.999999e-99	-9.999999e-99	-9.999999e-99	-9.999999e-99
31/05/2004	115959.000	-9.999999e-99	-9.999999e-99	-9.999999e-99	-9.999999e-99	-9.999999e-99
31/05/2004	122959.000	-9.999999e-99	-9.999999e-99	-9.999999e-99	-9.999999e-99	-9.999999e-99
31/05/2004	125959.000	-9.999999e-99	-9.999999e-99	-9.999999e-99	-9.999999e-99	-9.999999e-99
31/05/2004	132959.000	-9.999999e-99	-9.999999e-99	-9.999999e-99	-9.999999e-99	-9.999999e-99
31/05/2004	135959.000	-9.999999e-99	-9.999999e-99	-9.999999e-99	-9.999999e-99	-9.999999e-99
31/05/2004	142959.000	-9.999999e-99	-9.999999e-99	-9.999999e-99	-9.999999e-99	-9.999999e-99
31/05/2004	145959.000	-9.999999e-99	-9.999999e-99	-9.999999e-99	-9.999999e-99	-9.999999e-99
31/05/2004	152959.000	-9.999999e-99	-9.999999e-99	-9.999999e-99	-9.999999e-99	-9.999999e-99
31/05/2004	155959.000	-9.999999e-99	-9.999999e-99	-9.999999e-99	-9.999999e-99	-9.999999e-99
31/05/2004	162959.000	-9.999999e-99	-9.999999e-99	-9.999999e-99	-9.999999e-99	-9.999999e-99
31/05/2004	165959.000	-9.999999e-99	-9.999999e-99	-9.999999e-99	-9.999999e-99	-9.999999e-99
31/05/2004	172959.000	-9.999999e-99	-9.999999e-99	-9.999999e-99	-9.999999e-99	-9.999999e-99
31/05/2004	175959.000	-9.999999e-99	-9.999999e-99	-9.999999e-99	-9.999999e-99	-9.999999e-99
31/05/2004	182959.000	-9.999999e-99	-9.999999e-99	-9.999999e-99	-9.999999e-99	-9.999999e-99
31/05/2004	185959.000	-9.999999e-99	-9.999999e-99	-9.999999e-99	-9.999999e-99	-9.999999e-99
31/05/2004	192959.000	-9.999999e-99	-9.999999e-99	-9.999999e-99	-9.999999e-99	-9.999999e-99
31/05/2004	195959.000	-9.999999e-99	-9.999999e-99	-9.999999e-99	-9.999999e-99	-9.999999e-99
31/05/2004	202959.000	-9.999999e-99	-9.999999e-99	-9.999999e-99	-9.999999e-99	-9.999999e-99
31/05/2004	205959.000	-9.999999e-99	-9.999999e-99	-9.999999e-99	-9.999999e-99	-9.999999e-99
31/05/2004	212959.000	-9.999999e-99	-9.999999e-99	-9.999999e-99	-9.999999e-99	-9.999999e-99
31/05/2004	215959.000	-9.999999e-99	-9.999999e-99	-9.999999e-99	-9.999999e-99	-9.999999e-99
31/05/2004	222959.000	-9.999999e-99	-9.999999e-99	-9.999999e-99	-9.999999e-99	-9.999999e-99
31/05/2004	225959.000	-9.999999e-99	-9.999999e-99	-9.999999e-99	-9.999999e-99	-9.999999e-99
31/05/2004	232959.000	-9.999999e-99	-9.999999e-99	-9.999999e-99	-9.999999e-99	-9.999999e-99
31/05/2004	235959.000	-9.999999e-99	-9.999999e-99	-9.999999e-99	-9.999999e-99	-9.999999e-99
