Fichier CAPITOUL-FLX-30MN
MOIS : 2004/08 
PLATFORME = saint-sardos
LATITUDE = 43°53'
LONGITUDE =01°06'
ALTITUDE = 187 m
TYPE = ASCII
DATE_creation_fichier = 07/12/2006
#LISTE DES PARAMETRES#
'DATE'	'HEURE'		'HS_TAIR-flx'	'HS_TSON-flx'	'LE_TAIR-flx'	'USTAR-vit'	'RN-ray'	
#UNITES#
'JJ/MM/AAAA'	'HHMMSS.SSS'	'W/m2'	'W/m2'	'W/m2'	'm/s'	'W/m2'	
#FIN ENTETE#
01/08/2004	002959.000	-6.628	-8.218	+9999	0.116	-44.49
01/08/2004	005959.000	-13.000	-5.321	-7.391	0.046	-43.09
01/08/2004	012959.000	2.396	2.377	-0.639	0.034	-37.73
01/08/2004	015959.000	-0.388	-0.443	-0.820	0.036	-38.61
01/08/2004	022959.000	-1.232	-1.089	2.671	0.042	-39.95
01/08/2004	025959.000	0.398	0.174	-4.095	0.022	-40.35
01/08/2004	032959.000	-1.725	-1.754	0.531	0.040	-40.71
01/08/2004	035959.000	+9999	-3.826	+9999	0.062	-42.79
01/08/2004	042959.000	+9999	-7.863	+9999	0.084	-42.50
01/08/2004	045959.000	+9999	-4.164	+9999	0.073	-39.19
01/08/2004	052959.000	+9999	-12.947	+9999	0.142	-20.45
01/08/2004	055959.000	+9999	-21.598	+9999	0.189	8.67
01/08/2004	062959.000	+9999	-9.450	+9999	0.246	64.68
01/08/2004	065959.000	+9999	10.260	+9999	0.294	129.19
01/08/2004	072959.000	+9999	33.497	+9999	0.312	204.95
01/08/2004	075959.000	+9999	40.046	+9999	0.370	258.86
01/08/2004	082959.000	+9999	45.388	+9999	0.335	331.34
01/08/2004	085959.000	+9999	49.771	+9999	0.346	398.69
01/08/2004	092959.000	+9999	53.879	+9999	0.393	456.86
01/08/2004	095959.000	+9999	65.436	+9999	0.387	505.54
01/08/2004	102959.000	+9999	71.451	+9999	0.412	544.03
01/08/2004	105959.000	+9999	65.698	+9999	0.329	524.40
01/08/2004	112959.000	+9999	54.101	+9999	0.264	577.75
01/08/2004	115959.000	+9999	49.801	+9999	0.235	603.10
01/08/2004	122959.000	+9999	56.997	+9999	0.155	601.75
01/08/2004	125959.000	+9999	42.995	+9999	0.250	591.13
01/08/2004	132959.000	+9999	52.708	+9999	0.158	569.26
01/08/2004	135959.000	+9999	14.067	+9999	0.211	537.12
01/08/2004	142959.000	-12.772	17.883	-4.640	0.119	511.65
01/08/2004	145959.000	11.626	17.614	-10.199	0.215	468.51
01/08/2004	152959.000	-12.680	-10.526	49.168	0.191	+9999
01/08/2004	155959.000	-39.352	-36.238	58.451	0.265	+9999
01/08/2004	162959.000	-19.298	-20.081	-10.757	0.173	253.26
01/08/2004	165959.000	-24.067	-21.687	44.086	0.182	189.67
01/08/2004	172959.000	-4.037	-3.677	7.130	0.056	38.08
01/08/2004	175959.000	-1.271	-1.015	4.260	0.030	11.27
01/08/2004	182959.000	-3.540	-5.913	-1.566	0.066	-7.72
01/08/2004	185959.000	+9999	+9999	+9999	0.453	-4.22
01/08/2004	192959.000	+9999	+9999	+9999	0.717	-0.97
01/08/2004	195959.000	+9999	+9999	+9999	0.905	-10.26
01/08/2004	202959.000	+9999	+9999	+9999	0.803	+9999
01/08/2004	205959.000	+9999	+9999	+9999	+9999	+9999
01/08/2004	212959.000	+9999	+9999	+9999	+9999	+9999
01/08/2004	215959.000	+9999	+9999	+9999	+9999	+9999
01/08/2004	222959.000	+9999	+9999	+9999	+9999	+9999
01/08/2004	225959.000	+9999	+9999	+9999	+9999	+9999
01/08/2004	232959.000	+9999	+9999	+9999	+9999	+9999
01/08/2004	235959.000	+9999	+9999	+9999	+9999	+9999
02/08/2004	002959.000	+9999	+9999	+9999	+9999	+9999
02/08/2004	005959.000	+9999	+9999	+9999	+9999	+9999
02/08/2004	012959.000	+9999	+9999	+9999	+9999	+9999
02/08/2004	015959.000	+9999	+9999	+9999	+9999	+9999
02/08/2004	022959.000	+9999	+9999	+9999	+9999	+9999
02/08/2004	025959.000	+9999	+9999	+9999	+9999	+9999
02/08/2004	032959.000	+9999	+9999	+9999	+9999	+9999
02/08/2004	035959.000	+9999	+9999	+9999	+9999	+9999
02/08/2004	042959.000	+9999	+9999	+9999	+9999	+9999
02/08/2004	045959.000	+9999	+9999	+9999	+9999	+9999
02/08/2004	052959.000	+9999	+9999	+9999	+9999	+9999
02/08/2004	055959.000	+9999	+9999	+9999	+9999	+9999
02/08/2004	062959.000	+9999	+9999	+9999	+9999	+9999
02/08/2004	065959.000	+9999	+9999	+9999	+9999	+9999
02/08/2004	072959.000	+9999	+9999	+9999	+9999	+9999
02/08/2004	075959.000	+9999	+9999	+9999	+9999	+9999
02/08/2004	082959.000	+9999	+9999	+9999	+9999	+9999
02/08/2004	085959.000	+9999	+9999	+9999	+9999	+9999
02/08/2004	092959.000	+9999	+9999	+9999	+9999	+9999
02/08/2004	095959.000	+9999	+9999	+9999	+9999	+9999
02/08/2004	102959.000	+9999	+9999	+9999	+9999	+9999
02/08/2004	105959.000	+9999	+9999	+9999	+9999	+9999
02/08/2004	112959.000	+9999	+9999	+9999	+9999	+9999
02/08/2004	115959.000	+9999	+9999	+9999	+9999	+9999
02/08/2004	122959.000	+9999	+9999	+9999	+9999	+9999
02/08/2004	125959.000	+9999	+9999	+9999	0.494	+9999
02/08/2004	132959.000	+9999	+9999	+9999	0.386	495.02
02/08/2004	135959.000	-3.193	15.581	+9999	0.415	425.24
02/08/2004	142959.000	+9999	-13.499	+9999	0.377	273.18
02/08/2004	145959.000	+9999	21.572	+9999	0.339	384.03
02/08/2004	152959.000	+9999	3.188	+9999	0.191	322.69
02/08/2004	155959.000	-1.098	-4.398	+9999	0.183	325.52
02/08/2004	162959.000	0.425	-3.871	+9999	0.237	351.12
02/08/2004	165959.000	-13.648	-23.255	+9999	0.391	183.28
02/08/2004	172959.000	+9999	-46.585	+9999	0.349	24.69
02/08/2004	175959.000	+9999	-44.536	+9999	0.375	50.17
02/08/2004	182959.000	+9999	-25.536	+9999	0.193	-1.79
02/08/2004	185959.000	+9999	-9.739	+9999	0.097	-37.13
02/08/2004	192959.000	+9999	-7.932	+9999	0.106	-25.69
02/08/2004	195959.000	+9999	-23.879	+9999	0.215	-28.49
02/08/2004	202959.000	+9999	-50.166	+9999	0.228	-54.68
02/08/2004	205959.000	+9999	-53.702	+9999	0.275	-33.24
02/08/2004	212959.000	+9999	-51.680	+9999	0.437	-24.41
02/08/2004	215959.000	+9999	+9999	+9999	0.689	-18.14
02/08/2004	222959.000	+9999	+9999	+9999	0.629	-8.62
02/08/2004	225959.000	+9999	-58.699	+9999	0.591	-9.32
02/08/2004	232959.000	+9999	-16.685	+9999	0.280	-12.45
02/08/2004	235959.000	+9999	-11.057	+9999	0.164	-9.55
03/08/2004	002959.000	+9999	-20.063	+9999	0.180	-10.12
03/08/2004	005959.000	+9999	-14.911	+9999	0.205	-14.67
03/08/2004	012959.000	+9999	-21.904	+9999	0.231	-18.51
03/08/2004	015959.000	+9999	-30.617	+9999	0.283	-19.41
03/08/2004	022959.000	+9999	-31.553	+9999	0.287	-20.07
03/08/2004	025959.000	+9999	-20.595	+9999	0.265	-15.40
03/08/2004	032959.000	+9999	-23.100	+9999	0.267	-16.13
03/08/2004	035959.000	+9999	-23.765	+9999	0.292	-14.74
03/08/2004	042959.000	+9999	-22.210	+9999	0.268	-12.37
03/08/2004	045959.000	+9999	-17.956	+9999	0.282	-2.96
03/08/2004	052959.000	+9999	-8.701	+9999	0.279	11.25
03/08/2004	055959.000	+9999	-2.639	+9999	0.333	28.09
03/08/2004	062959.000	+9999	3.886	+9999	0.270	41.17
03/08/2004	065959.000	+9999	23.508	+9999	0.289	103.14
03/08/2004	072959.000	+9999	39.821	+9999	0.305	153.92
03/08/2004	075959.000	+9999	58.549	+9999	0.267	189.30
03/08/2004	082959.000	+9999	64.687	+9999	0.254	201.75
03/08/2004	085959.000	+9999	68.443	+9999	0.197	314.87
03/08/2004	092959.000	+9999	57.148	+9999	0.265	244.22
03/08/2004	095959.000	+9999	105.144	+9999	0.332	394.99
03/08/2004	102959.000	+9999	116.848	+9999	0.198	521.50
03/08/2004	105959.000	+9999	110.412	+9999	0.271	564.27
03/08/2004	112959.000	+9999	87.241	+9999	0.255	622.36
03/08/2004	115959.000	+9999	91.688	+9999	0.265	633.22
03/08/2004	122959.000	+9999	77.602	+9999	0.281	616.05
03/08/2004	125959.000	+9999	82.108	+9999	0.412	608.63
03/08/2004	132959.000	+9999	83.064	+9999	0.370	573.25
03/08/2004	135959.000	+9999	73.156	+9999	0.335	529.36
03/08/2004	142959.000	+9999	70.385	+9999	0.392	548.34
03/08/2004	145959.000	+9999	34.555	+9999	0.336	433.42
03/08/2004	152959.000	+9999	23.827	+9999	0.326	431.72
03/08/2004	155959.000	+9999	-12.128	+9999	0.376	180.49
03/08/2004	162959.000	+9999	-30.925	+9999	0.280	66.16
03/08/2004	165959.000	+9999	-30.339	+9999	0.241	60.94
03/08/2004	172959.000	+9999	-28.178	+9999	0.212	47.33
03/08/2004	175959.000	+9999	-43.669	+9999	0.341	13.50
03/08/2004	182959.000	+9999	-37.853	+9999	0.261	-11.18
03/08/2004	185959.000	+9999	-47.754	+9999	0.314	-38.43
03/08/2004	192959.000	+9999	-46.045	+9999	0.375	-60.14
03/08/2004	195959.000	+9999	-29.460	+9999	0.501	-56.46
03/08/2004	202959.000	+9999	-19.505	+9999	0.413	-40.93
03/08/2004	205959.000	+9999	-44.559	+9999	0.491	-47.62
03/08/2004	212959.000	+9999	-24.685	+9999	0.422	-33.01
03/08/2004	215959.000	+9999	-13.073	+9999	0.298	-25.85
03/08/2004	222959.000	+9999	-14.978	+9999	0.267	-30.73
03/08/2004	225959.000	+9999	-8.545	+9999	0.313	-24.84
03/08/2004	232959.000	+9999	-13.575	+9999	0.251	-32.90
03/08/2004	235959.000	+9999	-11.365	+9999	0.375	-40.86
04/08/2004	002959.000	+9999	-6.592	+9999	0.323	-23.00
04/08/2004	005959.000	+9999	-6.073	+9999	0.269	-21.67
04/08/2004	012959.000	+9999	-1.954	+9999	0.316	-17.01
04/08/2004	015959.000	+9999	-7.233	+9999	0.409	-20.29
04/08/2004	022959.000	+9999	-27.333	+9999	0.397	-21.21
04/08/2004	025959.000	+9999	-30.540	+9999	0.321	-11.53
04/08/2004	032959.000	+9999	-22.157	+9999	0.262	-4.76
04/08/2004	035959.000	+9999	-4.135	+9999	0.150	-3.31
04/08/2004	042959.000	+9999	+9999	+9999	0.323	-2.96
04/08/2004	045959.000	+9999	+9999	+9999	0.751	-2.64
04/08/2004	052959.000	+9999	+9999	+9999	0.720	2.01
04/08/2004	055959.000	+9999	+9999	+9999	0.745	5.10
04/08/2004	062959.000	+9999	+9999	+9999	1.092	4.06
04/08/2004	065959.000	+9999	+9999	+9999	0.873	15.80
04/08/2004	072959.000	+9999	+9999	+9999	0.706	46.12
04/08/2004	075959.000	+9999	-25.229	+9999	0.405	85.31
04/08/2004	082959.000	+9999	-59.465	+9999	0.334	128.85
04/08/2004	085959.000	-42.069	-26.973	258.678	0.298	112.67
04/08/2004	092959.000	+9999	-35.779	+9999	0.498	167.47
04/08/2004	095959.000	-49.593	-26.640	395.940	0.442	174.23
04/08/2004	102959.000	-4.333	31.759	617.014	0.600	365.50
04/08/2004	105959.000	+9999	-19.613	+9999	0.764	194.42
04/08/2004	112959.000	+9999	+9999	+9999	0.684	207.27
04/08/2004	115959.000	+9999	+9999	+9999	0.936	201.41
04/08/2004	122959.000	+9999	+9999	+9999	1.090	210.82
04/08/2004	125959.000	+9999	+9999	+9999	0.922	168.09
04/08/2004	132959.000	+9999	-22.540	+9999	0.689	226.85
04/08/2004	135959.000	+9999	-18.126	+9999	0.738	281.51
04/08/2004	142959.000	+9999	+9999	+9999	0.853	102.71
04/08/2004	145959.000	+9999	+9999	+9999	0.999	118.19
04/08/2004	152959.000	+9999	+9999	+9999	1.099	117.41
04/08/2004	155959.000	+9999	+9999	+9999	1.189	110.71
04/08/2004	162959.000	+9999	+9999	+9999	1.156	91.88
04/08/2004	165959.000	+9999	+9999	+9999	1.054	92.07
04/08/2004	172959.000	+9999	+9999	+9999	1.017	59.14
04/08/2004	175959.000	+9999	+9999	+9999	0.853	21.72
04/08/2004	182959.000	+9999	+9999	+9999	0.480	26.97
04/08/2004	185959.000	-59.077	-29.535	509.052	0.472	2.28
04/08/2004	192959.000	-46.415	-31.046	270.953	0.294	-4.11
04/08/2004	195959.000	+9999	+9999	+9999	0.575	-4.21
04/08/2004	202959.000	+9999	+9999	+9999	0.519	-3.84
04/08/2004	205959.000	+9999	+9999	+9999	0.396	-2.92
04/08/2004	212959.000	+9999	+9999	+9999	0.453	-5.07
04/08/2004	215959.000	+9999	+9999	+9999	0.654	-9.10
04/08/2004	222959.000	+9999	+9999	+9999	0.741	-8.82
04/08/2004	225959.000	+9999	+9999	+9999	0.685	-7.51
04/08/2004	232959.000	+9999	+9999	+9999	0.917	-6.21
04/08/2004	235959.000	+9999	+9999	+9999	0.980	-11.34
05/08/2004	002959.000	+9999	-26.926	+9999	0.933	-13.04
05/08/2004	005959.000	+9999	+9999	+9999	0.859	-16.26
05/08/2004	012959.000	+9999	+9999	+9999	0.843	-15.15
05/08/2004	015959.000	+9999	+9999	+9999	0.833	-13.08
05/08/2004	022959.000	+9999	+9999	+9999	0.765	-13.48
05/08/2004	025959.000	+9999	+9999	+9999	0.726	-11.07
05/08/2004	032959.000	+9999	+9999	+9999	0.692	-6.70
05/08/2004	035959.000	+9999	+9999	+9999	0.897	-8.74
05/08/2004	042959.000	+9999	-41.690	+9999	0.470	-6.57
05/08/2004	045959.000	+9999	-20.525	+9999	0.337	-3.75
05/08/2004	052959.000	+9999	-14.723	+9999	0.355	9.09
05/08/2004	055959.000	+9999	-15.936	+9999	0.358	20.53
05/08/2004	062959.000	-34.226	-13.026	+9999	0.406	76.01
05/08/2004	065959.000	+9999	21.804	+9999	0.447	177.31
05/08/2004	072959.000	+9999	5.555	+9999	0.463	139.86
05/08/2004	075959.000	+9999	27.889	+9999	0.472	215.93
05/08/2004	082959.000	34.547	50.712	+9999	0.521	310.65
05/08/2004	085959.000	+9999	89.479	+9999	0.476	360.12
05/08/2004	092959.000	+9999	98.696	+9999	0.430	421.82
05/08/2004	095959.000	72.620	84.947	39.018	0.434	338.14
05/08/2004	102959.000	93.998	94.850	68.130	0.394	409.32
05/08/2004	105959.000	68.726	71.176	41.721	0.401	360.57
05/08/2004	112959.000	110.664	115.535	71.476	0.455	540.92
05/08/2004	115959.000	53.139	59.405	105.328	0.438	285.69
05/08/2004	122959.000	91.480	97.506	94.362	0.501	518.51
05/08/2004	125959.000	129.948	138.738	138.824	0.514	567.99
05/08/2004	132959.000	123.162	131.139	124.079	0.430	568.91
05/08/2004	135959.000	102.785	110.081	115.387	0.552	467.16
05/08/2004	142959.000	55.783	63.256	124.833	0.452	355.13
05/08/2004	145959.000	59.168	70.326	190.541	0.403	407.67
05/08/2004	152959.000	28.254	34.201	101.510	0.378	274.47
05/08/2004	155959.000	72.589	84.624	203.037	0.408	371.24
05/08/2004	162959.000	46.115	61.993	276.175	0.381	304.94
05/08/2004	165959.000	20.325	32.309	209.843	0.361	214.46
05/08/2004	172959.000	3.698	14.774	196.516	0.355	144.30
05/08/2004	175959.000	-9.022	-1.801	129.081	0.281	44.13
05/08/2004	182959.000	-8.301	-7.540	14.753	0.112	-4.74
05/08/2004	185959.000	-6.344	-5.549	15.218	0.097	-50.91
05/08/2004	192959.000	1.053	0.971	-1.823	0.045	-64.49
05/08/2004	195959.000	0.293	0.279	-0.129	0.029	-59.21
05/08/2004	202959.000	-0.123	-0.197	-1.461	0.021	-28.39
05/08/2004	205959.000	0.069	0.026	-0.613	0.010	-52.16
05/08/2004	212959.000	0.348	0.460	2.033	0.015	-53.15
05/08/2004	215959.000	0.381	0.360	-0.069	0.024	-40.91
05/08/2004	222959.000	-0.054	-0.047	0.255	0.015	-48.76
05/08/2004	225959.000	-3.222	-4.905	-8.488	0.057	-60.57
05/08/2004	232959.000	-6.075	-6.713	-10.880	0.062	-71.12
05/08/2004	235959.000	-11.497	-11.918	-6.030	0.075	-72.10
06/08/2004	002959.000	-8.540	-8.715	-2.082	0.065	-71.34
06/08/2004	005959.000	-6.067	-6.022	1.630	0.058	-69.82
06/08/2004	012959.000	-1.689	-1.720	-0.345	0.037	-67.43
06/08/2004	015959.000	-0.417	-0.481	-1.075	0.025	-64.84
06/08/2004	022959.000	-1.178	-1.178	0.404	0.029	-63.78
06/08/2004	025959.000	-1.400	-1.507	-1.904	0.029	-60.11
06/08/2004	032959.000	-0.902	-1.082	-3.178	0.031	-54.43
06/08/2004	035959.000	-1.844	-1.961	-1.839	0.036	-48.40
06/08/2004	042959.000	+9999	+9999	+9999	0.021	+9999
06/08/2004	045959.000	+9999	+9999	+9999	+9999	+9999
06/08/2004	052959.000	+9999	+9999	+9999	+9999	+9999
06/08/2004	055959.000	+9999	+9999	+9999	+9999	+9999
06/08/2004	062959.000	+9999	+9999	+9999	+9999	+9999
06/08/2004	065959.000	+9999	+9999	+9999	+9999	+9999
06/08/2004	072959.000	+9999	+9999	+9999	+9999	+9999
06/08/2004	075959.000	+9999	+9999	+9999	+9999	+9999
06/08/2004	082959.000	+9999	+9999	+9999	0.346	+9999
06/08/2004	085959.000	59.477	92.230	+9999	0.214	419.12
06/08/2004	092959.000	95.110	93.522	+9999	0.126	479.26
06/08/2004	095959.000	69.136	104.570	+9999	0.118	541.18
06/08/2004	102959.000	111.126	100.358	147.848	0.138	482.04
06/08/2004	105959.000	25.149	27.993	46.519	0.106	316.44
06/08/2004	112959.000	109.760	116.057	96.849	0.267	686.25
06/08/2004	115959.000	124.932	126.451	8.375	0.260	685.40
06/08/2004	122959.000	116.775	125.217	133.329	0.223	609.72
06/08/2004	125959.000	91.158	100.696	156.417	0.263	583.35
06/08/2004	132959.000	85.759	92.753	111.554	0.109	633.14
06/08/2004	135959.000	75.526	81.759	100.016	0.200	577.89
06/08/2004	142959.000	88.009	91.444	47.517	0.116	544.41
06/08/2004	145959.000	43.128	52.679	162.687	0.185	487.52
06/08/2004	152959.000	38.016	54.104	279.273	0.205	424.24
06/08/2004	155959.000	16.346	28.252	208.367	0.218	326.24
06/08/2004	162959.000	17.725	27.371	167.929	0.144	283.21
06/08/2004	165959.000	0.682	8.664	140.740	0.188	196.52
06/08/2004	172959.000	-13.504	-7.663	105.166	0.174	127.82
06/08/2004	175959.000	-13.729	-7.345	114.672	0.142	55.56
06/08/2004	182959.000	-1.635	-0.745	15.523	0.054	-1.39
06/08/2004	185959.000	-1.095	-0.660	7.679	0.036	-43.42
06/08/2004	192959.000	0.220	0.223	-0.131	0.029	-62.29
06/08/2004	195959.000	-8.924	-9.146	-2.459	0.047	-66.50
06/08/2004	202959.000	-1.166	-1.180	-0.028	0.017	-62.75
06/08/2004	205959.000	-0.709	-0.780	-1.125	0.025	-57.64
06/08/2004	212959.000	-0.346	-0.420	-1.327	0.024	-57.96
06/08/2004	215959.000	-2.152	-1.988	3.152	0.060	-59.09
06/08/2004	222959.000	-1.218	-1.523	-5.315	0.049	-55.73
06/08/2004	225959.000	-0.697	-0.916	-3.844	0.059	-56.05
06/08/2004	232959.000	-0.334	-0.417	-1.309	0.035	-53.20
06/08/2004	235959.000	-2.068	-2.095	-0.091	0.052	-51.80
07/08/2004	002959.000	-0.555	-0.728	-3.015	0.048	-51.07
07/08/2004	005959.000	-1.384	-1.342	1.090	0.062	-52.51
07/08/2004	012959.000	-0.611	-0.793	-3.182	0.043	-53.40
07/08/2004	015959.000	-2.104	-1.426	0.043	0.043	-54.38
07/08/2004	022959.000	-2.790	-2.951	-8.221	0.062	-55.23
07/08/2004	025959.000	-0.686	-0.515	3.244	0.030	-53.23
07/08/2004	032959.000	-0.134	-0.147	-0.189	0.040	-48.22
07/08/2004	035959.000	-1.506	-1.330	11.517	0.075	-50.67
07/08/2004	042959.000	-0.831	-6.701	+9999	0.054	-56.03
07/08/2004	045959.000	+9999	-14.027	+9999	0.130	-57.24
07/08/2004	052959.000	-25.989	-15.655	+9999	0.119	-49.00
07/08/2004	055959.000	-7.314	-12.721	+9999	0.185	-3.16
07/08/2004	062959.000	-0.814	1.856	+9999	0.254	60.96
07/08/2004	065959.000	5.949	16.777	+9999	0.217	129.48
07/08/2004	072959.000	23.241	33.698	+9999	0.233	249.15
07/08/2004	075959.000	86.591	22.014	+9999	0.154	173.71
07/08/2004	082959.000	2.154	26.831	+9999	0.156	189.34
07/08/2004	085959.000	63.411	42.731	+9999	0.325	255.39
07/08/2004	092959.000	134.207	114.124	+9999	0.392	466.91
07/08/2004	095959.000	175.337	127.477	+9999	0.344	514.18
07/08/2004	102959.000	+9999	28.261	+9999	0.278	206.25
07/08/2004	105959.000	+9999	-13.611	+9999	0.177	6.62
07/08/2004	112959.000	+9999	+9999	+9999	0.453	8.83
07/08/2004	115959.000	+9999	+9999	+9999	0.321	-3.30
07/08/2004	122959.000	+9999	-48.272	+9999	0.258	-1.56
07/08/2004	125959.000	+9999	-54.482	+9999	0.384	14.29
07/08/2004	132959.000	+9999	+9999	+9999	0.355	31.37
07/08/2004	135959.000	57.046	9.753	+9999	0.125	307.94
07/08/2004	142959.000	56.522	56.649	-0.564	0.130	543.90
07/08/2004	145959.000	25.252	37.326	+9999	0.208	338.61
07/08/2004	152959.000	+9999	69.532	+9999	0.341	424.04
07/08/2004	155959.000	+9999	58.462	+9999	0.453	357.18
07/08/2004	162959.000	+9999	42.747	+9999	0.558	216.66
07/08/2004	165959.000	+9999	33.203	+9999	0.492	157.43
07/08/2004	172959.000	+9999	32.393	+9999	0.586	129.76
07/08/2004	175959.000	+9999	6.638	+9999	0.423	45.73
07/08/2004	182959.000	+9999	-19.011	+9999	0.344	-33.52
07/08/2004	185959.000	+9999	-26.359	+9999	0.285	-52.59
07/08/2004	192959.000	+9999	-26.408	+9999	0.287	-63.95
07/08/2004	195959.000	+9999	-27.174	+9999	0.322	-58.23
07/08/2004	202959.000	+9999	-35.694	+9999	0.347	-67.33
07/08/2004	205959.000	+9999	-33.485	+9999	0.390	-64.25
07/08/2004	212959.000	+9999	-30.275	+9999	0.342	-63.12
07/08/2004	215959.000	+9999	-22.592	+9999	0.238	-56.79
07/08/2004	222959.000	+9999	-29.212	+9999	0.289	-60.74
07/08/2004	225959.000	+9999	-27.137	+9999	0.303	-61.64
07/08/2004	232959.000	+9999	-35.342	+9999	0.356	-61.30
07/08/2004	235959.000	+9999	-36.027	+9999	0.383	-63.21
08/08/2004	002959.000	-36.193	-33.390	+9999	0.345	-63.29
08/08/2004	005959.000	+9999	-37.230	+9999	0.353	-64.16
08/08/2004	012959.000	+9999	-35.784	+9999	0.367	-64.67
08/08/2004	015959.000	-39.353	-33.365	+9999	0.359	-58.70
08/08/2004	022959.000	+9999	-27.267	+9999	0.311	-49.13
08/08/2004	025959.000	+9999	-19.207	+9999	0.291	-45.81
08/08/2004	032959.000	+9999	-15.828	+9999	0.234	-48.53
08/08/2004	035959.000	+9999	-14.889	+9999	0.188	-51.18
08/08/2004	042959.000	+9999	-25.535	+9999	0.329	-36.68
08/08/2004	045959.000	+9999	-27.414	+9999	0.429	-27.35
08/08/2004	052959.000	+9999	-15.395	+9999	0.440	3.94
08/08/2004	055959.000	+9999	-6.151	+9999	0.476	8.94
08/08/2004	062959.000	+9999	-11.087	+9999	0.366	9.08
08/08/2004	065959.000	+9999	-8.956	+9999	0.426	34.72
08/08/2004	072959.000	+9999	7.204	+9999	0.490	79.60
08/08/2004	075959.000	+9999	28.032	+9999	0.464	153.29
08/08/2004	082959.000	+9999	70.403	+9999	0.565	271.65
08/08/2004	085959.000	+9999	37.443	+9999	0.456	247.16
08/08/2004	092959.000	+9999	69.823	+9999	0.460	328.38
08/08/2004	095959.000	+9999	107.403	+9999	0.563	524.75
08/08/2004	102959.000	+9999	136.295	+9999	0.665	544.19
08/08/2004	105959.000	+9999	139.408	+9999	0.682	538.66
08/08/2004	112959.000	+9999	150.342	+9999	0.671	564.22
08/08/2004	115959.000	+9999	151.285	+9999	0.652	637.43
08/08/2004	122959.000	+9999	126.734	+9999	0.628	608.08
08/08/2004	125959.000	+9999	76.582	+9999	0.511	537.73
08/08/2004	132959.000	+9999	84.454	+9999	0.543	447.65
08/08/2004	135959.000	+9999	53.517	+9999	0.457	488.23
08/08/2004	142959.000	+9999	47.220	+9999	0.487	373.36
08/08/2004	145959.000	+9999	4.743	+9999	0.437	215.46
08/08/2004	152959.000	+9999	-21.315	+9999	0.499	64.66
08/08/2004	155959.000	+9999	-37.229	+9999	0.497	25.56
08/08/2004	162959.000	+9999	-28.389	+9999	0.610	37.21
08/08/2004	165959.000	+9999	6.708	+9999	0.632	63.01
08/08/2004	172959.000	+9999	3.664	+9999	0.631	59.50
08/08/2004	175959.000	+9999	-26.964	+9999	0.486	-12.04
08/08/2004	182959.000	2.120	-24.138	+9999	0.397	-21.26
08/08/2004	185959.000	-12.130	-29.272	+9999	0.370	-24.85
08/08/2004	192959.000	+9999	-30.328	+9999	0.213	-22.81
08/08/2004	195959.000	+9999	-16.583	+9999	0.118	-19.56
08/08/2004	202959.000	+9999	-22.020	+9999	0.202	-20.25
08/08/2004	205959.000	+9999	-19.204	+9999	0.241	-20.04
08/08/2004	212959.000	+9999	-25.143	+9999	0.202	-22.40
08/08/2004	215959.000	+9999	-23.879	+9999	0.202	-24.85
08/08/2004	222959.000	+9999	-33.039	+9999	0.240	-36.87
08/08/2004	225959.000	+9999	-25.551	+9999	0.315	-30.17
08/08/2004	232959.000	+9999	-20.791	+9999	0.305	-26.72
08/08/2004	235959.000	+9999	-15.753	+9999	0.198	-20.65
09/08/2004	002959.000	+9999	-15.470	+9999	0.139	-18.34
09/08/2004	005959.000	+9999	-13.460	+9999	0.128	-16.08
09/08/2004	012959.000	+9999	-28.056	+9999	0.312	-15.00
09/08/2004	015959.000	+9999	-23.496	+9999	0.282	-14.28
09/08/2004	022959.000	+9999	-11.639	+9999	0.165	-19.21
09/08/2004	025959.000	+9999	-1.840	+9999	0.039	-17.66
09/08/2004	032959.000	+9999	-16.399	+9999	0.223	-14.69
09/08/2004	035959.000	+9999	-12.307	+9999	0.166	-29.83
09/08/2004	042959.000	+9999	56.779	+9999	0.381	-27.22
09/08/2004	045959.000	287.363	204.460	+9999	0.693	-26.09
09/08/2004	052959.000	287.837	230.620	+9999	0.967	-12.78
09/08/2004	055959.000	137.193	66.260	+9999	0.559	19.32
09/08/2004	062959.000	354.461	271.585	+9999	0.842	83.91
09/08/2004	065959.000	191.225	117.405	+9999	0.987	150.21
09/08/2004	072959.000	630.633	517.198	+9999	1.085	205.00
09/08/2004	075959.000	520.255	404.957	+9999	1.324	253.71
09/08/2004	082959.000	597.386	515.834	+9999	1.164	231.47
09/08/2004	085959.000	408.946	326.913	+9999	0.691	143.01
09/08/2004	092959.000	381.578	327.727	+9999	0.658	163.41
09/08/2004	095959.000	258.597	168.387	+9999	0.538	227.71
09/08/2004	102959.000	282.669	235.999	+9999	0.527	139.97
09/08/2004	105959.000	343.390	271.412	+9999	0.567	85.23
09/08/2004	112959.000	124.455	119.887	+9999	0.254	164.67
09/08/2004	115959.000	177.229	135.543	+9999	0.252	198.67
09/08/2004	122959.000	185.322	159.192	+9999	0.205	238.03
09/08/2004	125959.000	125.304	99.655	+9999	0.291	231.60
09/08/2004	132959.000	224.850	200.088	+9999	0.398	173.24
09/08/2004	135959.000	228.841	196.198	+9999	0.502	129.45
09/08/2004	142959.000	133.549	100.913	+9999	0.472	192.53
09/08/2004	145959.000	154.988	116.183	+9999	0.289	140.30
09/08/2004	152959.000	104.613	87.648	+9999	0.181	126.37
09/08/2004	155959.000	153.300	118.132	+9999	0.339	84.96
09/08/2004	162959.000	88.349	68.591	+9999	0.108	62.52
09/08/2004	165959.000	27.527	10.031	+9999	0.216	52.18
09/08/2004	172959.000	47.790	20.386	+9999	0.251	57.47
09/08/2004	175959.000	191.644	157.227	+9999	0.233	36.45
09/08/2004	182959.000	105.904	110.376	+9999	0.279	-3.38
09/08/2004	185959.000	106.420	75.360	181.315	0.427	-4.96
09/08/2004	192959.000	-93.705	+9999	285.803	0.403	-6.48
09/08/2004	195959.000	-272.914	+9999	+9999	0.935	-7.78
09/08/2004	202959.000	-483.026	+9999	+9999	1.344	-7.05
09/08/2004	205959.000	-471.273	+9999	+9999	1.222	-6.85
09/08/2004	212959.000	-476.087	+9999	+9999	1.563	-5.62
09/08/2004	215959.000	-711.731	+9999	+9999	1.476	-5.48
09/08/2004	222959.000	-504.241	+9999	+9999	1.383	-5.23
09/08/2004	225959.000	-436.257	+9999	+9999	1.458	-7.04
09/08/2004	232959.000	-274.276	+9999	+9999	0.885	-4.22
09/08/2004	235959.000	-282.590	+9999	+9999	0.829	-3.25
10/08/2004	002959.000	-247.654	+9999	+9999	0.440	-2.74
10/08/2004	005959.000	-208.419	+9999	+9999	0.568	-2.62
10/08/2004	012959.000	-204.307	+9999	+9999	0.686	-3.11
10/08/2004	015959.000	-154.646	+9999	+9999	0.715	-3.65
10/08/2004	022959.000	10.632	8.495	+9999	0.187	-4.29
10/08/2004	025959.000	+9999	7.618	+9999	0.133	-6.91
10/08/2004	032959.000	+9999	7.857	+9999	0.149	-4.82
10/08/2004	035959.000	+9999	6.144	+9999	0.137	-4.71
10/08/2004	042959.000	+9999	2.750	+9999	0.046	-4.92
10/08/2004	045959.000	+9999	2.166	+9999	0.095	-5.25
10/08/2004	052959.000	+9999	4.827	+9999	0.078	-0.19
10/08/2004	055959.000	+9999	6.775	+9999	0.127	16.20
10/08/2004	062959.000	+9999	9.448	+9999	0.162	32.63
10/08/2004	065959.000	+9999	12.090	+9999	0.199	66.64
10/08/2004	072959.000	+9999	15.811	+9999	0.218	120.73
10/08/2004	075959.000	+9999	23.756	+9999	0.244	156.01
10/08/2004	082959.000	+9999	25.575	+9999	0.266	183.16
10/08/2004	085959.000	+9999	51.417	+9999	+9999	272.64
10/08/2004	092959.000	+9999	56.672	+9999	0.297	287.85
10/08/2004	095959.000	+9999	81.787	+9999	0.230	490.24
10/08/2004	102959.000	+9999	88.028	+9999	0.286	419.45
10/08/2004	105959.000	147.577	97.322	+9999	0.236	502.46
10/08/2004	112959.000	55.565	63.589	-58.956	0.213	425.96
10/08/2004	115959.000	31.532	34.204	48.340	0.160	337.46
10/08/2004	122959.000	51.484	55.089	55.711	0.106	473.23
10/08/2004	125959.000	84.357	86.753	29.276	0.236	622.36
10/08/2004	132959.000	86.264	90.728	67.233	0.231	577.28
10/08/2004	135959.000	90.098	94.894	71.750	0.254	528.98
10/08/2004	142959.000	21.983	26.561	+9999	0.206	276.39
10/08/2004	145959.000	43.598	53.522	166.078	0.200	456.84
10/08/2004	152959.000	25.580	41.413	276.785	0.328	428.05
10/08/2004	155959.000	7.701	34.398	469.881	0.361	382.86
10/08/2004	162959.000	5.164	32.360	478.993	0.405	292.09
10/08/2004	165959.000	-13.834	0.090	248.252	0.347	165.70
10/08/2004	172959.000	-30.660	-21.387	168.960	0.314	25.63
10/08/2004	175959.000	-20.154	-16.580	66.152	0.257	8.51
10/08/2004	182959.000	-5.857	-5.289	10.937	0.073	-25.60
10/08/2004	185959.000	-0.396	-0.431	-0.408	0.018	-34.33
10/08/2004	192959.000	-0.912	-0.935	-0.308	0.038	-43.53
10/08/2004	195959.000	-0.922	-0.827	1.864	0.045	-48.02
10/08/2004	202959.000	-1.161	-1.158	0.407	0.052	-58.85
10/08/2004	205959.000	-2.330	-2.196	2.706	0.052	-57.73
10/08/2004	212959.000	-1.898	-1.903	-0.013	0.042	-59.19
10/08/2004	215959.000	-0.760	-0.786	-0.282	0.032	-57.50
10/08/2004	222959.000	-3.366	-3.353	0.741	0.058	-54.90
10/08/2004	225959.000	-3.713	-3.641	-0.966	0.051	-51.34
10/08/2004	232959.000	-1.871	-1.420	12.934	0.049	-56.92
10/08/2004	235959.000	-4.571	-4.130	+9999	0.066	-56.18
11/08/2004	002959.000	+9999	12.644	+9999	0.081	-58.32
11/08/2004	005959.000	198.580	1.055	79.736	0.061	-57.58
11/08/2004	012959.000	-2.911	-0.945	+9999	0.034	-54.88
11/08/2004	015959.000	-0.283	0.704	17.882	0.053	-51.89
11/08/2004	022959.000	1.572	1.829	4.375	0.035	-53.38
11/08/2004	025959.000	-0.252	-0.441	-3.532	0.064	-56.07
11/08/2004	032959.000	3.552	3.851	4.793	0.033	-54.66
11/08/2004	035959.000	1.425	1.573	2.693	0.022	-54.54
11/08/2004	042959.000	1.105	1.187	1.209	0.049	-51.92
11/08/2004	045959.000	-5.798	-6.220	-6.961	0.073	-48.44
11/08/2004	052959.000	-5.344	-5.414	-0.375	0.017	-30.10
11/08/2004	055959.000	-9.753	-7.350	2.309	0.063	-3.71
11/08/2004	062959.000	+9999	-0.940	+9999	0.070	52.37
11/08/2004	065959.000	+9999	10.254	+9999	0.143	121.92
11/08/2004	072959.000	+9999	19.359	+9999	0.104	199.22
11/08/2004	075959.000	+9999	39.259	+9999	0.148	274.67
11/08/2004	082959.000	59.811	50.616	+9999	0.206	343.04
11/08/2004	085959.000	76.112	77.571	22.212	0.221	408.99
11/08/2004	092959.000	45.724	55.659	84.079	0.170	471.48
11/08/2004	095959.000	53.058	65.946	220.837	0.295	525.92
11/08/2004	102959.000	54.805	70.256	264.913	0.164	569.59
11/08/2004	105959.000	80.951	85.404	66.376	0.219	601.86
11/08/2004	112959.000	89.667	93.731	59.309	0.281	635.31
11/08/2004	115959.000	77.747	86.077	135.402	0.183	646.43
11/08/2004	122959.000	52.416	74.592	+9999	0.266	640.09
11/08/2004	125959.000	58.740	90.289	+9999	0.246	628.73
11/08/2004	132959.000	54.553	80.191	+9999	0.314	603.38
11/08/2004	135959.000	57.261	70.251	220.219	0.265	566.53
11/08/2004	142959.000	49.553	58.400	148.356	0.192	520.79
11/08/2004	145959.000	33.471	37.854	72.191	0.264	470.13
11/08/2004	152959.000	21.063	31.431	178.718	0.259	410.02
11/08/2004	155959.000	3.025	12.040	157.275	0.260	342.15
11/08/2004	162959.000	-8.413	-0.100	146.842	0.231	260.79
11/08/2004	165959.000	-13.762	-7.834	106.232	0.281	193.56
11/08/2004	172959.000	-27.816	-23.696	76.041	0.246	118.34
11/08/2004	175959.000	-12.568	-12.892	-3.749	0.140	48.05
11/08/2004	182959.000	-3.047	-3.432	-6.368	0.058	-3.31
11/08/2004	185959.000	-0.099	-0.131	2.351	0.031	-38.89
11/08/2004	192959.000	-1.560	-3.968	-1.572	0.053	-50.20
11/08/2004	195959.000	+9999	-43.534	+9999	0.137	-49.42
11/08/2004	202959.000	-13.775	-16.734	1.143	0.097	-58.83
11/08/2004	205959.000	-13.872	-14.113	-2.327	0.118	-60.59
11/08/2004	212959.000	-34.099	-31.181	56.649	0.230	-61.96
11/08/2004	215959.000	-46.441	-41.670	90.807	0.315	-67.28
11/08/2004	222959.000	-55.231	-48.082	133.995	0.395	-68.80
11/08/2004	225959.000	-45.123	-46.430	-16.975	0.372	-68.15
11/08/2004	232959.000	-44.491	-45.515	-11.694	0.320	-67.09
11/08/2004	235959.000	-34.394	-35.409	-23.594	0.277	-65.96
12/08/2004	002959.000	+9999	-54.580	+9999	0.295	-62.62
12/08/2004	005959.000	-45.164	-43.889	+9999	0.330	-64.50
12/08/2004	012959.000	+9999	-48.940	+9999	0.368	-65.40
12/08/2004	015959.000	-13.248	-27.215	-26.164	0.230	-58.01
12/08/2004	022959.000	-10.028	-7.911	1.041	0.094	-55.75
12/08/2004	025959.000	-43.887	-51.165	+9999	0.409	-65.11
12/08/2004	032959.000	+9999	-38.932	+9999	0.472	-70.71
12/08/2004	035959.000	+9999	-47.320	+9999	0.268	-67.52
12/08/2004	042959.000	-20.434	-26.754	+9999	0.149	-62.58
12/08/2004	045959.000	-16.783	-27.184	+9999	0.146	-48.59
12/08/2004	052959.000	+9999	-14.666	+9999	0.145	-17.44
12/08/2004	055959.000	+9999	-17.757	+9999	0.208	17.40
12/08/2004	062959.000	+9999	-12.883	+9999	0.246	39.68
12/08/2004	065959.000	+9999	-11.579	+9999	0.300	55.37
12/08/2004	072959.000	+9999	-16.332	+9999	0.252	55.07
12/08/2004	075959.000	+9999	5.136	+9999	0.098	48.64
12/08/2004	082959.000	+9999	-22.961	+9999	0.322	39.30
12/08/2004	085959.000	+9999	-17.073	+9999	0.225	126.87
12/08/2004	092959.000	+9999	56.858	+9999	0.360	339.22
12/08/2004	095959.000	+9999	49.187	+9999	0.298	326.54
12/08/2004	102959.000	+9999	82.296	+9999	0.187	475.49
12/08/2004	105959.000	+9999	124.948	+9999	0.159	599.93
12/08/2004	112959.000	+9999	106.257	+9999	0.262	488.97
12/08/2004	115959.000	66.856	64.669	+9999	0.240	380.58
12/08/2004	122959.000	51.632	68.169	19.544	0.420	346.21
12/08/2004	125959.000	104.405	110.318	89.311	0.653	489.01
12/08/2004	132959.000	124.601	129.629	71.993	0.686	564.02
12/08/2004	135959.000	128.821	138.231	148.485	0.592	573.72
12/08/2004	142959.000	122.050	126.183	55.453	0.534	481.95
12/08/2004	145959.000	33.830	36.864	48.811	0.423	193.13
12/08/2004	152959.000	44.445	40.848	+9999	0.383	239.06
12/08/2004	155959.000	-20.624	28.187	+9999	0.390	181.96
12/08/2004	162959.000	-3.137	-0.732	44.835	0.531	168.35
12/08/2004	165959.000	-7.460	-4.602	52.040	0.499	113.73
12/08/2004	172959.000	-11.858	-12.945	-18.125	0.365	58.29
12/08/2004	175959.000	-24.580	-18.571	110.034	0.444	11.27
12/08/2004	182959.000	-39.667	-35.266	84.477	0.351	-39.45
12/08/2004	185959.000	-31.504	-31.723	0.642	0.285	-24.87
12/08/2004	192959.000	-39.579	-40.283	-7.089	0.280	-53.76
12/08/2004	195959.000	-51.985	-50.606	32.203	0.276	-66.51
12/08/2004	202959.000	-59.950	-58.448	35.544	0.231	-77.07
12/08/2004	205959.000	+9999	+9999	33.402	0.278	-78.14
12/08/2004	212959.000	-56.605	-55.067	35.648	0.244	-76.03
12/08/2004	215959.000	-45.603	-45.729	4.358	0.252	-75.09
12/08/2004	222959.000	-22.679	-23.218	-6.646	0.195	-67.29
12/08/2004	225959.000	-23.957	-23.330	14.907	0.161	-68.40
12/08/2004	232959.000	-24.289	-25.011	-9.811	0.151	-58.09
12/08/2004	235959.000	-20.561	-20.724	-0.126	0.176	-63.30
13/08/2004	002959.000	-20.653	-20.858	-0.705	0.153	-18.88
13/08/2004	005959.000	-20.923	-21.591	-9.320	0.236	-31.37
13/08/2004	012959.000	-25.488	-25.438	4.797	0.246	-45.80
13/08/2004	015959.000	-25.588	-26.426	-11.289	0.282	-26.53
13/08/2004	022959.000	-18.214	-19.479	-20.769	0.273	-24.86
13/08/2004	025959.000	-18.690	-16.990	33.960	0.276	-22.03
13/08/2004	032959.000	-18.662	-20.044	-22.250	0.252	-34.80
13/08/2004	035959.000	-16.781	-15.970	17.099	0.247	-27.92
13/08/2004	042959.000	-20.679	-21.430	-10.113	0.332	-26.32
13/08/2004	045959.000	-26.939	-26.410	13.545	0.367	-35.64
13/08/2004	052959.000	-23.326	-24.582	-19.143	0.380	-19.23
13/08/2004	055959.000	-19.738	-14.684	+9999	0.351	-4.79
13/08/2004	062959.000	-17.406	-13.841	+9999	0.397	29.46
13/08/2004	065959.000	-16.201	-3.282	+9999	0.444	95.82
13/08/2004	072959.000	+9999	9.401	+9999	0.422	159.93
13/08/2004	075959.000	66.968	41.068	+9999	0.509	216.97
13/08/2004	082959.000	18.888	63.636	+9999	0.563	288.40
13/08/2004	085959.000	95.575	87.800	+9999	0.515	385.50
13/08/2004	092959.000	68.297	71.772	47.139	0.478	329.64
13/08/2004	095959.000	86.547	83.996	+9999	0.475	358.00
13/08/2004	102959.000	77.662	80.148	33.509	0.454	356.51
13/08/2004	105959.000	58.924	70.477	198.946	0.508	348.31
13/08/2004	112959.000	126.220	138.722	205.458	0.518	585.89
13/08/2004	115959.000	100.821	106.623	89.086	0.489	473.19
13/08/2004	122959.000	129.186	142.926	226.257	0.492	582.35
13/08/2004	125959.000	28.671	32.298	60.738	0.543	158.60
13/08/2004	132959.000	4.512	8.321	67.047	0.508	79.26
13/08/2004	135959.000	33.150	31.548	-11.915	0.502	208.44
13/08/2004	142959.000	41.675	67.970	+9999	0.482	283.78
13/08/2004	145959.000	61.318	54.460	+9999	0.444	249.81
13/08/2004	152959.000	42.184	46.518	22.388	0.564	199.08
13/08/2004	155959.000	80.721	81.068	-5.712	0.480	342.07
13/08/2004	162959.000	68.896	71.768	40.302	0.522	268.46
13/08/2004	165959.000	58.521	59.022	0.889	0.527	191.53
13/08/2004	172959.000	-6.905	-5.934	18.310	0.420	42.48
13/08/2004	175959.000	-10.765	-14.509	+9999	0.308	1.60
13/08/2004	182959.000	-21.890	-21.885	-4.007	0.308	-20.97
13/08/2004	185959.000	-19.916	-13.551	+9999	0.127	-57.90
13/08/2004	192959.000	-3.726	-5.673	+9999	0.093	-61.45
13/08/2004	195959.000	-3.323	-4.265	5.982	0.084	-63.41
13/08/2004	202959.000	-2.099	-1.670	7.967	0.048	-62.45
13/08/2004	205959.000	-5.256	-5.866	-10.405	0.059	-61.11
13/08/2004	212959.000	-22.172	-22.606	-4.445	0.131	-61.46
13/08/2004	215959.000	-5.139	-5.441	-4.739	0.063	-59.13
13/08/2004	222959.000	-4.217	-4.384	-2.472	0.062	-56.90
13/08/2004	225959.000	-2.623	-2.551	1.619	0.055	-55.15
13/08/2004	232959.000	-6.044	-6.307	-3.689	0.070	-53.63
13/08/2004	235959.000	-2.078	-2.190	-1.596	0.035	-55.05
14/08/2004	002959.000	-2.925	-3.141	-3.893	0.053	-54.12
14/08/2004	005959.000	-0.770	-0.774	-0.489	0.023	-54.09
14/08/2004	012959.000	-0.974	-0.976	-0.031	0.040	-53.33
14/08/2004	015959.000	-3.513	-3.591	-4.972	0.036	-51.34
14/08/2004	022959.000	-0.989	-0.954	0.723	0.026	-43.09
14/08/2004	025959.000	-1.509	-1.013	9.238	0.030	-34.67
14/08/2004	032959.000	-0.583	-0.455	5.095	0.012	-31.50
14/08/2004	035959.000	-0.738	-0.759	-0.125	0.013	-28.06
14/08/2004	042959.000	-0.491	-0.497	0.108	0.016	-25.62
14/08/2004	045959.000	-2.352	-2.884	-9.480	0.014	-22.92
14/08/2004	052959.000	-1.284	-1.584	-5.301	0.035	-10.70
14/08/2004	055959.000	-0.465	-0.297	3.391	0.026	25.51
14/08/2004	062959.000	0.016	-0.333	+9999	0.036	69.95
14/08/2004	065959.000	9.497	4.137	+9999	0.034	113.72
14/08/2004	072959.000	+9999	29.880	+9999	0.075	193.14
14/08/2004	075959.000	29.351	37.780	+9999	0.092	272.26
14/08/2004	082959.000	58.693	54.246	+9999	0.131	342.02
14/08/2004	085959.000	105.526	106.685	5.209	0.132	407.97
14/08/2004	092959.000	118.575	124.510	89.024	0.120	468.03
14/08/2004	095959.000	137.055	143.775	100.591	0.129	522.99
14/08/2004	102959.000	119.305	125.975	102.040	0.259	565.97
14/08/2004	105959.000	109.734	121.177	188.384	0.234	598.91
14/08/2004	112959.000	105.880	111.239	80.532	0.215	623.37
14/08/2004	115959.000	124.929	132.824	122.374	0.260	633.91
14/08/2004	122959.000	116.620	124.397	121.127	0.187	635.09
14/08/2004	125959.000	98.438	108.728	168.032	0.060	624.36
14/08/2004	132959.000	103.461	109.612	94.035	0.242	602.28
14/08/2004	135959.000	63.842	67.671	58.500	0.253	569.97
14/08/2004	142959.000	73.381	77.083	54.688	0.201	526.42
14/08/2004	145959.000	51.192	51.203	-7.091	0.282	473.45
14/08/2004	152959.000	48.488	48.961	44.936	0.212	410.05
14/08/2004	155959.000	51.699	48.496	6.546	0.251	339.24
14/08/2004	162959.000	3.555	4.390	13.347	0.257	258.34
14/08/2004	165959.000	0.271	-1.399	+9999	0.291	189.88
14/08/2004	172959.000	-19.850	-20.037	-2.976	0.252	112.55
14/08/2004	175959.000	+9999	-20.013	+9999	0.192	40.85
14/08/2004	182959.000	-1.665	-5.936	+9999	0.098	-14.28
14/08/2004	185959.000	-0.795	-0.775	+9999	0.018	-44.61
14/08/2004	192959.000	-1.168	-0.574	+9999	0.039	-54.88
14/08/2004	195959.000	+9999	-11.524	+9999	0.106	-55.83
14/08/2004	202959.000	+9999	-5.540	+9999	0.076	-55.02
14/08/2004	205959.000	+9999	-8.005	+9999	0.094	-55.55
14/08/2004	212959.000	+9999	-4.662	+9999	0.089	-56.26
14/08/2004	215959.000	+9999	-3.278	+9999	0.078	-54.71
14/08/2004	222959.000	-2.948	-4.276	+9999	0.071	-55.96
14/08/2004	225959.000	+9999	-5.043	+9999	0.066	-55.26
14/08/2004	232959.000	+9999	-3.828	+9999	0.065	-52.14
14/08/2004	235959.000	3.367	-5.273	+9999	0.076	-50.61
15/08/2004	002959.000	+9999	-4.663	+9999	0.084	-49.34
15/08/2004	005959.000	+9999	-2.404	+9999	0.078	-50.48
15/08/2004	012959.000	+9999	-2.648	+9999	0.033	-53.17
15/08/2004	015959.000	+9999	-0.391	+9999	0.049	-48.18
15/08/2004	022959.000	+9999	-5.037	+9999	0.098	-47.94
15/08/2004	025959.000	+9999	-1.808	+9999	0.048	-48.46
15/08/2004	032959.000	+9999	+9999	+9999	+9999	-57.18
15/08/2004	035959.000	+9999	+9999	+9999	+9999	-57.53
15/08/2004	042959.000	+9999	+9999	+9999	+9999	-50.76
15/08/2004	045959.000	-85.991	+9999	+9999	+9999	-34.73
15/08/2004	052959.000	-16.940	+9999	+9999	+9999	-19.01
15/08/2004	055959.000	-6.550	+9999	+9999	+9999	8.76
15/08/2004	062959.000	1.897	+9999	+9999	+9999	52.29
15/08/2004	065959.000	5.450	+9999	+9999	+9999	117.06
15/08/2004	072959.000	9.004	+9999	+9999	+9999	199.05
15/08/2004	075959.000	57.656	+9999	+9999	+9999	270.35
15/08/2004	082959.000	96.688	+9999	+9999	+9999	337.42
15/08/2004	085959.000	49.106	+9999	+9999	+9999	403.56
15/08/2004	092959.000	72.630	+9999	+9999	+9999	462.11
15/08/2004	095959.000	65.369	+9999	+9999	+9999	513.89
15/08/2004	102959.000	153.727	+9999	+9999	+9999	557.71
15/08/2004	105959.000	111.157	+9999	+9999	+9999	591.49
15/08/2004	112959.000	173.297	+9999	+9999	+9999	612.89
15/08/2004	115959.000	166.583	+9999	+9999	+9999	624.83
15/08/2004	122959.000	173.141	+9999	+9999	+9999	624.12
15/08/2004	125959.000	111.477	+9999	+9999	+9999	613.03
15/08/2004	132959.000	146.135	+9999	+9999	+9999	590.25
15/08/2004	135959.000	180.792	+9999	+9999	+9999	555.36
15/08/2004	142959.000	26.772	+9999	+9999	+9999	510.26
15/08/2004	145959.000	13.346	+9999	+9999	+9999	457.60
15/08/2004	152959.000	-18.322	+9999	+9999	+9999	395.38
15/08/2004	155959.000	-85.839	+9999	+9999	+9999	325.78
15/08/2004	162959.000	-55.579	+9999	+9999	+9999	244.98
15/08/2004	165959.000	-60.540	+9999	+9999	+9999	178.09
15/08/2004	172959.000	-4.322	+9999	+9999	+9999	101.83
15/08/2004	175959.000	2.203	+9999	+9999	+9999	+9999
15/08/2004	182959.000	9.112	+9999	+9999	+9999	-25.07
15/08/2004	185959.000	27.462	+9999	+9999	+9999	-49.68
15/08/2004	192959.000	22.881	+9999	+9999	+9999	-46.34
15/08/2004	195959.000	44.516	+9999	+9999	+9999	-45.12
15/08/2004	202959.000	13.658	+9999	+9999	+9999	-44.18
15/08/2004	205959.000	-38.160	+9999	+9999	+9999	-44.28
15/08/2004	212959.000	-51.838	+9999	+9999	+9999	-50.69
15/08/2004	215959.000	-65.517	+9999	+9999	+9999	-54.12
15/08/2004	222959.000	-79.195	+9999	+9999	+9999	-55.57
15/08/2004	225959.000	-72.549	+9999	+9999	+9999	-68.68
15/08/2004	232959.000	-92.296	+9999	+9999	+9999	-57.09
15/08/2004	235959.000	-92.296	+9999	+9999	+9999	-41.74
16/08/2004	002959.000	+9999	+9999	+9999	0.587	-24.42
16/08/2004	005959.000	+9999	+9999	+9999	+9999	-10.60
16/08/2004	012959.000	+9999	+9999	+9999	+9999	-21.14
16/08/2004	015959.000	+9999	+9999	+9999	+9999	-10.03
16/08/2004	022959.000	192.381	153.690	+9999	+9999	-10.42
16/08/2004	025959.000	166.777	122.580	+9999	0.553	-14.37
16/08/2004	032959.000	-14.837	-2.314	221.207	0.302	-2.84
16/08/2004	035959.000	-33.093	-7.951	+9999	0.301	-3.14
16/08/2004	042959.000	76.986	44.585	+9999	0.188	-3.54
16/08/2004	045959.000	32.899	0.620	+9999	0.238	-4.63
16/08/2004	052959.000	25.739	-4.594	+9999	0.210	-2.65
16/08/2004	055959.000	6.970	-6.199	+9999	0.330	6.91
16/08/2004	062959.000	59.144	42.931	+9999	0.233	21.48
16/08/2004	065959.000	15.005	-10.551	+9999	0.236	48.88
16/08/2004	072959.000	103.767	71.976	+9999	0.268	81.56
16/08/2004	075959.000	0.623	-24.021	+9999	0.350	113.49
16/08/2004	082959.000	28.602	38.423	164.598	0.296	125.05
16/08/2004	085959.000	15.268	38.507	+9999	0.359	236.32
16/08/2004	092959.000	-12.654	15.256	+9999	0.606	307.76
16/08/2004	095959.000	-22.482	5.613	+9999	0.519	326.27
16/08/2004	102959.000	-19.563	65.005	+9999	0.686	479.14
16/08/2004	105959.000	33.864	74.640	+9999	0.322	514.65
16/08/2004	112959.000	105.572	95.107	+9999	0.269	540.76
16/08/2004	115959.000	-51.415	-12.756	+9999	0.439	585.24
16/08/2004	122959.000	207.833	170.682	+9999	0.179	577.92
16/08/2004	125959.000	296.328	249.595	+9999	0.155	481.32
16/08/2004	132959.000	107.557	79.403	+9999	0.232	292.55
16/08/2004	135959.000	157.530	438.210	+9999	0.329	626.73
16/08/2004	142959.000	207.850	201.586	+9999	0.239	516.19
16/08/2004	145959.000	202.550	154.282	+9999	0.143	448.05
16/08/2004	152959.000	159.302	146.850	+9999	0.171	285.12
16/08/2004	155959.000	66.319	69.204	28.883	0.185	238.91
16/08/2004	162959.000	87.053	67.598	+9999	0.308	139.65
16/08/2004	165959.000	87.944	84.638	+9999	0.275	47.72
16/08/2004	172959.000	18.633	23.992	90.420	0.300	25.04
16/08/2004	175959.000	-18.418	-11.416	119.338	0.127	3.84
16/08/2004	182959.000	+9999	+9999	+9999	0.481	-13.69
16/08/2004	185959.000	+9999	+9999	+9999	0.470	-15.52
16/08/2004	192959.000	27.819	37.685	166.129	0.133	-16.38
16/08/2004	195959.000	168.876	137.912	+9999	0.279	-22.10
16/08/2004	202959.000	68.228	64.142	+9999	0.187	-19.82
16/08/2004	205959.000	50.491	33.432	+9999	0.238	-12.39
16/08/2004	212959.000	119.542	58.841	+9999	0.512	-8.55
16/08/2004	215959.000	58.718	34.433	+9999	0.284	-5.68
16/08/2004	222959.000	141.853	88.527	+9999	0.515	-5.50
16/08/2004	225959.000	111.626	73.189	+9999	0.376	-6.30
16/08/2004	232959.000	132.170	87.882	+9999	0.481	-4.48
16/08/2004	235959.000	314.155	256.213	+9999	0.621	-3.01
17/08/2004	002959.000	+9999	+9999	+9999	+9999	-3.36
17/08/2004	005959.000	+9999	+9999	286.435	0.281	-3.64
17/08/2004	012959.000	+9999	-39.520	+9999	0.339	-2.15
17/08/2004	015959.000	119.551	83.321	+9999	0.550	-1.75
17/08/2004	022959.000	-16.375	-17.453	+9999	0.343	-1.94
17/08/2004	025959.000	138.732	109.342	+9999	0.278	-3.42
17/08/2004	032959.000	69.518	43.238	+9999	0.392	-2.66
17/08/2004	035959.000	77.014	50.706	+9999	0.432	-2.61
17/08/2004	042959.000	162.438	1.265	+9999	0.150	-1.19
17/08/2004	045959.000	+9999	-20.590	+9999	0.218	-1.66
17/08/2004	052959.000	+9999	-13.398	+9999	0.155	6.12
17/08/2004	055959.000	+9999	-7.723	+9999	0.147	17.93
17/08/2004	062959.000	+9999	-3.192	+9999	0.196	33.78
17/08/2004	065959.000	+9999	-0.178	+9999	0.286	60.97
17/08/2004	072959.000	+9999	-2.047	+9999	0.427	41.68
17/08/2004	075959.000	+9999	-16.622	+9999	0.519	13.70
17/08/2004	082959.000	+9999	-48.669	+9999	0.490	1.33
17/08/2004	085959.000	+9999	-26.285	+9999	0.412	49.66
17/08/2004	092959.000	+9999	1.197	+9999	0.221	194.93
17/08/2004	095959.000	+9999	43.647	+9999	0.183	314.09
17/08/2004	102959.000	+9999	5.382	+9999	0.268	112.01
17/08/2004	105959.000	+9999	32.313	+9999	0.360	281.82
17/08/2004	112959.000	+9999	37.623	+9999	0.286	235.53
17/08/2004	115959.000	+9999	30.102	+9999	0.271	216.86
17/08/2004	122959.000	+9999	31.068	+9999	0.254	239.94
17/08/2004	125959.000	+9999	23.426	+9999	0.199	179.94
17/08/2004	132959.000	+9999	-10.179	+9999	0.167	45.39
17/08/2004	135959.000	+9999	-38.241	+9999	0.316	77.87
17/08/2004	142959.000	+9999	30.706	+9999	0.262	463.18
17/08/2004	145959.000	+9999	70.192	+9999	0.307	530.09
17/08/2004	152959.000	+9999	53.544	+9999	0.271	379.30
17/08/2004	155959.000	+9999	32.620	+9999	0.248	230.94
17/08/2004	162959.000	+9999	57.280	+9999	0.215	312.17
17/08/2004	165959.000	+9999	19.767	+9999	0.220	171.72
17/08/2004	172959.000	+9999	24.615	+9999	0.292	155.32
17/08/2004	175959.000	+9999	-8.602	+9999	0.202	3.14
17/08/2004	182959.000	+9999	-20.450	+9999	0.257	-22.65
17/08/2004	185959.000	+9999	-17.496	+9999	0.252	-56.43
17/08/2004	192959.000	+9999	-17.010	+9999	0.244	-68.49
17/08/2004	195959.000	+9999	-17.401	+9999	0.239	-69.71
17/08/2004	202959.000	+9999	-18.075	+9999	0.278	-64.39
17/08/2004	205959.000	+9999	-13.706	+9999	0.313	-35.07
17/08/2004	212959.000	+9999	-7.377	+9999	0.251	-29.62
17/08/2004	215959.000	+9999	-11.428	+9999	0.283	-13.99
17/08/2004	222959.000	+9999	-26.984	+9999	0.320	-5.18
17/08/2004	225959.000	+9999	-23.696	+9999	0.281	-6.18
17/08/2004	232959.000	+9999	-14.188	+9999	0.193	-13.53
17/08/2004	235959.000	+9999	-19.761	+9999	0.221	-18.96
18/08/2004	002959.000	+9999	-20.977	+9999	0.265	-35.11
18/08/2004	005959.000	+9999	-22.945	+9999	0.294	-29.86
18/08/2004	012959.000	+9999	-21.736	+9999	0.305	-25.91
18/08/2004	015959.000	+9999	-21.896	+9999	0.278	-23.29
18/08/2004	022959.000	+9999	-20.839	+9999	0.246	-21.38
18/08/2004	025959.000	+9999	-21.792	+9999	0.235	-19.56
18/08/2004	032959.000	+9999	-21.013	+9999	0.300	-14.90
18/08/2004	035959.000	+9999	-15.502	+9999	0.413	-1.28
18/08/2004	042959.000	+9999	-13.197	+9999	0.384	-1.40
18/08/2004	045959.000	+9999	-10.718	+9999	0.448	-2.76
18/08/2004	052959.000	+9999	-12.722	+9999	0.349	-2.33
18/08/2004	055959.000	+9999	-11.432	+9999	0.355	11.73
18/08/2004	062959.000	+9999	-3.127	+9999	0.446	51.95
18/08/2004	065959.000	+9999	26.845	+9999	0.470	130.10
18/08/2004	072959.000	+9999	51.629	+9999	0.550	197.11
18/08/2004	075959.000	+9999	74.017	+9999	0.558	262.21
18/08/2004	082959.000	+9999	99.432	+9999	0.607	332.28
18/08/2004	085959.000	+9999	109.250	+9999	0.587	400.08
18/08/2004	092959.000	+9999	114.235	+9999	0.628	463.81
18/08/2004	095959.000	+9999	126.774	+9999	0.628	516.84
18/08/2004	102959.000	+9999	123.873	+9999	0.562	561.92
18/08/2004	105959.000	+9999	128.613	+9999	0.597	593.43
18/08/2004	112959.000	+9999	123.252	+9999	0.598	618.45
18/08/2004	115959.000	+9999	123.937	+9999	0.578	630.69
18/08/2004	122959.000	+9999	115.532	+9999	0.527	632.17
18/08/2004	125959.000	+9999	98.933	+9999	0.529	622.21
18/08/2004	132959.000	+9999	92.078	+9999	0.554	595.56
18/08/2004	135959.000	+9999	100.601	+9999	0.536	562.75
18/08/2004	142959.000	+9999	69.056	+9999	0.552	518.52
18/08/2004	145959.000	+9999	65.886	+9999	0.577	465.30
18/08/2004	152959.000	+9999	44.205	+9999	0.511	403.63
18/08/2004	155959.000	+9999	25.458	+9999	0.444	331.71
18/08/2004	162959.000	+9999	7.226	+9999	0.393	239.01
18/08/2004	165959.000	+9999	-24.027	+9999	0.343	75.89
18/08/2004	172959.000	+9999	95.507	+9999	+9999	3.61
18/08/2004	175959.000	+9999	-2.544	+9999	0.721	3.52
18/08/2004	182959.000	+9999	-29.139	+9999	0.590	-7.89
18/08/2004	185959.000	+9999	-15.817	+9999	0.321	-23.50
18/08/2004	192959.000	40.117	-14.106	+9999	0.256	-22.86
18/08/2004	195959.000	+9999	-12.597	+9999	0.216	-15.41
18/08/2004	202959.000	+9999	-11.781	+9999	0.141	-34.19
18/08/2004	205959.000	+9999	-5.873	+9999	0.102	-13.79
18/08/2004	212959.000	+9999	-4.765	+9999	0.102	-26.93
18/08/2004	215959.000	+9999	-4.364	+9999	0.102	-33.81
18/08/2004	222959.000	+9999	-2.608	+9999	0.075	-36.70
18/08/2004	225959.000	+9999	-0.708	+9999	0.070	-57.48
18/08/2004	232959.000	+9999	-7.076	+9999	0.101	-51.13
18/08/2004	235959.000	+9999	-18.651	+9999	0.180	-48.13
19/08/2004	002959.000	+9999	-18.125	+9999	0.168	-47.37
19/08/2004	005959.000	+9999	-16.107	+9999	0.191	-29.40
19/08/2004	012959.000	+9999	-17.809	+9999	0.191	-23.59
19/08/2004	015959.000	+9999	-11.796	+9999	0.176	-17.07
19/08/2004	022959.000	+9999	-13.071	+9999	0.167	-41.17
19/08/2004	025959.000	+9999	-13.374	+9999	0.155	-53.09
19/08/2004	032959.000	+9999	-11.260	+9999	0.115	-62.15
19/08/2004	035959.000	+9999	-12.150	+9999	0.140	-41.33
19/08/2004	042959.000	+9999	-3.094	+9999	0.082	-37.19
19/08/2004	045959.000	+9999	-5.766	+9999	0.097	-50.60
19/08/2004	052959.000	+9999	-0.497	+9999	0.059	-47.10
19/08/2004	055959.000	+9999	0.108	+9999	0.026	-0.11
19/08/2004	062959.000	94.690	-3.488	+9999	0.078	28.66
19/08/2004	065959.000	+9999	-3.730	+9999	0.117	71.12
19/08/2004	072959.000	+9999	24.410	+9999	0.277	207.61
19/08/2004	075959.000	+9999	36.243	+9999	0.273	284.88
19/08/2004	082959.000	+9999	31.341	+9999	0.277	212.07
19/08/2004	085959.000	+9999	-0.348	+9999	0.141	86.21
19/08/2004	092959.000	+9999	71.842	+9999	0.280	421.73
19/08/2004	095959.000	+9999	49.598	+9999	0.231	371.09
19/08/2004	102959.000	484.097	-2.460	+9999	0.185	142.98
19/08/2004	105959.000	+9999	-2.654	+9999	0.178	124.86
19/08/2004	112959.000	+9999	27.956	+9999	0.148	388.40
19/08/2004	115959.000	+9999	53.190	+9999	0.198	431.57
19/08/2004	122959.000	-24.365	-1.029	+9999	0.144	169.90
19/08/2004	125959.000	2.270	7.964	+9999	0.185	291.89
19/08/2004	132959.000	+9999	-5.314	+9999	0.430	177.64
19/08/2004	135959.000	+9999	7.000	+9999	0.302	107.32
19/08/2004	142959.000	+9999	0.090	+9999	0.168	55.74
19/08/2004	145959.000	+9999	24.566	+9999	0.140	221.64
19/08/2004	152959.000	+9999	-0.872	+9999	0.089	78.76
19/08/2004	155959.000	+9999	43.304	+9999	0.241	240.21
19/08/2004	162959.000	+9999	34.404	+9999	0.287	236.37
19/08/2004	165959.000	+9999	10.610	+9999	0.396	132.73
19/08/2004	172959.000	+9999	-3.524	+9999	0.158	46.50
19/08/2004	175959.000	+9999	-1.587	+9999	0.054	38.29
19/08/2004	182959.000	+9999	-5.894	+9999	0.138	17.20
19/08/2004	185959.000	+9999	-3.094	+9999	0.052	-50.86
19/08/2004	192959.000	+9999	-5.819	+9999	0.055	-19.40
19/08/2004	195959.000	+9999	-1.241	+9999	0.071	-51.22
19/08/2004	202959.000	+9999	-7.414	+9999	0.484	-11.87
19/08/2004	205959.000	+9999	+9999	+9999	0.519	-7.31
19/08/2004	212959.000	+9999	-49.326	+9999	0.336	-6.25
19/08/2004	215959.000	+9999	-45.269	+9999	0.433	-6.10
19/08/2004	222959.000	+9999	-48.075	+9999	0.488	-6.40
19/08/2004	225959.000	+9999	-38.173	+9999	0.395	-7.16
19/08/2004	232959.000	+9999	-15.323	+9999	0.272	-10.26
19/08/2004	235959.000	+9999	-10.074	+9999	0.259	-17.07
20/08/2004	002959.000	+9999	-15.813	+9999	0.204	-20.94
20/08/2004	005959.000	80.324	-18.724	+9999	0.183	-16.62
20/08/2004	012959.000	+9999	-17.858	+9999	0.223	-14.68
20/08/2004	015959.000	+9999	-15.396	+9999	0.272	-7.51
20/08/2004	022959.000	+9999	-19.295	+9999	0.306	-8.34
20/08/2004	025959.000	+9999	-17.332	+9999	0.276	-8.48
20/08/2004	032959.000	+9999	-12.579	+9999	0.183	-12.42
20/08/2004	035959.000	-10.934	-13.930	+9999	0.191	-9.59
20/08/2004	042959.000	-12.643	-10.259	+9999	0.204	-7.79
20/08/2004	045959.000	-11.810	-9.179	+9999	0.152	-16.51
20/08/2004	052959.000	-6.856	-8.367	+9999	0.140	-7.12
20/08/2004	055959.000	+9999	-0.066	+9999	0.046	6.98
20/08/2004	062959.000	-1.195	-2.003	+9999	0.060	28.04
20/08/2004	065959.000	-10.751	3.760	+9999	0.166	135.28
20/08/2004	072959.000	12.350	6.349	-13.476	0.252	134.84
20/08/2004	075959.000	+9999	8.360	+9999	0.162	119.99
20/08/2004	082959.000	18.486	18.805	+9999	0.235	202.51
20/08/2004	085959.000	-5.024	35.607	+9999	0.203	207.54
20/08/2004	092959.000	56.607	56.468	-14.487	0.184	340.87
20/08/2004	095959.000	81.523	84.995	51.174	0.223	339.58
20/08/2004	102959.000	12.653	15.228	16.280	0.203	198.16
20/08/2004	105959.000	99.294	98.646	+9999	0.227	543.57
20/08/2004	112959.000	67.901	73.355	88.804	0.426	228.11
20/08/2004	115959.000	83.874	87.327	50.430	0.397	429.59
20/08/2004	122959.000	149.636	157.188	114.808	0.370	666.60
20/08/2004	125959.000	93.943	105.064	186.124	0.370	448.06
20/08/2004	132959.000	62.366	58.680	+9999	0.512	255.03
20/08/2004	135959.000	67.173	78.291	+9999	0.668	465.04
20/08/2004	142959.000	+9999	+9999	+9999	0.779	+9999
20/08/2004	145959.000	+9999	+9999	+9999	0.704	+9999
20/08/2004	152959.000	+9999	+9999	+9999	0.810	+9999
20/08/2004	155959.000	+9999	+9999	+9999	0.765	+9999
20/08/2004	162959.000	+9999	+9999	+9999	+9999	+9999
20/08/2004	165959.000	+9999	+9999	+9999	0.783	+9999
20/08/2004	172959.000	+9999	+9999	+9999	0.709	+9999
20/08/2004	175959.000	+9999	+9999	+9999	0.566	+9999
20/08/2004	182959.000	+9999	+9999	+9999	0.507	+9999
20/08/2004	185959.000	+9999	+9999	+9999	0.351	+9999
20/08/2004	192959.000	+9999	+9999	+9999	0.369	+9999
20/08/2004	195959.000	+9999	+9999	+9999	0.304	+9999
20/08/2004	202959.000	+9999	+9999	+9999	0.161	+9999
20/08/2004	205959.000	+9999	+9999	+9999	0.188	+9999
20/08/2004	212959.000	+9999	+9999	+9999	0.159	+9999
20/08/2004	215959.000	+9999	+9999	+9999	0.158	+9999
20/08/2004	222959.000	+9999	+9999	+9999	0.268	+9999
20/08/2004	225959.000	+9999	+9999	+9999	0.247	+9999
20/08/2004	232959.000	+9999	+9999	+9999	0.388	+9999
20/08/2004	235959.000	+9999	+9999	+9999	0.396	+9999
21/08/2004	002959.000	-9.999999e-99	-9.999999e-99	-9.999999e-99	-9.999999e-99	-9.999999e-99
21/08/2004	005959.000	-9.999999e-99	-9.999999e-99	-9.999999e-99	-9.999999e-99	-9.999999e-99
21/08/2004	012959.000	-9.999999e-99	-9.999999e-99	-9.999999e-99	-9.999999e-99	-9.999999e-99
21/08/2004	015959.000	-9.999999e-99	-9.999999e-99	-9.999999e-99	-9.999999e-99	-9.999999e-99
21/08/2004	022959.000	-9.999999e-99	-9.999999e-99	-9.999999e-99	-9.999999e-99	-9.999999e-99
21/08/2004	025959.000	-9.999999e-99	-9.999999e-99	-9.999999e-99	-9.999999e-99	-9.999999e-99
21/08/2004	032959.000	-9.999999e-99	-9.999999e-99	-9.999999e-99	-9.999999e-99	-9.999999e-99
21/08/2004	035959.000	-9.999999e-99	-9.999999e-99	-9.999999e-99	-9.999999e-99	-9.999999e-99
21/08/2004	042959.000	-9.999999e-99	-9.999999e-99	-9.999999e-99	-9.999999e-99	-9.999999e-99
21/08/2004	045959.000	-9.999999e-99	-9.999999e-99	-9.999999e-99	-9.999999e-99	-9.999999e-99
21/08/2004	052959.000	-9.999999e-99	-9.999999e-99	-9.999999e-99	-9.999999e-99	-9.999999e-99
21/08/2004	055959.000	-9.999999e-99	-9.999999e-99	-9.999999e-99	-9.999999e-99	-9.999999e-99
21/08/2004	062959.000	-9.999999e-99	-9.999999e-99	-9.999999e-99	-9.999999e-99	-9.999999e-99
21/08/2004	065959.000	-9.999999e-99	-9.999999e-99	-9.999999e-99	-9.999999e-99	-9.999999e-99
21/08/2004	072959.000	-9.999999e-99	-9.999999e-99	-9.999999e-99	-9.999999e-99	-9.999999e-99
21/08/2004	075959.000	-9.999999e-99	-9.999999e-99	-9.999999e-99	-9.999999e-99	-9.999999e-99
21/08/2004	082959.000	-9.999999e-99	-9.999999e-99	-9.999999e-99	-9.999999e-99	-9.999999e-99
21/08/2004	085959.000	-9.999999e-99	-9.999999e-99	-9.999999e-99	-9.999999e-99	-9.999999e-99
21/08/2004	092959.000	-9.999999e-99	-9.999999e-99	-9.999999e-99	-9.999999e-99	-9.999999e-99
21/08/2004	095959.000	-9.999999e-99	-9.999999e-99	-9.999999e-99	-9.999999e-99	-9.999999e-99
21/08/2004	102959.000	-9.999999e-99	-9.999999e-99	-9.999999e-99	-9.999999e-99	-9.999999e-99
21/08/2004	105959.000	-9.999999e-99	-9.999999e-99	-9.999999e-99	-9.999999e-99	-9.999999e-99
21/08/2004	112959.000	-9.999999e-99	-9.999999e-99	-9.999999e-99	-9.999999e-99	-9.999999e-99
21/08/2004	115959.000	-9.999999e-99	-9.999999e-99	-9.999999e-99	-9.999999e-99	-9.999999e-99
21/08/2004	122959.000	-9.999999e-99	-9.999999e-99	-9.999999e-99	-9.999999e-99	-9.999999e-99
21/08/2004	125959.000	-9.999999e-99	-9.999999e-99	-9.999999e-99	-9.999999e-99	-9.999999e-99
21/08/2004	132959.000	-9.999999e-99	-9.999999e-99	-9.999999e-99	-9.999999e-99	-9.999999e-99
21/08/2004	135959.000	-9.999999e-99	-9.999999e-99	-9.999999e-99	-9.999999e-99	-9.999999e-99
21/08/2004	142959.000	-9.999999e-99	-9.999999e-99	-9.999999e-99	-9.999999e-99	-9.999999e-99
21/08/2004	145959.000	-9.999999e-99	-9.999999e-99	-9.999999e-99	-9.999999e-99	-9.999999e-99
21/08/2004	152959.000	-9.999999e-99	-9.999999e-99	-9.999999e-99	-9.999999e-99	-9.999999e-99
21/08/2004	155959.000	-9.999999e-99	-9.999999e-99	-9.999999e-99	-9.999999e-99	-9.999999e-99
21/08/2004	162959.000	-9.999999e-99	-9.999999e-99	-9.999999e-99	-9.999999e-99	-9.999999e-99
21/08/2004	165959.000	-9.999999e-99	-9.999999e-99	-9.999999e-99	-9.999999e-99	-9.999999e-99
21/08/2004	172959.000	-9.999999e-99	-9.999999e-99	-9.999999e-99	-9.999999e-99	-9.999999e-99
21/08/2004	175959.000	-9.999999e-99	-9.999999e-99	-9.999999e-99	-9.999999e-99	-9.999999e-99
21/08/2004	182959.000	-9.999999e-99	-9.999999e-99	-9.999999e-99	-9.999999e-99	-9.999999e-99
21/08/2004	185959.000	-9.999999e-99	-9.999999e-99	-9.999999e-99	-9.999999e-99	-9.999999e-99
21/08/2004	192959.000	-9.999999e-99	-9.999999e-99	-9.999999e-99	-9.999999e-99	-9.999999e-99
21/08/2004	195959.000	-9.999999e-99	-9.999999e-99	-9.999999e-99	-9.999999e-99	-9.999999e-99
21/08/2004	202959.000	-9.999999e-99	-9.999999e-99	-9.999999e-99	-9.999999e-99	-9.999999e-99
21/08/2004	205959.000	-9.999999e-99	-9.999999e-99	-9.999999e-99	-9.999999e-99	-9.999999e-99
21/08/2004	212959.000	-9.999999e-99	-9.999999e-99	-9.999999e-99	-9.999999e-99	-9.999999e-99
21/08/2004	215959.000	-9.999999e-99	-9.999999e-99	-9.999999e-99	-9.999999e-99	-9.999999e-99
21/08/2004	222959.000	-9.999999e-99	-9.999999e-99	-9.999999e-99	-9.999999e-99	-9.999999e-99
21/08/2004	225959.000	-9.999999e-99	-9.999999e-99	-9.999999e-99	-9.999999e-99	-9.999999e-99
21/08/2004	232959.000	-9.999999e-99	-9.999999e-99	-9.999999e-99	-9.999999e-99	-9.999999e-99
21/08/2004	235959.000	-9.999999e-99	-9.999999e-99	-9.999999e-99	-9.999999e-99	-9.999999e-99
22/08/2004	002959.000	-9.999999e-99	-9.999999e-99	-9.999999e-99	-9.999999e-99	-9.999999e-99
22/08/2004	005959.000	-9.999999e-99	-9.999999e-99	-9.999999e-99	-9.999999e-99	-9.999999e-99
22/08/2004	012959.000	-9.999999e-99	-9.999999e-99	-9.999999e-99	-9.999999e-99	-9.999999e-99
22/08/2004	015959.000	-9.999999e-99	-9.999999e-99	-9.999999e-99	-9.999999e-99	-9.999999e-99
22/08/2004	022959.000	-9.999999e-99	-9.999999e-99	-9.999999e-99	-9.999999e-99	-9.999999e-99
22/08/2004	025959.000	-9.999999e-99	-9.999999e-99	-9.999999e-99	-9.999999e-99	-9.999999e-99
22/08/2004	032959.000	-9.999999e-99	-9.999999e-99	-9.999999e-99	-9.999999e-99	-9.999999e-99
22/08/2004	035959.000	-9.999999e-99	-9.999999e-99	-9.999999e-99	-9.999999e-99	-9.999999e-99
22/08/2004	042959.000	-9.999999e-99	-9.999999e-99	-9.999999e-99	-9.999999e-99	-9.999999e-99
22/08/2004	045959.000	-9.999999e-99	-9.999999e-99	-9.999999e-99	-9.999999e-99	-9.999999e-99
22/08/2004	052959.000	-9.999999e-99	-9.999999e-99	-9.999999e-99	-9.999999e-99	-9.999999e-99
22/08/2004	055959.000	-9.999999e-99	-9.999999e-99	-9.999999e-99	-9.999999e-99	-9.999999e-99
22/08/2004	062959.000	-9.999999e-99	-9.999999e-99	-9.999999e-99	-9.999999e-99	-9.999999e-99
22/08/2004	065959.000	-9.999999e-99	-9.999999e-99	-9.999999e-99	-9.999999e-99	-9.999999e-99
22/08/2004	072959.000	-9.999999e-99	-9.999999e-99	-9.999999e-99	-9.999999e-99	-9.999999e-99
22/08/2004	075959.000	-9.999999e-99	-9.999999e-99	-9.999999e-99	-9.999999e-99	-9.999999e-99
22/08/2004	082959.000	-9.999999e-99	-9.999999e-99	-9.999999e-99	-9.999999e-99	-9.999999e-99
22/08/2004	085959.000	-9.999999e-99	-9.999999e-99	-9.999999e-99	-9.999999e-99	-9.999999e-99
22/08/2004	092959.000	-9.999999e-99	-9.999999e-99	-9.999999e-99	-9.999999e-99	-9.999999e-99
22/08/2004	095959.000	-9.999999e-99	-9.999999e-99	-9.999999e-99	-9.999999e-99	-9.999999e-99
22/08/2004	102959.000	-9.999999e-99	-9.999999e-99	-9.999999e-99	-9.999999e-99	-9.999999e-99
22/08/2004	105959.000	-9.999999e-99	-9.999999e-99	-9.999999e-99	-9.999999e-99	-9.999999e-99
22/08/2004	112959.000	-9.999999e-99	-9.999999e-99	-9.999999e-99	-9.999999e-99	-9.999999e-99
22/08/2004	115959.000	-9.999999e-99	-9.999999e-99	-9.999999e-99	-9.999999e-99	-9.999999e-99
22/08/2004	122959.000	-9.999999e-99	-9.999999e-99	-9.999999e-99	-9.999999e-99	-9.999999e-99
22/08/2004	125959.000	-9.999999e-99	-9.999999e-99	-9.999999e-99	-9.999999e-99	-9.999999e-99
22/08/2004	132959.000	-9.999999e-99	-9.999999e-99	-9.999999e-99	-9.999999e-99	-9.999999e-99
22/08/2004	135959.000	-9.999999e-99	-9.999999e-99	-9.999999e-99	-9.999999e-99	-9.999999e-99
22/08/2004	142959.000	-9.999999e-99	-9.999999e-99	-9.999999e-99	-9.999999e-99	-9.999999e-99
22/08/2004	145959.000	-9.999999e-99	-9.999999e-99	-9.999999e-99	-9.999999e-99	-9.999999e-99
22/08/2004	152959.000	-9.999999e-99	-9.999999e-99	-9.999999e-99	-9.999999e-99	-9.999999e-99
22/08/2004	155959.000	-9.999999e-99	-9.999999e-99	-9.999999e-99	-9.999999e-99	-9.999999e-99
22/08/2004	162959.000	-9.999999e-99	-9.999999e-99	-9.999999e-99	-9.999999e-99	-9.999999e-99
22/08/2004	165959.000	-9.999999e-99	-9.999999e-99	-9.999999e-99	-9.999999e-99	-9.999999e-99
22/08/2004	172959.000	-9.999999e-99	-9.999999e-99	-9.999999e-99	-9.999999e-99	-9.999999e-99
22/08/2004	175959.000	-9.999999e-99	-9.999999e-99	-9.999999e-99	-9.999999e-99	-9.999999e-99
22/08/2004	182959.000	-9.999999e-99	-9.999999e-99	-9.999999e-99	-9.999999e-99	-9.999999e-99
22/08/2004	185959.000	-9.999999e-99	-9.999999e-99	-9.999999e-99	-9.999999e-99	-9.999999e-99
22/08/2004	192959.000	-9.999999e-99	-9.999999e-99	-9.999999e-99	-9.999999e-99	-9.999999e-99
22/08/2004	195959.000	-9.999999e-99	-9.999999e-99	-9.999999e-99	-9.999999e-99	-9.999999e-99
22/08/2004	202959.000	-9.999999e-99	-9.999999e-99	-9.999999e-99	-9.999999e-99	-9.999999e-99
22/08/2004	205959.000	-9.999999e-99	-9.999999e-99	-9.999999e-99	-9.999999e-99	-9.999999e-99
22/08/2004	212959.000	-9.999999e-99	-9.999999e-99	-9.999999e-99	-9.999999e-99	-9.999999e-99
22/08/2004	215959.000	-9.999999e-99	-9.999999e-99	-9.999999e-99	-9.999999e-99	-9.999999e-99
22/08/2004	222959.000	-9.999999e-99	-9.999999e-99	-9.999999e-99	-9.999999e-99	-9.999999e-99
22/08/2004	225959.000	-9.999999e-99	-9.999999e-99	-9.999999e-99	-9.999999e-99	-9.999999e-99
22/08/2004	232959.000	-9.999999e-99	-9.999999e-99	-9.999999e-99	-9.999999e-99	-9.999999e-99
22/08/2004	235959.000	-9.999999e-99	-9.999999e-99	-9.999999e-99	-9.999999e-99	-9.999999e-99
23/08/2004	002959.000	+9999	+9999	+9999	+9999	+9999
23/08/2004	005959.000	+9999	+9999	+9999	+9999	+9999
23/08/2004	012959.000	+9999	+9999	+9999	+9999	+9999
23/08/2004	015959.000	+9999	+9999	+9999	+9999	+9999
23/08/2004	022959.000	+9999	+9999	+9999	+9999	+9999
23/08/2004	025959.000	+9999	+9999	+9999	+9999	+9999
23/08/2004	032959.000	+9999	+9999	+9999	+9999	+9999
23/08/2004	035959.000	+9999	+9999	+9999	0.631	+9999
23/08/2004	042959.000	+9999	+9999	+9999	+9999	+9999
23/08/2004	045959.000	+9999	+9999	+9999	+9999	+9999
23/08/2004	052959.000	+9999	+9999	+9999	+9999	+9999
23/08/2004	055959.000	+9999	+9999	+9999	+9999	+9999
23/08/2004	062959.000	+9999	+9999	+9999	0.652	+9999
23/08/2004	065959.000	+9999	+9999	+9999	0.109	+9999
23/08/2004	072959.000	+9999	+9999	+9999	0.537	+9999
23/08/2004	075959.000	+9999	+9999	+9999	0.235	+9999
23/08/2004	082959.000	+9999	+9999	+9999	0.398	+9999
23/08/2004	085959.000	+9999	+9999	+9999	0.338	+9999
23/08/2004	092959.000	+9999	87.497	+9999	0.455	331.01
23/08/2004	095959.000	+9999	81.652	+9999	0.363	397.63
23/08/2004	102959.000	+9999	52.134	+9999	0.334	353.26
23/08/2004	105959.000	+9999	38.673	+9999	0.249	364.83
23/08/2004	112959.000	+9999	31.686	+9999	0.196	298.16
23/08/2004	115959.000	+9999	28.392	+9999	0.056	296.05
23/08/2004	122959.000	+9999	28.196	+9999	0.105	306.10
23/08/2004	125959.000	+9999	51.951	+9999	0.120	385.15
23/08/2004	132959.000	+9999	26.084	+9999	0.158	370.53
23/08/2004	135959.000	+9999	60.479	+9999	0.139	374.95
23/08/2004	142959.000	+9999	23.095	+9999	0.117	291.08
23/08/2004	145959.000	+9999	27.259	+9999	0.147	270.70
23/08/2004	152959.000	+9999	15.654	+9999	0.093	194.48
23/08/2004	155959.000	+9999	1.237	+9999	0.143	122.71
23/08/2004	162959.000	+9999	-9.938	+9999	0.233	50.35
23/08/2004	165959.000	+9999	-5.216	+9999	0.077	10.63
23/08/2004	172959.000	+9999	-35.388	+9999	0.274	117.36
23/08/2004	175959.000	+9999	-21.302	+9999	0.208	46.56
23/08/2004	182959.000	+9999	-6.661	+9999	0.095	-9.88
23/08/2004	185959.000	+9999	-8.792	+9999	0.112	-16.27
23/08/2004	192959.000	+9999	-19.704	+9999	0.165	-17.12
23/08/2004	195959.000	+9999	-15.970	+9999	0.148	-24.43
23/08/2004	202959.000	+9999	-10.842	+9999	0.136	-22.90
23/08/2004	205959.000	+9999	-30.290	+9999	0.268	-9.24
23/08/2004	212959.000	+9999	-13.301	+9999	0.480	-3.03
23/08/2004	215959.000	+9999	-8.557	+9999	0.225	-0.77
23/08/2004	222959.000	+9999	-4.132	+9999	0.100	-0.29
23/08/2004	225959.000	+9999	-2.130	+9999	0.044	0.84
23/08/2004	232959.000	+9999	-0.459	+9999	0.052	0.05
23/08/2004	235959.000	+9999	-5.992	+9999	0.086	-0.66
24/08/2004	002959.000	+9999	-1.435	+9999	0.105	-0.22
24/08/2004	005959.000	+9999	-3.870	+9999	0.100	-0.19
24/08/2004	012959.000	+9999	-17.519	+9999	0.373	0.34
24/08/2004	015959.000	+9999	-25.621	+9999	0.430	-0.63
24/08/2004	022959.000	+9999	-24.700	+9999	0.332	-3.33
24/08/2004	025959.000	+9999	-28.788	+9999	0.367	-6.47
24/08/2004	032959.000	+9999	-34.288	+9999	0.274	-6.67
24/08/2004	035959.000	+9999	-26.419	+9999	0.236	-8.13
24/08/2004	042959.000	+9999	-30.831	+9999	0.260	-8.64
24/08/2004	045959.000	+9999	-30.758	+9999	0.298	-10.67
24/08/2004	052959.000	+9999	-39.807	+9999	0.359	-8.59
24/08/2004	055959.000	+9999	-50.824	+9999	0.432	-3.24
24/08/2004	062959.000	+9999	-44.673	+9999	0.340	5.70
24/08/2004	065959.000	+9999	-44.432	+9999	0.387	21.07
24/08/2004	072959.000	+9999	-31.890	+9999	0.361	28.30
24/08/2004	075959.000	+9999	-24.724	+9999	0.301	29.48
24/08/2004	082959.000	+9999	-18.026	+9999	0.298	62.79
24/08/2004	085959.000	+9999	-17.183	+9999	0.452	105.07
24/08/2004	092959.000	+9999	-6.860	+9999	0.335	82.61
24/08/2004	095959.000	+9999	-2.864	+9999	0.315	88.97
24/08/2004	102959.000	+9999	3.196	+9999	0.322	92.15
24/08/2004	105959.000	26.880	0.481	+9999	0.332	76.53
24/08/2004	112959.000	+9999	8.429	+9999	0.472	93.71
24/08/2004	115959.000	+9999	33.889	+9999	0.412	108.63
24/08/2004	122959.000	219.687	35.830	+9999	0.371	133.05
24/08/2004	125959.000	56.760	83.876	+9999	0.432	233.85
24/08/2004	132959.000	+9999	76.989	+9999	0.417	200.21
24/08/2004	135959.000	+9999	66.348	+9999	0.451	198.92
24/08/2004	142959.000	121.654	57.150	+9999	0.431	204.18
24/08/2004	145959.000	36.399	40.518	+9999	0.408	204.40
24/08/2004	152959.000	31.833	46.006	+9999	0.453	238.75
24/08/2004	155959.000	15.803	24.264	+9999	0.422	174.01
24/08/2004	162959.000	+9999	27.650	+9999	0.362	180.67
24/08/2004	165959.000	14.814	23.109	+9999	0.470	139.20
24/08/2004	172959.000	+9999	-3.833	+9999	0.433	63.04
24/08/2004	175959.000	+9999	-29.020	+9999	0.394	-0.52
24/08/2004	182959.000	-41.660	-30.727	+9999	0.365	-25.53
24/08/2004	185959.000	+9999	-23.548	+9999	0.229	-37.59
24/08/2004	192959.000	+9999	-34.850	+9999	0.268	-24.42
24/08/2004	195959.000	-52.906	-27.292	+9999	0.225	-25.50
24/08/2004	202959.000	-39.790	-41.430	15.240	0.211	-55.68
24/08/2004	205959.000	-22.007	-21.850	5.901	0.123	-56.63
24/08/2004	212959.000	-28.986	-28.856	6.408	0.157	-68.72
24/08/2004	215959.000	-10.962	-11.058	-0.397	0.102	-67.36
24/08/2004	222959.000	-6.174	-5.778	8.133	0.082	-65.52
24/08/2004	225959.000	-5.881	-5.341	10.608	0.087	-68.70
24/08/2004	232959.000	-14.943	-14.982	1.269	0.106	-70.90
24/08/2004	235959.000	-6.946	-6.482	9.463	0.073	-72.49
25/08/2004	002959.000	-5.714	-6.023	-5.024	0.059	-71.17
25/08/2004	005959.000	-4.379	-3.869	10.083	0.063	-68.47
25/08/2004	012959.000	-2.454	-2.839	-6.630	0.059	-59.25
25/08/2004	015959.000	-5.841	-5.712	3.195	0.071	-51.59
25/08/2004	022959.000	-5.339	-5.247	2.610	0.054	-46.40
25/08/2004	025959.000	-1.968	-2.103	-2.347	0.041	-41.99
25/08/2004	032959.000	-7.489	-7.615	-1.134	0.087	-38.29
25/08/2004	035959.000	-23.252	-24.157	-13.343	0.130	-35.72
25/08/2004	042959.000	-9.689	-9.578	3.359	0.095	-33.58
25/08/2004	045959.000	-14.649	-15.360	-11.057	0.111	-31.84
25/08/2004	052959.000	-18.443	-20.015	-26.457	0.147	-24.95
25/08/2004	055959.000	-11.737	-12.533	-13.089	0.106	4.38
25/08/2004	062959.000	-12.559	-12.686	-0.459	0.158	53.52
25/08/2004	065959.000	0.988	-0.124	-20.664	0.233	91.63
25/08/2004	072959.000	17.651	15.601	+9999	0.325	164.54
25/08/2004	075959.000	47.813	48.930	13.703	0.401	248.46
25/08/2004	082959.000	74.750	73.704	+9999	0.456	264.77
25/08/2004	085959.000	40.827	39.041	+9999	0.394	198.43
25/08/2004	092959.000	10.950	12.555	27.541	0.454	159.03
25/08/2004	095959.000	104.544	109.159	68.713	0.490	387.00
25/08/2004	102959.000	169.949	176.649	96.020	0.556	555.16
25/08/2004	105959.000	148.965	156.179	108.157	0.513	529.63
25/08/2004	112959.000	103.285	106.371	40.588	0.525	419.04
25/08/2004	115959.000	83.024	88.871	92.311	0.614	383.72
25/08/2004	122959.000	100.616	106.151	84.556	0.686	398.24
25/08/2004	125959.000	102.933	109.517	102.644	0.698	407.60
25/08/2004	132959.000	80.004	83.944	59.119	0.656	354.88
25/08/2004	135959.000	112.915	116.999	56.574	0.651	461.47
25/08/2004	142959.000	63.695	64.460	16.732	0.699	296.17
25/08/2004	145959.000	32.001	60.294	+9999	0.728	204.26
25/08/2004	152959.000	98.984	80.896	+9999	0.710	325.24
25/08/2004	155959.000	19.856	26.512	+9999	0.753	116.53
25/08/2004	162959.000	19.792	21.355	24.985	0.820	128.43
25/08/2004	165959.000	-2.273	1.030	60.568	0.740	77.17
25/08/2004	172959.000	-18.400	-13.181	97.495	0.771	41.35
25/08/2004	175959.000	-49.133	-45.123	79.739	0.713	-12.94
25/08/2004	182959.000	-56.484	-48.375	154.613	0.812	-37.35
25/08/2004	185959.000	-53.565	-54.797	-14.284	0.611	-53.17
25/08/2004	192959.000	-52.668	-46.436	120.589	0.866	-47.00
25/08/2004	195959.000	+9999	+9999	40.481	0.736	-74.81
25/08/2004	202959.000	+9999	+9999	-20.042	0.647	-84.01
25/08/2004	205959.000	-55.337	-58.038	+9999	0.688	-26.26
25/08/2004	212959.000	-52.306	-51.356	24.199	0.804	-31.41
25/08/2004	215959.000	-49.271	-51.486	-33.731	0.547	-51.76
25/08/2004	222959.000	-36.808	-35.713	25.684	0.480	-35.85
25/08/2004	225959.000	-28.432	-27.329	24.026	0.545	-27.07
25/08/2004	232959.000	-24.361	-22.677	33.083	0.608	-26.88
25/08/2004	235959.000	-11.435	-19.420	+9999	0.662	-8.90
26/08/2004	002959.000	+9999	22.155	+9999	0.442	-4.64
26/08/2004	005959.000	+9999	26.400	+9999	0.397	-6.80
26/08/2004	012959.000	+9999	22.476	+9999	0.451	-6.15
26/08/2004	015959.000	+9999	12.575	+9999	0.428	-5.02
26/08/2004	022959.000	+9999	-4.073	+9999	0.417	-7.12
26/08/2004	025959.000	+9999	12.889	+9999	0.408	-4.66
26/08/2004	032959.000	+9999	14.784	+9999	0.427	-1.90
26/08/2004	035959.000	+9999	6.696	+9999	0.447	-1.61
26/08/2004	042959.000	+9999	-14.599	+9999	0.373	-1.99
26/08/2004	045959.000	+9999	-1.743	+9999	0.414	-2.38
26/08/2004	052959.000	+9999	2.189	+9999	0.419	1.54
26/08/2004	055959.000	+9999	9.044	+9999	0.425	16.95
26/08/2004	062959.000	+9999	5.314	+9999	0.371	47.20
26/08/2004	065959.000	+9999	22.378	+9999	0.408	84.30
26/08/2004	072959.000	+9999	41.097	+9999	0.480	163.57
26/08/2004	075959.000	+9999	41.667	+9999	0.510	162.96
26/08/2004	082959.000	+9999	46.642	+9999	0.447	185.80
26/08/2004	085959.000	+9999	52.564	+9999	0.461	259.02
26/08/2004	092959.000	111.965	53.739	+9999	0.469	255.21
26/08/2004	095959.000	87.537	76.195	+9999	0.484	303.71
26/08/2004	102959.000	81.586	92.198	52.467	0.510	454.12
26/08/2004	105959.000	67.585	69.454	23.682	0.427	326.44
26/08/2004	112959.000	113.385	118.985	85.273	0.454	472.29
26/08/2004	115959.000	111.334	118.381	111.833	0.472	387.28
26/08/2004	122959.000	94.658	97.694	41.372	0.390	427.60
26/08/2004	125959.000	111.821	120.921	147.409	0.462	454.71
26/08/2004	132959.000	84.963	91.964	113.455	0.335	452.92
26/08/2004	135959.000	71.812	89.311	+9999	0.417	424.08
26/08/2004	142959.000	79.653	94.771	260.005	0.515	460.52
26/08/2004	145959.000	38.031	59.436	+9999	0.338	325.26
26/08/2004	152959.000	15.744	35.036	+9999	0.404	254.66
26/08/2004	155959.000	36.481	50.086	238.767	0.431	273.15
26/08/2004	162959.000	15.564	31.846	289.575	0.415	196.63
26/08/2004	165959.000	11.309	27.408	286.245	0.415	149.10
26/08/2004	172959.000	-12.663	-3.509	164.820	0.355	64.86
26/08/2004	175959.000	-28.107	-23.187	92.273	0.272	-2.97
26/08/2004	182959.000	-30.734	-28.934	36.852	0.203	-59.95
26/08/2004	185959.000	-7.849	-7.883	0.462	0.069	-73.52
26/08/2004	192959.000	-4.730	-4.741	0.437	0.059	-71.78
26/08/2004	195959.000	-4.504	-4.713	-2.923	0.078	-68.20
26/08/2004	202959.000	-2.874	-2.606	5.210	0.048	-64.88
26/08/2004	205959.000	-0.757	-0.820	-0.963	0.035	-63.94
26/08/2004	212959.000	-0.656	-0.689	-0.506	0.023	-63.84
26/08/2004	215959.000	-0.810	-0.873	-1.083	0.025	-63.25
26/08/2004	222959.000	-0.634	-0.729	-1.624	0.030	-63.21
26/08/2004	225959.000	-0.903	-1.069	-2.914	0.033	-61.94
26/08/2004	232959.000	-0.271	-0.287	-0.206	0.026	-59.65
26/08/2004	235959.000	-0.297	-0.264	0.719	0.030	-53.04
27/08/2004	002959.000	-0.307	-0.279	0.565	0.022	-49.04
27/08/2004	005959.000	-0.002	-0.100	-1.711	0.015	-46.83
27/08/2004	012959.000	-0.082	-0.026	0.997	0.011	-45.80
27/08/2004	015959.000	-0.041	-0.001	0.707	0.018	-45.94
27/08/2004	022959.000	0.397	0.307	-1.556	0.037	-45.01
27/08/2004	025959.000	-0.031	0.041	1.328	0.020	-41.28
27/08/2004	032959.000	-0.286	-0.191	1.819	0.027	-37.16
27/08/2004	035959.000	-2.290	-2.235	1.460	0.046	-33.13
27/08/2004	042959.000	-0.415	-0.381	0.617	0.019	-28.45
27/08/2004	045959.000	-2.958	-2.842	2.821	0.038	-25.89
27/08/2004	052959.000	0.596	0.455	-2.696	0.040	-19.86
27/08/2004	055959.000	-0.391	-0.353	0.821	0.024	7.89
27/08/2004	062959.000	0.141	-0.637	-14.521	0.059	61.66
27/08/2004	065959.000	3.990	8.967	23.835	0.109	94.67
27/08/2004	072959.000	12.058	19.431	-25.621	0.040	156.78
27/08/2004	075959.000	-9.030	34.434	+9999	0.158	240.13
27/08/2004	082959.000	48.624	65.964	+9999	0.116	315.80
27/08/2004	085959.000	96.922	100.798	39.697	0.168	382.35
27/08/2004	092959.000	104.821	111.249	101.544	0.183	445.32
27/08/2004	095959.000	117.569	124.703	111.917	0.123	501.89
27/08/2004	102959.000	162.105	177.838	260.369	0.244	581.27
27/08/2004	105959.000	175.565	191.066	253.933	0.270	696.41
27/08/2004	112959.000	95.730	115.209	+9999	0.215	496.06
27/08/2004	115959.000	71.344	88.402	296.363	0.266	518.60
27/08/2004	122959.000	95.410	118.761	+9999	0.295	526.42
27/08/2004	125959.000	101.390	127.320	+9999	0.402	630.10
27/08/2004	132959.000	125.857	148.081	+9999	0.333	575.42
27/08/2004	135959.000	127.660	158.716	+9999	0.325	485.76
27/08/2004	142959.000	84.830	111.390	+9999	0.437	507.19
27/08/2004	145959.000	71.967	91.015	+9999	0.362	393.59
27/08/2004	152959.000	84.188	104.414	+9999	0.361	391.93
27/08/2004	155959.000	68.085	83.236	261.640	0.426	327.48
27/08/2004	162959.000	43.881	56.912	225.659	0.356	235.24
27/08/2004	165959.000	17.778	24.630	119.893	0.374	135.51
27/08/2004	172959.000	-0.772	3.296	73.329	0.326	49.41
27/08/2004	175959.000	-22.752	-21.837	19.876	0.289	-12.88
27/08/2004	182959.000	-29.159	-28.808	10.506	0.203	-61.11
27/08/2004	185959.000	-9.716	-10.161	-6.682	0.086	-72.82
27/08/2004	192959.000	-3.250	-3.385	-2.060	0.043	-69.50
27/08/2004	195959.000	-0.312	-0.461	-2.663	0.026	-67.57
27/08/2004	202959.000	-2.808	-3.010	-3.197	0.042	-65.78
27/08/2004	205959.000	-4.184	-4.131	1.554	0.052	-63.70
27/08/2004	212959.000	-0.476	-0.395	1.613	0.026	-61.16
27/08/2004	215959.000	-0.611	-0.570	0.568	0.032	-60.93
27/08/2004	222959.000	-0.490	-0.534	-1.010	0.029	-58.85
27/08/2004	225959.000	-0.171	-0.141	0.708	0.019	-56.48
27/08/2004	232959.000	-0.172	-0.238	-1.041	0.019	-54.92
27/08/2004	235959.000	-0.390	-0.367	0.292	0.017	-33.67
28/08/2004	002959.000	-3.190	-3.253	-0.424	0.071	-2.02
28/08/2004	005959.000	-6.524	-6.007	10.437	0.092	-9.68
28/08/2004	012959.000	-3.902	-3.683	4.499	0.059	-47.50
28/08/2004	015959.000	-5.365	-5.347	1.203	0.090	-38.95
28/08/2004	022959.000	-5.918	-6.126	-2.801	0.143	-40.55
28/08/2004	025959.000	-7.037	-7.381	-5.293	0.138	-41.55
28/08/2004	032959.000	-8.500	-8.612	-0.861	0.144	-37.62
28/08/2004	035959.000	-5.482	-5.969	-8.094	0.123	-36.42
28/08/2004	042959.000	-7.833	-7.170	13.282	0.143	-27.62
28/08/2004	045959.000	-4.147	-4.057	2.434	0.116	-17.74
28/08/2004	052959.000	-0.897	-1.052	-2.488	0.063	-31.44
28/08/2004	055959.000	-1.127	-0.820	5.668	0.067	-18.79
28/08/2004	062959.000	3.385	3.687	4.859	0.155	21.05
28/08/2004	065959.000	12.393	14.054	28.631	0.175	72.12
28/08/2004	072959.000	25.146	26.737	24.837	0.216	98.16
28/08/2004	075959.000	23.788	26.175	41.005	0.187	155.42
28/08/2004	082959.000	36.152	40.929	80.757	0.266	196.73
28/08/2004	085959.000	53.684	60.497	116.785	0.241	347.45
28/08/2004	092959.000	84.569	93.236	144.123	0.306	411.05
28/08/2004	095959.000	61.946	73.766	205.224	0.349	419.29
28/08/2004	102959.000	52.151	57.719	93.231	0.272	349.95
28/08/2004	105959.000	80.185	91.293	188.298	0.295	398.27
28/08/2004	112959.000	49.062	59.029	172.646	0.263	312.01
28/08/2004	115959.000	82.344	94.567	208.362	0.370	503.75
28/08/2004	122959.000	154.449	176.379	+9999	0.381	603.28
28/08/2004	125959.000	147.649	172.717	+9999	0.334	609.92
28/08/2004	132959.000	53.440	73.270	+9999	0.268	366.46
28/08/2004	135959.000	74.396	98.657	+9999	0.363	429.54
28/08/2004	142959.000	80.771	104.387	+9999	0.318	461.82
28/08/2004	145959.000	85.564	108.583	+9999	0.300	426.75
28/08/2004	152959.000	66.706	85.589	+9999	0.377	358.21
28/08/2004	155959.000	51.665	62.075	178.637	0.312	286.20
28/08/2004	162959.000	49.275	58.880	164.993	0.382	218.14
28/08/2004	165959.000	26.533	39.792	233.065	0.394	134.14
28/08/2004	172959.000	-2.899	3.481	114.975	0.302	48.42
28/08/2004	175959.000	-20.796	-19.516	25.672	0.198	-36.43
28/08/2004	182959.000	-19.776	-19.954	-0.369	0.129	-54.55
28/08/2004	185959.000	-12.467	-12.706	-2.523	0.085	-66.71
28/08/2004	192959.000	-4.679	-4.736	-0.311	0.056	-66.00
28/08/2004	195959.000	-2.655	-2.565	2.061	0.046	-61.50
28/08/2004	202959.000	-1.449	-1.487	-0.482	0.035	-57.09
28/08/2004	205959.000	-0.908	-0.937	-0.460	0.026	-58.44
28/08/2004	212959.000	-0.782	-0.722	1.433	0.029	-55.32
28/08/2004	215959.000	-0.815	-0.709	1.843	0.025	-39.63
28/08/2004	222959.000	-1.011	-1.146	-2.080	0.033	-26.84
28/08/2004	225959.000	-0.358	-0.323	0.510	0.022	-41.86
28/08/2004	232959.000	-1.428	-1.548	-1.835	0.036	-47.54
28/08/2004	235959.000	-0.087	-0.373	-5.010	0.030	-42.74
29/08/2004	002959.000	-0.861	-0.984	-2.206	0.039	-53.57
29/08/2004	005959.000	-3.850	-3.988	-1.898	0.072	-31.70
29/08/2004	012959.000	-2.929	-2.781	4.099	0.052	-17.02
29/08/2004	015959.000	-14.690	-4.758	+9999	0.081	-25.98
29/08/2004	022959.000	-0.179	-1.652	+9999	0.040	-39.56
29/08/2004	025959.000	-0.821	-0.767	+9999	0.035	-45.25
29/08/2004	032959.000	-0.665	-1.149	+9999	0.034	-40.60
29/08/2004	035959.000	-1.324	-0.813	+9999	0.028	-35.40
29/08/2004	042959.000	+9999	1.300	+9999	0.033	-33.65
29/08/2004	045959.000	+9999	-0.422	+9999	0.026	-30.12
29/08/2004	052959.000	3.815	-1.170	+9999	0.036	-23.36
29/08/2004	055959.000	-1.468	-1.268	+9999	0.051	0.14
29/08/2004	062959.000	-1.526	-4.691	+9999	0.077	49.00
29/08/2004	065959.000	+9999	2.895	+9999	0.138	90.00
29/08/2004	072959.000	+9999	11.300	+9999	0.191	144.43
29/08/2004	075959.000	+9999	33.648	+9999	0.135	229.43
29/08/2004	082959.000	+9999	40.134	+9999	0.211	250.62
29/08/2004	085959.000	+9999	70.893	+9999	0.229	327.75
29/08/2004	092959.000	+9999	122.228	+9999	0.272	373.20
29/08/2004	095959.000	+9999	65.330	+9999	0.241	273.90
29/08/2004	102959.000	+9999	109.850	+9999	0.222	411.39
29/08/2004	105959.000	+9999	41.729	+9999	0.188	203.57
29/08/2004	112959.000	5.944	91.761	+9999	0.313	360.09
29/08/2004	115959.000	34.501	92.021	+9999	0.146	366.81
29/08/2004	122959.000	104.623	68.349	+9999	0.157	416.69
29/08/2004	125959.000	88.633	90.488	28.559	0.119	470.77
29/08/2004	132959.000	60.998	60.932	28.523	0.127	375.49
29/08/2004	135959.000	38.578	37.756	-2.092	0.173	251.25
29/08/2004	142959.000	16.669	15.483	-25.964	0.140	163.88
29/08/2004	145959.000	8.521	9.606	13.992	0.188	138.60
29/08/2004	152959.000	12.386	23.690	+9999	0.113	187.36
29/08/2004	155959.000	29.335	22.023	+9999	0.147	185.49
29/08/2004	162959.000	0.542	1.918	19.736	0.123	119.09
29/08/2004	165959.000	-1.967	-2.395	-21.871	0.122	80.07
29/08/2004	172959.000	-5.600	-7.681	+9999	0.117	31.35
29/08/2004	175959.000	+9999	-6.177	+9999	0.101	3.65
29/08/2004	182959.000	-9.099	-10.579	+9999	0.081	-6.10
29/08/2004	185959.000	+9999	-15.152	+9999	0.080	-11.47
29/08/2004	192959.000	-28.476	-26.419	+9999	0.185	-11.54
29/08/2004	195959.000	+9999	-34.379	+9999	0.260	-14.37
29/08/2004	202959.000	+9999	-19.934	+9999	0.325	-12.80
29/08/2004	205959.000	+9999	-23.713	+9999	0.294	-23.42
29/08/2004	212959.000	+9999	-26.497	+9999	0.259	-39.10
29/08/2004	215959.000	+9999	-23.184	+9999	0.138	-62.31
29/08/2004	222959.000	+9999	-12.461	+9999	0.097	-63.28
29/08/2004	225959.000	+9999	-12.476	+9999	0.095	-61.82
29/08/2004	232959.000	+9999	-23.920	+9999	0.145	-63.99
29/08/2004	235959.000	+9999	-36.548	+9999	0.177	-63.89
30/08/2004	002959.000	+9999	-46.346	+9999	0.237	-53.71
30/08/2004	005959.000	+9999	-22.441	+9999	0.149	-30.34
30/08/2004	012959.000	+9999	-16.146	+9999	0.128	-40.26
30/08/2004	015959.000	+9999	-9.807	+9999	0.099	-57.35
30/08/2004	022959.000	+9999	-8.687	+9999	0.103	-28.28
30/08/2004	025959.000	+9999	-19.812	+9999	0.188	-12.25
30/08/2004	032959.000	+9999	-12.553	+9999	0.157	-12.36
30/08/2004	035959.000	+9999	-7.095	+9999	0.098	-13.56
30/08/2004	042959.000	+9999	-1.996	+9999	0.048	-14.54
30/08/2004	045959.000	+9999	-3.063	+9999	0.058	-20.28
30/08/2004	052959.000	+9999	-7.333	+9999	0.087	-18.10
30/08/2004	055959.000	+9999	-4.111	+9999	0.088	-3.63
30/08/2004	062959.000	+9999	-3.381	+9999	0.103	8.48
30/08/2004	065959.000	+9999	-2.485	+9999	0.121	24.54
30/08/2004	072959.000	+9999	3.719	+9999	0.162	50.01
30/08/2004	075959.000	+9999	10.818	+9999	0.181	102.82
30/08/2004	082959.000	+9999	18.473	+9999	0.203	115.60
30/08/2004	085959.000	+9999	32.586	+9999	0.240	140.03
30/08/2004	092959.000	+9999	15.352	+9999	0.244	97.26
30/08/2004	095959.000	+9999	6.615	+9999	0.292	123.06
30/08/2004	102959.000	+9999	10.017	+9999	0.245	99.93
30/08/2004	105959.000	+9999	36.270	+9999	0.249	153.68
30/08/2004	112959.000	+9999	50.991	+9999	0.213	254.89
30/08/2004	115959.000	+9999	86.696	+9999	0.306	284.58
30/08/2004	122959.000	+9999	19.418	+9999	0.246	115.12
30/08/2004	125959.000	+9999	7.644	+9999	0.295	80.87
30/08/2004	132959.000	+9999	58.061	+9999	0.391	216.64
30/08/2004	135959.000	+9999	88.283	+9999	0.326	283.06
30/08/2004	142959.000	+9999	65.752	+9999	0.362	228.05
30/08/2004	145959.000	+9999	24.055	+9999	0.319	97.62
30/08/2004	152959.000	297.709	19.974	+9999	0.295	90.56
30/08/2004	155959.000	+9999	8.946	+9999	0.307	87.60
30/08/2004	162959.000	+9999	11.669	+9999	0.302	79.05
30/08/2004	165959.000	214.257	-1.485	+9999	0.315	39.74
30/08/2004	172959.000	171.510	-11.758	+9999	0.251	7.19
30/08/2004	175959.000	-16.910	-18.809	+9999	0.216	-5.07
30/08/2004	182959.000	-15.376	-18.721	+9999	0.210	-11.25
30/08/2004	185959.000	+9999	-12.130	+9999	0.142	-10.91
30/08/2004	192959.000	-8.241	-12.383	+9999	0.127	-8.94
30/08/2004	195959.000	-27.008	-12.404	+9999	0.114	-7.57
30/08/2004	202959.000	+9999	-22.365	+9999	0.160	-9.87
30/08/2004	205959.000	+9999	-21.260	+9999	0.162	-10.37
30/08/2004	212959.000	+9999	-23.924	+9999	0.179	-10.32
30/08/2004	215959.000	-22.874	-25.083	+9999	0.177	-9.99
30/08/2004	222959.000	+9999	-13.323	+9999	0.107	-9.37
30/08/2004	225959.000	+9999	-22.082	+9999	0.177	-9.65
30/08/2004	232959.000	+9999	-22.055	+9999	0.173	-11.01
30/08/2004	235959.000	+9999	-29.401	+9999	0.259	-12.86
31/08/2004	002959.000	+9999	-30.225	+9999	0.325	-14.00
31/08/2004	005959.000	41.102	-27.222	+9999	0.305	-13.24
31/08/2004	012959.000	-29.102	-23.746	38.087	0.315	-16.67
31/08/2004	015959.000	-12.918	-14.349	32.627	0.276	-18.25
31/08/2004	022959.000	-9.418	-10.454	-16.975	0.329	-11.94
31/08/2004	025959.000	-9.097	-9.463	-4.933	0.374	-12.94
31/08/2004	032959.000	0.417	-0.199	-9.814	0.339	-13.00
31/08/2004	035959.000	8.690	7.470	-24.215	0.290	-13.13
31/08/2004	042959.000	6.006	7.028	18.185	0.243	-15.14
31/08/2004	045959.000	3.084	4.447	23.873	0.212	-12.08
31/08/2004	052959.000	1.456	2.923	26.690	0.191	-11.17
31/08/2004	055959.000	2.941	5.616	49.432	0.197	-7.30
31/08/2004	062959.000	8.827	11.789	52.831	0.240	1.93
31/08/2004	065959.000	20.991	24.215	55.974	0.274	55.01
31/08/2004	072959.000	28.661	32.153	59.506	0.256	117.14
31/08/2004	075959.000	50.287	58.053	134.859	0.268	186.77
31/08/2004	082959.000	67.877	81.944	246.637	0.275	312.12
31/08/2004	085959.000	72.372	92.460	+9999	0.275	336.87
31/08/2004	092959.000	47.006	65.189	+9999	0.288	324.47
31/08/2004	095959.000	84.777	110.591	+9999	0.331	448.21
31/08/2004	102959.000	109.515	135.815	+9999	0.328	523.35
31/08/2004	105959.000	125.674	157.776	+9999	0.345	559.16
31/08/2004	112959.000	119.698	150.179	+9999	0.397	587.37
31/08/2004	115959.000	120.242	158.296	+9999	0.396	585.92
31/08/2004	122959.000	110.968	157.240	+9999	0.320	589.57
31/08/2004	125959.000	96.530	153.171	+9999	0.435	576.12
31/08/2004	132959.000	86.223	144.355	+9999	0.429	553.65
31/08/2004	135959.000	105.665	161.491	+9999	0.440	516.91
31/08/2004	142959.000	88.524	129.697	+9999	0.304	468.25
31/08/2004	145959.000	59.370	94.170	+9999	0.320	412.46
31/08/2004	152959.000	50.357	83.109	+9999	0.378	347.71
31/08/2004	155959.000	29.642	62.999	+9999	0.338	273.42
31/08/2004	162959.000	1.047	25.352	+9999	0.273	191.66
31/08/2004	165959.000	-33.652	-0.322	+9999	0.313	117.93
31/08/2004	172959.000	-32.127	-17.257	267.901	0.222	42.77
31/08/2004	175959.000	-24.669	-17.631	128.799	0.171	-21.18
31/08/2004	182959.000	-9.434	-8.398	19.927	0.059	4.23
31/08/2004	185959.000	0.800	0.510	-5.284	0.025	-6.53
31/08/2004	192959.000	-6.821	-6.406	8.146	0.052	-6.90
31/08/2004	195959.000	-6.150	-6.093	2.068	0.055	-7.58
31/08/2004	202959.000	-7.271	-6.759	10.294	0.066	-8.38
31/08/2004	205959.000	-3.989	-4.066	-0.866	0.058	-5.66
31/08/2004	212959.000	4.762	4.998	3.500	0.081	-4.28
31/08/2004	215959.000	-1.942	-1.990	-0.576	0.049	-1.96
31/08/2004	222959.000	-2.101	-1.947	2.977	0.066	-1.64
31/08/2004	225959.000	-2.510	-2.383	2.452	0.041	-2.59
31/08/2004	232959.000	-2.803	-2.734	1.485	0.061	-2.92
31/08/2004	235959.000	-1.128	-1.031	1.958	0.036	-2.38
