#### 	 Vertical City Weather Generator (VCWG)  	 #### 
# Sensible heat fluxes at the surfaces 
# 0:time [hr] 1:HfluxRoofImp [W m^-2] 2:HfluxRoofVeg [W m^-2] 3:HfluxRoof [W m^-2] 4:HfluxGroundImp [W m^-2] 5:HfluxGroundBare [W m^-2] 6:HfluxGroundVeg [W m^-2] 7:HfluxGround [W m^-2] 8:HfluxTree [W m^-2] 9:HfluxWallSun [W m^-2] 10:HfluxWallShade [W m^-2] 11:HfluxCanyon [W m^-2] 12:HfluxRural [W m^-2] 13:HfluxUrban [W m^-2] 
0 -29.737922 nan -29.737922 0.791849 nan 19.983448 2.711009 -8.490699 -13.416469 -13.416469 -81.184088 nan -54.373097
1 -32.821029 nan -32.821029 -0.787879 nan 12.259463 0.516855 -11.755449 -13.260548 -13.260548 -83.748612 nan -57.218182
2 -26.074287 nan -26.074287 -0.799687 nan 13.320364 0.612318 -10.745697 -12.241629 -12.241629 -77.135736 nan -50.435988
3 -22.528347 nan -22.528347 -0.804942 nan 13.644406 0.639993 -9.059837 -11.750170 -11.750170 -73.484960 nan -46.791586
4 -14.658861 nan -14.658861 -0.771418 nan 10.872833 0.393007 -5.587291 -7.693932 -7.693932 -48.005499 nan -30.536189
5 -8.258186 nan -8.258186 -0.266037 nan 12.078050 0.968372 -0.227819 0.951975 0.951975 6.589091 nan -1.423709
6 60.090198 nan 60.090198 6.885843 nan 23.250143 8.522273 6.023140 14.186312 14.186312 96.049401 nan 77.746857
7 198.059064 nan 198.059064 5.446002 nan 12.345883 6.135990 3.706903 17.097495 17.097495 110.203719 nan 159.692614
8 395.260745 nan 395.260745 -0.009640 nan -0.094550 -0.018131 13.059568 56.218249 56.218249 342.515191 nan 376.443733
9 777.836962 nan 777.836962 0.032173 nan -0.512562 -0.022301 49.208696 113.636804 113.636804 701.482001 nan 753.639721
10 890.490376 nan 890.490376 73.971899 nan -66.530519 59.921657 87.847357 138.521111 138.521111 926.187266 nan 919.628508
11 1085.835212 nan 1085.835212 103.956358 nan -82.262533 85.334469 126.114702 165.398608 165.398608 1128.171999 nan 1120.574042
12 1138.821848 nan 1138.821848 18.925004 nan -50.477901 11.984714 93.020400 172.415168 172.415168 1083.683884 nan 1129.771500
13 1048.801797 nan 1048.801797 23.599068 nan -47.130699 16.526091 78.847067 157.058489 157.058489 990.415850 nan 1036.827491
14 941.883575 nan 941.883575 56.959973 nan -21.897430 49.074233 51.029645 131.917677 131.917677 860.992152 nan 917.292825
15 586.614343 nan 586.614343 38.501788 nan -13.716960 33.279913 10.291642 78.170399 78.170399 506.418965 nan 557.305723
16 344.248729 nan 344.248729 49.325234 nan 12.884744 45.681185 -1.757768 31.255430 31.255430 232.510658 nan 296.293707
17 128.451493 nan 128.451493 50.445887 nan 34.996060 48.900904 -9.435665 15.054875 15.054875 135.455886 nan 132.969622
18 5.228926 nan 5.228926 39.002441 nan 37.889953 38.891192 -10.567763 2.423233 2.423233 49.203485 nan 25.399228
19 -8.272451 nan -8.272451 20.613334 nan 24.036694 20.955670 -9.233515 -8.579121 -8.579121 -34.212460 nan -20.876861
20 -5.112414 nan -5.112414 19.558628 nan 29.422333 20.544999 -9.925205 -14.387867 -14.387867 -69.752286 nan -35.838254
21 -3.089987 nan -3.089987 15.079653 nan 29.668628 16.538551 -8.523828 -15.654159 -15.654159 -80.795933 nan -39.864973
22 -1.175463 nan -1.175463 11.875532 nan 29.785691 13.666548 -5.385402 -15.064620 -15.064620 -78.875335 nan -37.882681
23 -0.089754 nan -0.089754 8.278295 nan 28.969412 10.347407 -4.013282 -14.204033 -14.204033 -76.482102 nan -36.119418
24 -12.776695 nan -12.776695 3.181975 nan 23.984982 5.262276 -12.135933 -16.316051 -16.316051 -97.488405 nan -52.809426
25 -1.504786 nan -1.504786 3.024129 nan 25.195319 5.241248 -8.192166 -15.080532 -15.080532 -88.518812 nan -42.457364
26 -0.285685 nan -0.285685 2.626433 nan 27.536449 5.117434 -3.360364 -13.264530 -13.264530 -75.813892 nan -35.834774
27 -0.494725 nan -0.494725 0.158640 nan 23.091393 2.451915 -3.074538 -13.852267 -13.852267 -81.891502 nan -38.763737
28 -0.245802 nan -0.245802 -1.000676 nan 13.897487 0.489141 -1.967667 -11.926876 -11.926876 -71.859184 nan -33.888756
29 -0.050128 nan -0.050128 -0.720431 nan 12.044480 0.556060 -3.977826 -8.418768 -8.418768 -51.547681 nan -24.237914
30 -2.618384 nan -2.618384 -0.215967 nan 0.523164 -0.142054 -11.352399 -9.145122 -9.145122 -59.553746 nan -29.370750
31 92.023218 nan 92.023218 -0.032481 nan 0.035984 -0.025635 -1.394837 4.411574 4.411574 25.885875 nan 62.356770
32 345.708000 nan 345.708000 -0.416100 nan -0.508690 -0.425359 5.222361 54.123167 54.123167 326.402589 nan 341.872092
33 627.638949 nan 627.638949 -0.717718 nan -1.157419 -0.761688 23.220671 104.498166 104.498166 635.515578 nan 640.803507
34 887.774505 nan 887.774505 51.392778 nan -79.197742 38.333726 120.259389 143.161757 143.161757 945.408021 nan 927.423570
35 1057.782304 nan 1057.782304 80.090885 nan -101.900639 61.891732 125.571149 165.366182 165.366182 1104.317281 nan 1094.424478
36 1095.244310 nan 1095.244310 14.463817 nan -57.381691 7.279266 102.338075 175.351024 175.351024 1100.320638 nan 1113.864872
37 1033.983323 nan 1033.983323 15.751391 nan -55.336405 8.642611 91.190859 159.520220 159.520220 1002.240273 nan 1034.388105
38 815.925476 nan 815.925476 19.943582 nan -52.372750 12.711949 56.951966 124.052891 124.052891 779.810083 nan 810.994022
39 530.162931 nan 530.162931 29.332088 nan -43.032138 22.095666 12.190623 81.021277 81.021277 513.099574 nan 529.816760
40 282.975939 nan 282.975939 42.129432 nan -22.153673 35.701121 -3.742121 41.661930 41.661930 284.175853 nan 287.295195
41 108.412523 nan 108.412523 38.026714 nan -7.563999 33.467643 -11.162462 23.646204 23.646204 170.879880 nan 138.915841
42 9.200941 nan 9.200941 32.442150 nan 0.308364 29.228771 -11.589383 8.516433 8.516433 75.691618 nan 40.156054
43 -6.557553 nan -6.557553 24.532474 nan 3.156846 22.394911 -8.486449 -6.709491 -6.709491 -21.256616 nan -13.879759
44 -5.217271 nan -5.217271 30.397379 nan 15.396977 28.897339 -9.793274 -12.839493 -12.839493 -52.056927 nan -27.710862
45 -14.133466 nan -14.133466 32.923975 nan 23.855737 32.017152 -7.811083 -13.085730 -13.085730 -49.621663 nan -31.482480
46 -21.159920 nan -21.159920 31.651837 nan 28.061884 31.292841 -7.670086 -9.868719 -9.868719 -30.987508 nan -26.552053
47 -23.909769 nan -23.909769 31.199015 nan 31.139430 31.193057 -7.323991 -8.374158 -8.374158 -21.981488 nan -23.821198
48 -23.935849 nan -23.935849 24.469374 nan 32.766119 25.299048 -5.826350 -9.359159 -9.359159 -33.186448 nan -29.012686
49 -15.805477 nan -15.805477 12.390015 nan 23.205133 13.471527 -5.098640 -9.488120 -9.488120 -45.496650 nan -30.182561
50 -27.320201 nan -27.320201 19.670692 nan 33.440634 21.047686 -7.095754 -8.871385 -8.871385 -35.018926 nan -31.651914
51 -26.641548 nan -26.641548 28.378377 nan 42.096570 29.750196 -6.791232 -8.860823 -8.860823 -26.131234 nan -27.239812
52 -18.118335 nan -18.118335 27.759893 nan 41.596339 29.143538 -5.070254 -5.139341 -5.139341 -3.720607 nan -12.059563
53 -3.856435 nan -3.856435 31.218737 nan 41.803328 32.277196 -0.386094 6.659250 6.659250 72.078258 nan 31.263317
54 62.730142 nan 62.730142 26.509241 nan 33.369967 27.195313 8.475727 21.053720 21.053720 156.907924 nan 107.483020
55 163.377711 nan 163.377711 15.885447 nan 20.709292 16.367831 17.069760 35.084474 35.084474 233.702582 nan 198.595131
56 303.870011 nan 303.870011 -0.382567 nan 0.059564 -0.338354 17.155009 59.485684 59.485684 363.437755 nan 336.416430
57 391.818657 nan 391.818657 -1.316108 nan -0.309778 -1.215475 19.541839 73.897589 73.897589 449.986795 nan 425.047744
58 527.045257 nan 527.045257 -1.740081 nan -0.745647 -1.640637 41.566377 97.172135 97.172135 598.018723 nan 568.290905
59 658.220314 nan 658.220314 -0.599016 nan -1.179625 -0.657077 48.367813 116.863221 116.863221 719.869375 nan 697.042427
60 872.283723 nan 872.283723 -0.446727 nan -1.270417 -0.529096 51.274869 142.766867 142.766867 876.582051 nan 887.402769
61 842.447744 nan 842.447744 -0.037874 nan -1.011839 -0.135270 41.643010 131.800728 131.800728 807.326303 nan 838.616766
62 690.377620 nan 690.377620 11.843871 nan -29.328805 7.726603 31.012067 111.528339 111.528339 689.301462 nan 700.140168
63 524.654693 nan 524.654693 30.918347 nan -16.570506 26.169462 19.037054 75.606638 75.606638 487.424113 nan 514.674259
64 328.869113 nan 328.869113 47.141014 nan 11.661422 43.593054 7.613726 36.213595 36.213595 263.920113 nan 302.666671
65 148.939466 nan 148.939466 52.638586 nan 35.798423 50.954570 4.614201 24.117525 24.117525 197.505399 nan 173.224172
66 58.706238 nan 58.706238 50.865200 nan 48.919674 50.670648 5.797914 17.365570 17.365570 157.183233 nan 105.068280
67 2.207228 nan 2.207228 43.764867 nan 52.044794 44.592860 1.001512 5.206150 5.206150 76.230364 nan 36.331036
68 -11.796077 nan -11.796077 25.069701 nan 34.756423 26.038373 -6.279958 -5.927113 -5.927113 -12.036287 nan -12.466928
69 -11.530101 nan -11.530101 21.869550 nan 36.521788 23.334774 -5.919761 -9.131021 -9.131021 -33.819260 nan -22.513156
70 -11.886639 nan -11.886639 16.763820 nan 33.860708 18.473509 -5.750526 -7.892341 -7.892341 -31.180747 nan -21.395085
71 -12.390671 nan -12.390671 13.398307 nan 31.484682 15.206945 -5.064013 -7.301719 -7.301719 -30.628973 nan -21.363015
72 -14.016698 nan -14.016698 12.845114 nan 31.682493 14.728852 -4.654226 -6.903603 -6.903603 -28.554457 nan -21.269295
73 -14.143369 nan -14.143369 13.515627 nan 32.038952 15.367960 -4.312666 -5.525371 -5.525371 -19.509331 nan -17.100431
74 -24.939636 nan -24.939636 23.249174 nan 55.829658 26.507223 -13.366392 -4.805522 -4.805522 -7.672465 nan -17.576393
75 -20.042254 nan -20.042254 19.563497 nan 50.610931 22.668240 -6.410063 -2.857950 -2.857950 2.956515 nan -9.871391
76 -16.324386 nan -16.324386 13.544261 nan 41.784872 16.368322 -5.793822 -0.526055 -0.526055 10.894462 nan -4.021074
77 -1.552182 nan -1.552182 4.524096 nan 27.384681 6.810154 -4.417812 5.734276 5.734276 39.448685 nan 17.589809
78 30.963022 nan 30.963022 -0.271938 nan 0.460791 -0.198665 -1.593098 12.693942 12.693942 75.327750 nan 52.277009
79 99.976929 nan 99.976929 -0.725673 nan 0.156657 -0.637440 2.375060 25.324660 25.324660 152.260541 nan 126.053086
80 226.859916 nan 226.859916 -0.811485 nan -0.149486 -0.745285 8.891830 45.899126 45.899126 278.206206 nan 254.404120
81 350.500934 nan 350.500934 -0.396160 nan -0.279958 -0.384540 21.626973 68.650918 68.650918 420.171758 nan 388.489127
82 498.078900 nan 498.078900 -0.726861 nan -0.618524 -0.716027 37.736502 97.337795 97.337795 598.405346 nan 552.667944
83 518.252273 nan 518.252273 0.018924 nan -0.749858 -0.057954 38.152450 104.588541 104.588541 642.734273 nan 584.481785
84 583.752200 nan 583.752200 -0.080775 nan -0.765463 -0.149244 34.913033 116.299769 116.299769 711.614581 nan 652.571127
85 574.292132 nan 574.292132 1.826548 nan -11.522941 0.491599 30.320038 106.700439 106.700439 652.822250 nan 619.797935
86 484.585305 nan 484.585305 14.834265 nan -19.797954 11.371043 25.174824 89.163601 89.163601 556.422578 nan 525.435937
87 455.168129 nan 455.168129 33.097077 nan -2.429194 29.544450 29.182343 71.947198 71.947198 472.900575 nan 469.875104
88 241.161367 nan 241.161367 23.866018 nan 4.593665 21.938783 6.736340 42.368376 42.368376 278.843578 nan 262.165811
89 123.333602 nan 123.333602 21.712628 nan 19.664454 21.507811 4.068911 27.619793 27.619793 188.854134 nan 155.641348
90 34.680802 nan 34.680802 9.781655 nan 14.116192 10.215108 -5.333401 13.964115 13.964115 91.866435 nan 61.924342
91 -7.114547 nan -7.114547 11.893280 nan 19.800403 12.683993 -7.154973 0.532875 0.532875 13.019254 nan 2.059606
92 -13.613552 nan -13.613552 16.131288 nan 25.354213 17.053581 -6.640593 -4.226453 -4.226453 -10.961377 nan -12.816389
93 -7.878569 nan -7.878569 15.423196 nan 22.549412 16.135818 -4.188277 -3.810349 -3.810349 -8.401588 nan -8.477930
94 -10.715983 nan -10.715983 18.645651 nan 26.826415 19.463727 -6.310208 -6.886669 -6.886669 -24.380372 nan -17.576076
95 -13.038148 nan -13.038148 20.982044 nan 32.354517 22.119291 -6.539743 -9.976279 -9.976279 -40.354282 nan -26.385288
96 -16.503499 nan -16.503499 16.967405 nan 32.287306 18.499395 -6.388292 -10.149904 -10.149904 -44.955345 nan -30.382105
97 -19.565005 nan -19.565005 11.787033 nan 29.898732 13.598203 -5.161065 -9.440069 -9.440069 -45.106639 nan -32.051794
98 -17.325925 nan -17.325925 5.278450 nan 23.492073 7.099813 -5.254508 -7.442493 -7.442493 -39.656948 nan -28.172087
99 -16.499545 nan -16.499545 -0.096449 nan 0.200351 -0.066769 -4.978089 -8.534299 -8.534299 -53.263801 nan -34.004518
100 -16.113050 nan -16.113050 -0.176564 nan 0.137695 -0.145138 -2.880753 -5.648721 -5.648721 -35.189764 nan -25.308279
101 -15.924244 nan -15.924244 -0.177605 nan 0.283934 -0.131451 -8.599597 -62.868211 -62.868211 -380.780554 nan -187.514584
102 -1.632658 nan -1.632658 -0.272450 nan 0.485131 -0.196692 -1.955237 -46.771702 -46.771702 -281.609001 nan -133.153715
103 -3.169032 nan -3.169032 -0.335734 nan 0.427650 -0.259395 -0.531916 -43.647800 -43.647800 -262.358961 nan -124.952552
104 -3.521351 nan -3.521351 -0.307702 nan 0.378048 -0.239127 -0.110956 -41.373256 -41.373256 -248.523042 nan -118.647365
105 -3.684325 nan -3.684325 -0.271579 nan 0.342654 -0.210156 1.234203 -39.748051 -39.748051 -238.204778 nan -113.893502
106 16.167668 nan 16.167668 -0.367238 nan -0.036540 -0.334169 9.024954 16.826287 16.826287 104.233537 nan 57.760089
107 104.929564 nan 104.929564 -1.283756 nan -1.422837 -1.297664 30.214618 39.940181 39.940181 250.429269 nan 174.806590
108 346.957544 nan 346.957544 -0.961317 nan -1.207537 -0.985939 15.221215 82.017258 82.017258 497.206094 nan 422.763804
109 -0.227479 nan -0.227479 86.615769 nan 75.354986 85.489690 2.076355 -46.781318 -46.781318 -194.367674 nan -92.718319
110 -1.296471 nan -1.296471 -0.183370 nan 0.436804 -0.121353 0.610190 -45.577516 -45.577516 -273.342370 nan -129.094890
111 -41.929224 nan -41.929224 -3.801494 nan -0.973567 -3.518701 -83.798022 -79.636185 -79.636185 -514.855019 nan -264.439868
112 0.259922 nan 0.259922 -0.255373 nan -0.128011 -0.242636 0.539930 4.291936 4.291936 25.724951 nan 12.227075
113 18.879541 nan 18.879541 -0.687657 nan -0.486296 -0.667520 -9.146565 8.211529 8.211529 44.943026 nan 31.439822
114 1.457430 nan 1.457430 -0.484549 nan -0.279875 -0.464082 -13.464514 5.153147 5.153147 25.068992 nan 12.609464
115 -15.389415 nan -15.389415 -0.345573 nan -0.051344 -0.316151 -18.715562 0.037778 0.037778 -7.575705 nan -11.902351
116 -16.104404 nan -16.104404 -0.026031 nan 0.074484 -0.015980 -9.435734 -5.089394 -5.089394 -34.326637 nan -24.884221
117 -12.189769 nan -12.189769 -0.043729 nan 0.110644 -0.028292 -4.672569 -7.123655 -7.123655 -44.639251 nan -27.604130
118 -8.271678 nan -8.271678 -0.068668 nan 0.121654 -0.049636 -4.497663 -6.441658 -6.441658 -40.498650 nan -23.522262
119 -5.928640 nan -5.928640 -0.071121 nan 0.136626 -0.050347 -3.453177 -7.988025 -7.988025 -49.359768 nan -26.408803
120 -1.339497 nan -1.339497 -0.074831 nan 0.148332 -0.052515 -2.439341 -6.523198 -6.523198 -40.167438 nan -19.590449
121 -3.406228 nan -3.406228 -0.057102 nan 0.155654 -0.035826 -2.553834 -8.101005 -8.101005 -49.663390 nan -25.177953
122 -7.716100 nan -7.716100 -0.101799 nan 0.126644 -0.078955 -6.401536 -8.707416 -8.707416 -54.884063 nan -29.970945
123 -0.387641 nan -0.387641 -0.075775 nan 0.160155 -0.052182 -1.486083 -7.398347 -7.398347 -45.036700 nan -21.360649
124 -0.102438 nan -0.102438 -0.054040 nan 0.179501 -0.030686 -0.858178 -4.463629 -4.463629 -27.155734 nan -12.808296
125 -0.337380 nan -0.337380 -0.097430 nan 0.099873 -0.077700 1.407225 2.354799 2.354799 14.613987 nan 6.677886
126 15.103171 nan 15.103171 -0.269666 nan 0.064222 -0.236278 1.557840 10.907443 10.907443 65.831517 nan 39.158761
127 123.321912 nan 123.321912 -0.718668 nan -0.108866 -0.657688 8.294404 21.733599 21.733599 133.061671 nan 129.755018
128 286.002485 nan 286.002485 -0.312757 nan -0.320045 -0.313486 5.718335 53.220027 53.220027 321.294011 nan 306.903066
129 456.604556 nan 456.604556 -0.403101 nan -0.697175 -0.432508 20.239183 85.577237 85.577237 521.126588 nan 493.786099
130 685.031938 nan 685.031938 14.566839 nan -37.301878 9.379967 59.916702 122.110475 122.110475 766.009496 nan 733.158750
131 959.194600 nan 959.194600 18.726133 nan -55.013235 11.352197 59.410950 153.513937 153.513937 956.200198 nan 972.005360
132 911.062229 nan 911.062229 -0.152390 nan -1.207817 -0.257933 41.172081 141.509422 141.509422 865.267433 nan 903.260622
133 771.782137 nan 771.782137 -0.006610 nan -0.970489 -0.102998 36.876553 124.313753 124.313753 760.530142 nan 778.102941
134 652.459503 nan 652.459503 9.987581 nan -27.829575 6.205865 31.750525 108.821353 108.821353 671.834193 nan 671.274487
135 521.694376 nan 521.694376 30.113058 nan -30.223953 24.079357 23.514371 83.365804 83.365804 533.679929 nan 534.806571
136 354.967049 nan 354.967049 40.654304 nan -8.927965 35.696077 9.314610 48.469907 48.469907 330.241361 nan 348.168326
137 162.970901 nan 162.970901 45.395593 nan 10.421738 41.898208 -0.282416 25.715638 25.715638 196.079070 nan 180.356827
138 10.117578 nan 10.117578 38.816224 nan 19.581883 36.892790 -8.267479 6.011755 6.011755 69.656326 nan 37.697105
139 -5.129512 nan -5.129512 28.335361 nan 16.787822 27.180607 -7.463473 -6.864774 -6.864774 -16.993425 nan -11.173410
140 -0.710659 nan -0.710659 34.975508 nan 27.983309 34.276288 -5.724807 -12.031069 -12.031069 -40.200048 nan -19.774932
141 -1.125477 nan -1.125477 33.139851 nan 31.793668 33.005232 -6.926897 -16.071798 -16.071798 -66.196316 nan -32.189392
142 -0.100468 nan -0.100468 42.302438 nan 41.441845 42.216379 -2.161879 -11.426024 -11.426024 -27.204520 nan -13.467083
143 -0.240296 nan -0.240296 47.651468 nan 50.892962 47.975617 -2.170772 -11.457096 -11.457096 -21.635267 nan -11.014731
144 -4.520930 nan -4.520930 43.916296 nan 53.964883 44.921155 -5.636990 -15.626452 -15.626452 -51.092353 nan -27.130843
145 -4.408459 nan -4.408459 40.734245 nan 50.293043 41.690125 -4.707945 -13.589761 -13.589761 -41.731617 nan -22.626083
146 -2.758040 nan -2.758040 40.383668 nan 50.498425 41.395144 -4.045499 -12.642540 -12.642540 -36.078296 nan -19.067644
147 -0.202348 nan -0.202348 44.540648 nan 53.586807 45.445264 -1.797716 -9.426536 -9.426536 -11.833036 nan -6.352520
148 -0.321059 nan -0.321059 47.889490 nan 57.739845 48.874525 -0.756627 -7.406965 -7.406965 4.130083 nan 1.026075
149 -0.096201 nan -0.096201 32.473664 nan 43.875800 33.613878 0.417047 -4.296661 -4.296661 8.000733 nan 3.195134
150 1.423669 nan 1.423669 14.862233 nan 19.780582 15.354068 4.396163 3.583422 3.583422 38.613066 nan 18.669692
151 164.467053 nan 164.467053 5.522655 nan 4.041438 5.374533 9.830487 20.017980 20.017980 129.414610 nan 150.389688
152 398.577569 nan 398.577569 -0.216499 nan -0.497072 -0.244556 19.177219 63.658038 63.658038 389.374558 nan 400.251212
153 695.853458 nan 695.853458 -0.598920 nan -1.157542 -0.654782 31.070317 109.551277 109.551277 669.081009 nan 693.756353
154 896.995261 nan 896.995261 15.007195 nan -56.002993 7.906176 77.660147 141.304318 141.304318 886.796142 nan 905.487546
155 1009.878266 nan 1009.878266 56.833778 nan -96.435928 41.506808 109.526253 160.890815 160.890815 1050.662197 nan 1043.441132
156 1070.567808 nan 1070.567808 1.300378 nan -11.372899 0.033051 80.675247 168.607120 168.607120 1043.945872 nan 1074.088213
157 998.403268 nan 998.403268 3.925770 nan -28.886821 0.644511 62.393893 154.356196 154.356196 951.739246 nan 991.451617
158 821.152358 nan 821.152358 17.145432 nan -54.530382 9.977851 35.369302 125.137886 125.137886 774.952886 nan 811.657385
159 597.759411 nan 597.759411 32.407453 nan -46.010186 24.565689 17.435379 85.084789 85.084789 542.048576 nan 580.234687
160 360.861326 nan 360.861326 48.857443 nan -20.194251 41.952274 3.874622 40.813474 40.813474 288.382969 nan 331.641024
161 132.676756 nan 132.676756 55.598121 nan 6.347827 50.673092 -5.223508 18.199592 18.199592 157.781241 nan 145.723399
162 2.509615 nan 2.509615 42.470835 nan 12.476689 39.471421 -9.485058 3.250925 3.250925 55.182945 nan 26.713085
163 -1.480228 nan -1.480228 28.883737 nan 8.418005 26.837163 -7.213810 -8.158312 -8.158312 -24.998235 nan -12.938128
164 -0.679763 nan -0.679763 31.154147 nan 16.767272 29.715459 -8.055659 -14.944443 -14.944443 -63.173461 nan -30.473868
165 -0.102747 nan -0.102747 38.638110 nan 27.318734 37.506173 -2.474152 -12.183239 -12.183239 -36.582922 nan -17.801209
166 -0.381960 nan -0.381960 41.121212 nan 35.934862 40.602577 -2.427764 -12.325091 -12.325091 -34.319074 nan -16.937212
167 -0.948318 nan -0.948318 40.374434 nan 40.235067 40.360498 -2.304756 -11.902614 -11.902614 -31.977087 nan -16.142740
168 -12.029081 nan -12.029081 29.704998 nan 35.356453 30.270144 -6.639901 -16.811710 -16.811710 -73.256076 nan -41.412015
169 -14.504459 nan -14.504459 25.025782 nan 31.131670 25.636371 -7.819214 -14.333920 -14.333920 -63.494833 nan -38.104328
170 -7.364055 nan -7.364055 24.265318 nan 30.697340 24.908520 -6.600946 -13.135401 -13.135401 -56.544262 nan -30.936825
171 -0.621567 nan -0.621567 27.334984 nan 33.572951 27.958780 -3.083340 -11.358748 -11.358748 -41.427041 nan -20.213335
172 -0.266018 nan -0.266018 30.920715 nan 37.721685 31.600812 -0.774269 -7.369223 -7.369223 -12.924235 nan -6.692498
173 -1.320753 nan -1.320753 18.009034 nan 24.413591 18.649490 -1.047007 -4.180872 -4.180872 -6.854547 nan -4.220000
174 -0.571607 nan -0.571607 5.055031 nan 4.960138 5.045542 -0.301492 0.170516 0.170516 5.948038 nan 2.406273
175 116.664438 nan 116.664438 0.125300 nan -0.926023 0.020167 0.667165 11.529790 11.529790 69.465772 nan 96.261088
176 410.227447 nan 410.227447 -0.200189 nan -1.255479 -0.305718 36.813314 67.979148 67.979148 422.294496 nan 422.026259
177 680.408881 nan 680.408881 -0.565118 nan -1.317337 -0.640340 30.423798 110.397893 110.397893 673.916535 nan 687.604618
178 912.113595 nan 912.113595 44.886466 nan -85.800888 31.817730 106.491030 145.633450 145.633450 948.214842 nan 942.149898
179 1121.805427 nan 1121.805427 71.962969 nan -115.811401 53.185532 123.440318 168.565811 168.565811 1113.956525 nan 1134.010783
180 1118.671131 nan 1118.671131 0.180626 nan -1.751616 -0.012598 88.577409 171.447955 171.447955 1064.106093 nan 1109.777118
181 936.024410 nan 936.024410 10.427327 nan -53.358291 4.048765 73.608149 151.722076 151.722076 943.824482 nan 953.630479
182 712.724892 nan 712.724892 33.399225 nan -62.462269 23.813075 38.851767 123.759914 123.759914 781.913266 nan 755.566333
183 551.447826 nan 551.447826 45.838650 nan -42.962614 36.958524 20.295933 86.261621 86.261621 562.646622 nan 564.453957
184 328.128636 nan 328.128636 48.592000 nan -20.765645 41.656235 1.052943 38.531988 38.531988 273.269339 nan 306.699329
185 114.281320 nan 114.281320 39.991698 nan -8.431418 35.149387 -11.139084 14.064812 14.064812 115.082622 nan 115.883662
186 0.819221 nan 0.819221 29.036427 nan -4.469235 25.685861 -10.774153 1.275039 1.275039 29.026432 nan 13.717414
187 -0.012000 nan -0.012000 23.599747 nan -0.823176 21.157455 -5.612914 -8.627466 -8.627466 -32.852508 nan -15.744230
188 -0.005822 nan -0.005822 35.389789 nan 13.607062 33.211516 -2.203744 -12.120869 -12.120869 -40.395194 nan -19.474538
189 -0.031151 nan -0.031151 39.876324 nan 24.910826 38.379774 -2.198599 -12.490485 -12.490485 -37.442573 nan -18.179836
190 -0.061835 nan -0.061835 39.719392 nan 30.837360 38.831189 -2.111312 -12.168513 -12.168513 -35.024416 nan -17.067823
191 -0.105084 nan -0.105084 39.540714 nan 35.479891 39.134632 -2.054975 -12.234818 -12.234818 -35.096266 nan -17.129895
192 -3.449865 nan -3.449865 38.634466 nan 39.480845 38.719104 -2.640767 -13.412832 -13.412832 -42.814193 nan -22.571692
193 -0.327973 nan -0.327973 36.586759 nan 39.460383 36.874121 -1.951297 -10.604840 -10.604840 -27.535437 nan -13.666174
194 -0.649478 nan -0.649478 37.154784 nan 43.274686 37.766774 -2.038793 -10.676199 -10.676199 -27.105939 nan -13.653120
195 -0.468612 nan -0.468612 37.010258 nan 45.917219 37.900954 -1.963067 -10.713475 -10.713475 -27.165125 nan -13.584482
196 -0.359924 nan -0.359924 34.541161 nan 44.466719 35.533716 -0.781561 -8.191465 -8.191465 -13.927696 nan -7.274614
197 -0.155375 nan -0.155375 22.733757 nan 31.984581 23.658840 0.212619 -4.721061 -4.721061 -4.582476 nan -2.596108
198 -2.495907 nan -2.495907 6.031138 nan 7.805750 6.208599 -3.861585 0.756854 0.756854 9.205090 nan 2.877491
199 103.857907 nan 103.857907 1.424724 nan -1.048441 1.177408 3.113575 12.035374 12.035374 74.635081 nan 91.680251
200 344.515295 nan 344.515295 -0.201484 nan -0.562097 -0.237545 15.848726 57.898433 57.898433 353.492541 nan 353.916987
201 585.294817 nan 585.294817 -0.485186 nan -1.095315 -0.546199 28.851912 102.201462 102.201462 624.203339 nan 612.376466
202 784.708626 nan 784.708626 29.505881 nan -66.247868 19.930506 80.323567 135.076213 135.076213 862.517208 nan 832.647905
203 985.822467 nan 985.822467 66.178152 nan -97.988687 49.761468 113.907449 159.921233 159.921233 1054.851849 nan 1032.151961
204 1080.938960 nan 1080.938960 3.657957 nan -27.681191 0.524042 82.101216 169.350758 169.350758 1049.469077 nan 1082.328541
205 951.529882 nan 951.529882 7.851603 nan -43.793250 2.687118 63.827288 150.566508 150.566508 931.617079 nan 956.398571
206 743.686250 nan 743.686250 21.827262 nan -54.863261 14.158210 29.467430 120.401636 120.401636 748.354998 nan 756.861165
207 554.375443 nan 554.375443 33.599922 nan -43.642654 25.875664 11.926864 81.477349 81.477349 519.510503 nan 545.978145
208 301.361554 nan 301.361554 51.559845 nan -16.193888 44.784471 -1.509006 34.671522 34.671522 252.210002 nan 282.166409
209 108.113700 nan 108.113700 53.966094 nan 6.670161 49.236501 -12.752820 14.525409 14.525409 131.287829 nan 119.921513
210 -3.397951 nan -3.397951 41.699339 nan 11.420980 38.671503 -13.030970 2.159315 2.159315 46.415005 nan 19.393218
211 -19.468848 nan -19.468848 32.789895 nan 12.206910 30.731596 -11.611489 -9.288131 -9.288131 -29.641788 nan -24.979511
212 -2.554707 nan -2.554707 36.992461 nan 22.452496 35.538465 -8.046988 -14.082818 -14.082818 -52.177241 nan -26.419922
213 -0.398867 nan -0.398867 39.295982 nan 30.097578 38.376141 -4.759590 -13.296396 -13.296396 -43.306073 nan -21.128214
214 -0.254944 nan -0.254944 43.458472 nan 39.192876 43.031913 -3.142908 -12.795143 -12.795143 -34.996111 nan -17.221007
215 -0.547931 nan -0.547931 46.150323 nan 47.606523 46.295943 -3.026633 -13.020763 -13.020763 -33.039289 nan -16.511442
216 -0.221118 nan -0.221118 45.346800 nan 53.298500 46.141970 -5.325865 -12.897031 -12.897031 -33.370561 nan -16.480871
217 -12.856693 nan -12.856693 32.891323 nan 43.510219 33.953213 -8.735788 -17.225655 -17.225655 -72.895030 nan -41.744581
218 -0.807485 nan -0.807485 38.283916 nan 48.517752 39.307300 -4.259287 -12.749661 -12.749661 -38.894381 nan -19.294259
219 -0.165144 nan -0.165144 41.767214 nan 53.229711 42.913464 -1.518648 -9.417383 -9.417383 -14.198291 nan -7.405495
220 -0.264205 nan -0.264205 29.033571 nan 46.111806 30.741395 -0.075848 -4.195971 -4.195971 5.535229 nan 1.990174
221 -7.051649 nan -7.051649 35.545630 nan 43.810698 36.372137 2.534068 4.669055 4.669055 65.400097 nan 26.314637
222 64.358613 nan 64.358613 22.676740 nan 28.134324 23.222498 3.537253 18.730137 18.730137 137.018223 nan 99.101311
223 170.019043 nan 170.019043 13.664926 nan 15.153728 13.813806 7.026931 23.983860 23.983860 160.527740 nan 167.910718
224 378.795696 nan 378.795696 -0.051893 nan -0.178262 -0.064530 12.993625 60.234369 60.234369 366.539131 nan 378.747632
225 590.616879 nan 590.616879 -0.297137 nan -0.701995 -0.337622 24.747813 101.810582 101.810582 620.424993 nan 613.511521
226 773.679890 nan 773.679890 72.142191 nan -60.114062 58.916565 71.273163 133.699644 133.699644 889.623694 nan 838.795307
227 932.824009 nan 932.824009 122.001734 nan -77.577486 102.043812 93.760609 152.794773 152.794773 1056.316692 nan 1003.188428
228 954.719017 nan 954.719017 38.668967 nan -55.276078 29.274462 50.427456 159.297130 159.297130 1005.228226 nan 992.342678
229 818.555482 nan 818.555482 29.434389 nan -48.595326 21.631418 39.879804 143.639999 143.639999 899.423336 nan 868.516797
230 657.014146 nan 657.014146 32.057527 nan -41.330454 24.718729 26.837402 117.317277 117.317277 739.357350 nan 705.205673
231 448.667347 nan 448.667347 47.296769 nan -22.867593 40.280333 12.646877 75.944432 75.944432 501.005676 nan 479.407524
232 240.523294 nan 240.523294 63.251904 nan 7.702397 57.696954 -1.142551 31.492338 31.492338 246.193964 nan 245.959657
233 65.322963 nan 65.322963 65.001921 nan 30.725105 61.574240 -14.023417 11.096939 11.096939 122.546506 nan 92.291483
234 -13.761586 nan -13.761586 46.585794 nan 28.074500 44.734665 -11.975886 -2.542395 -2.542395 24.689943 nan 3.441706
235 -14.178605 nan -14.178605 48.190373 nan 33.948614 46.766197 -10.028467 -10.123555 -10.123555 -17.986520 nan -16.866266
236 -16.287768 nan -16.287768 55.553866 nan 47.673887 54.765868 -11.293461 -14.617426 -14.617426 -37.456070 nan -27.279647
237 -15.606845 nan -15.606845 58.640320 nan 55.372784 58.313566 -10.746866 -15.392185 -15.392185 -38.338292 nan -27.377690
238 -14.157464 nan -14.157464 60.977812 nan 60.667014 60.946732 -10.036159 -15.611192 -15.611192 -36.734885 nan -25.875623
239 -8.321225 nan -8.321225 62.933230 nan 64.347139 63.074621 -8.717964 -15.425844 -15.425844 -32.967631 nan -20.958188
240 -15.333731 nan -15.333731 65.419862 nan 69.823284 65.860204 -9.145921 -14.924436 -14.924436 -27.344781 nan -22.183324
241 -12.264539 nan -12.264539 67.838022 nan 74.642497 68.518470 -8.640535 -14.990112 -14.990112 -24.878416 nan -19.392277
242 -4.516785 nan -4.516785 68.201960 nan 76.217349 69.003499 -6.931865 -14.764041 -14.764041 -22.353495 nan -13.991773
243 -0.317368 nan -0.317368 78.922405 nan 82.254292 79.255594 -2.459856 -10.794188 -10.794188 13.506526 nan 4.975986
244 -0.468393 nan -0.468393 85.901600 nan 89.931880 86.304628 -1.378210 -9.098262 -9.098262 31.163769 nan 13.077736
245 -0.023389 nan -0.023389 60.943724 nan 73.249116 62.174263 -0.604179 -5.143285 -5.143285 31.072880 nan 13.641510
246 -0.083758 nan -0.083758 33.054233 nan 41.455860 33.894396 1.829866 0.827063 0.827063 39.588723 nan 18.031030
247 84.538149 nan 84.538149 6.282592 nan 9.256479 6.579981 2.240770 8.429055 8.429055 58.050621 nan 73.272790
248 378.694281 nan 378.694281 -0.013060 nan -0.212887 -0.033043 21.828937 65.446962 65.446962 401.380302 nan 395.035210
249 711.097995 nan 711.097995 -0.477473 nan -1.043171 -0.534043 36.418472 116.388991 116.388991 712.367292 nan 722.388196
250 996.630544 nan 996.630544 73.792434 nan -79.595858 58.453605 113.898225 155.235797 155.235797 1035.427674 nan 1028.792123
251 1197.727887 nan 1197.727887 102.335715 nan -107.670376 81.335106 138.226422 180.384180 180.384180 1218.930753 nan 1224.266757
252 1188.447109 nan 1188.447109 13.040201 nan -57.731292 5.963051 98.752489 184.282502 184.282502 1151.159058 nan 1188.610050
253 1057.165106 nan 1057.165106 15.931927 nan -58.712717 8.467463 78.496401 163.581270 163.581270 1021.353644 nan 1056.043635
254 838.490764 nan 838.490764 26.775053 nan -57.619666 18.335581 39.085897 131.687682 131.687682 824.096032 nan 844.061442
255 575.424417 nan 575.424417 39.426177 nan -42.528828 31.230677 15.455674 88.080322 88.080322 565.894881 nan 579.156314
256 313.507433 nan 313.507433 54.635393 nan -14.526278 47.719226 1.270960 40.885763 40.885763 293.542187 nan 308.153830
257 114.453150 nan 114.453150 54.562117 nan 6.405975 49.746503 -8.155632 20.664324 20.664324 170.470196 nan 141.764362
258 0.511573 nan 0.511573 41.279560 nan 10.466884 38.198292 -11.183525 5.916085 5.916085 69.221392 nan 32.240467
259 -9.522813 nan -9.522813 28.364709 nan 7.200193 26.248257 -8.930366 -7.404791 -7.404791 -21.752637 nan -15.787461
260 -7.354896 nan -7.354896 31.716697 nan 16.663216 30.211349 -9.667504 -13.865837 -13.865837 -56.850672 nan -31.148661
261 -2.172839 nan -2.172839 33.769765 nan 23.453250 32.738113 -6.263893 -15.645483 -15.645483 -63.640345 nan -31.557709
262 -0.711717 nan -0.711717 42.324690 nan 35.686922 41.660913 -2.779426 -12.735064 -12.735064 -35.861239 nan -17.856613
263 -1.278185 nan -1.278185 44.740100 nan 43.787984 44.644888 -2.633535 -13.116131 -13.116131 -35.105313 nan -17.856104
264 -6.384192 nan -6.384192 39.388298 nan 46.418443 40.091313 -7.314810 -19.931695 -19.931695 -82.424783 nan -42.786668
265 -0.330106 nan -0.330106 40.586240 nan 45.754495 41.103066 -2.143959 -12.351037 -12.351037 -33.860739 nan -16.701921
266 -0.403809 nan -0.403809 45.741416 nan 54.541483 46.621423 -2.274424 -12.723533 -12.723533 -30.629542 nan -15.307734
267 -0.196893 nan -0.196893 48.320011 nan 59.699100 49.457919 -2.038067 -12.795664 -12.795664 -28.131291 nan -14.065000
268 -0.111440 nan -0.111440 49.198349 nan 61.089765 50.387490 -0.958359 -10.520043 -10.520043 -13.116109 nan -6.982505
269 -0.117395 nan -0.117395 36.022813 nan 47.214533 37.141985 0.164502 -7.006443 -7.006443 -4.830871 nan -2.896235
270 -0.117464 nan -0.117464 14.767549 nan 18.870936 15.177888 1.597672 -0.504710 -0.504710 12.788699 nan 5.708901
271 68.233461 nan 68.233461 -0.000193 nan -0.008230 -0.000997 2.969480 6.202645 6.202645 38.402666 nan 55.248683
272 332.033114 nan 332.033114 -0.699210 nan -1.101274 -0.739417 5.987442 58.228346 58.228346 351.025637 nan 345.981338
273 625.541149 nan 625.541149 -0.861129 nan -1.492311 -0.924247 19.375037 106.219502 106.219502 644.142778 nan 643.723208
274 890.725688 nan 890.725688 32.246970 nan -83.425651 20.679708 111.170231 144.879819 144.879819 934.426714 nan 924.164939
275 1059.946136 nan 1059.946136 62.674666 nan -114.661048 44.941095 121.998671 169.191525 169.191525 1108.889713 nan 1098.017896
276 1050.131552 nan 1050.131552 9.146172 nan -52.200091 3.011546 99.722984 176.352250 176.352250 1101.014236 nan 1089.654696
277 965.833786 nan 965.833786 10.650511 nan -53.970337 4.188426 85.450341 161.045844 161.045844 1004.643625 nan 998.425882
278 787.471988 nan 787.471988 18.882495 nan -60.855923 10.908653 45.161601 128.663402 128.663402 800.953705 nan 805.460938
279 526.589080 nan 526.589080 35.374839 nan -51.980823 26.639273 9.702503 84.966929 84.966929 540.321846 nan 540.590795
280 270.266517 nan 270.266517 48.585337 nan -26.456549 41.081149 -9.527371 35.681440 35.681440 251.358843 nan 264.881242
281 73.147071 nan 73.147071 35.569953 nan -14.720184 30.540939 -22.592980 10.102441 10.102441 82.118391 nan 78.061191
282 -10.266189 nan -10.266189 25.446304 nan -10.229049 21.878769 -25.780340 -3.077178 -3.077178 -6.896435 nan -9.107973
283 -2.407623 nan -2.407623 24.801400 nan -2.633283 22.057932 -8.311215 -11.782782 -11.782782 -51.963247 nan -26.034291
284 -0.918350 nan -0.918350 33.188000 nan 9.570163 30.826216 -4.337173 -15.081427 -15.081427 -61.397214 nan -29.795553
285 -0.759203 nan -0.759203 37.943192 nan 20.114740 36.160347 -3.591888 -14.344695 -14.344695 -51.344581 nan -25.069682
286 -1.009314 nan -1.009314 38.105663 nan 25.338063 36.828903 -2.506133 -12.713979 -12.713979 -40.457427 nan -20.105204
287 -0.461553 nan -0.461553 34.906702 nan 28.140349 34.230067 -4.007356 -15.840738 -15.840738 -62.417304 nan -30.077898
288 -14.412041 nan -14.412041 28.748220 nan 26.367319 28.510130 -6.852561 -17.874976 -17.874976 -81.480752 nan -46.547735
289 -13.793659 nan -13.793659 27.873644 nan 27.857174 27.871997 -9.202035 -16.134198 -16.134198 -72.614007 nan -42.030388
290 -13.759978 nan -13.759978 28.701530 nan 31.037593 28.935136 -9.241795 -15.626267 -15.626267 -68.519184 nan -40.104703
291 -13.358025 nan -13.358025 29.201777 nan 33.732643 29.654863 -8.841187 -15.424709 -15.424709 -66.429866 nan -38.915985
292 -13.300070 nan -13.300070 28.348885 nan 33.782703 28.892267 -6.891299 -13.299705 -13.299705 -53.662482 nan -32.880744
293 -8.355219 nan -8.355219 21.567605 nan 24.367287 21.847573 -2.901836 -6.923123 -6.923123 -20.851899 nan -14.675455
294 -7.001397 nan -7.001397 10.974046 nan 9.804151 10.857057 -7.051741 -2.793767 -2.793767 -8.726240 nan -8.065038
295 93.659696 nan 93.659696 4.038305 nan -1.074512 3.527023 -6.538402 8.048683 8.048683 49.203761 nan 74.160375
296 325.772631 nan 325.772631 -0.161516 nan -0.598026 -0.205167 6.472137 55.266015 55.266015 333.979776 nan 334.550870
297 698.018640 nan 698.018640 -0.443399 nan -1.354927 -0.534552 35.861797 112.619540 112.619540 689.527409 nan 704.527536
298 888.365379 nan 888.365379 56.145188 nan -88.384128 41.692257 99.492595 143.217220 143.217220 940.792618 nan 925.577481
299 1058.254882 nan 1058.254882 99.256832 nan -113.862160 77.944933 125.704907 168.279383 168.279383 1137.903195 nan 1110.213895
300 1153.420295 nan 1153.420295 11.653535 nan -56.433925 4.844789 90.886135 175.981937 175.981937 1097.090865 nan 1144.144862
301 1033.208176 nan 1033.208176 16.135049 nan -60.921522 8.429392 77.421710 159.233605 159.233605 994.799706 nan 1030.507097
302 805.387190 nan 805.387190 29.333115 nan -59.548377 20.444966 34.998127 124.974495 124.974495 784.291189 nan 807.286682
303 542.090958 nan 542.090958 47.755949 nan -39.963111 38.984043 10.892854 81.359472 81.359472 531.498017 nan 544.711911
304 318.194918 nan 318.194918 69.249595 nan -3.040065 62.020629 -3.043335 34.089500 34.089500 265.340292 nan 297.258067
305 92.426828 nan 92.426828 55.212813 nan 9.706736 50.662206 -18.213756 10.346271 10.346271 105.454331 nan 99.222759
306 -9.530226 nan -9.530226 41.745539 nan 13.331909 38.904176 -8.979282 -1.774218 -1.774218 24.667157 nan 5.820094
307 -18.080338 nan -18.080338 39.223954 nan 18.263448 37.127904 -10.643915 -9.170898 -9.170898 -22.155051 nan -20.804904
308 -16.279208 nan -16.279208 43.679020 nan 30.623551 42.373473 -11.255374 -13.558072 -13.558072 -43.477110 nan -29.915372
309 -16.135263 nan -16.135263 43.238757 nan 36.982478 42.613129 -11.019771 -14.619172 -14.619172 -49.509812 nan -32.674600
310 -17.852615 nan -17.852615 41.539125 nan 40.335147 41.418727 -10.912418 -15.539993 -15.539993 -56.186198 nan -36.729379
311 -16.690819 nan -16.690819 39.945718 nan 42.395889 40.190735 -10.406662 -15.735006 -15.735006 -58.381966 nan -37.109637
312 -15.487077 nan -15.487077 40.146055 nan 45.586383 40.690088 -9.740605 -14.763202 -14.763202 -51.785367 nan -33.363830
313 -12.234962 nan -12.234962 41.696415 nan 49.931472 42.519921 -8.901276 -14.196294 -14.196294 -46.218352 nan -29.004898
314 -10.376872 nan -10.376872 42.634271 nan 53.412999 43.712143 -8.392081 -13.848673 -13.848673 -42.736729 nan -26.375385
315 -8.863116 nan -8.863116 43.493501 nan 56.183223 44.762473 -7.735586 -13.969876 -13.969876 -42.151015 nan -25.292098
316 -5.965939 nan -5.965939 43.755759 nan 56.473918 45.027575 -4.622548 -11.878973 -11.878973 -28.095282 nan -17.121447
317 -2.428988 nan -2.428988 36.131335 nan 44.967821 37.014984 -0.879424 -6.067901 -6.067901 0.255806 nan -1.763452
318 -8.341718 nan -8.341718 21.156331 nan 26.652208 21.705919 -3.585119 -2.396770 -2.396770 5.891249 nan -2.103113
319 101.838645 nan 101.838645 10.844246 nan 9.392843 10.699106 -1.110578 9.636867 9.636867 68.076075 nan 87.364062
320 347.494762 nan 347.494762 0.019609 nan -0.303471 -0.012699 13.479654 58.057326 58.057326 353.723118 nan 355.652788
321 727.314277 nan 727.314277 -0.275207 nan -0.884043 -0.336091 34.767787 113.046344 113.046344 691.849088 nan 721.597105
322 916.973092 nan 916.973092 56.387225 nan -82.512046 42.497297 96.407932 144.404217 144.404217 947.485772 nan 944.320723
323 1085.319817 nan 1085.319817 93.413386 nan -106.077319 73.464316 124.596043 169.257745 169.257745 1138.849200 nan 1125.491499
324 1126.179805 nan 1126.179805 16.148793 nan -61.917683 8.342145 95.176310 176.858963 176.858963 1107.566445 nan 1134.143370
325 1014.384407 nan 1014.384407 19.645852 nan -61.627069 11.518560 78.840333 160.400540 160.400540 1005.457933 nan 1025.195478
326 829.354754 nan 829.354754 43.051489 nan -56.435398 33.102800 44.482267 133.088350 133.088350 849.425808 nan 850.738655
327 599.607598 nan 599.607598 84.243171 nan -15.010030 74.317851 34.084993 94.254245 94.254245 653.477319 nan 632.786348
328 374.483964 nan 374.483964 89.039641 nan 15.402424 81.675919 21.949839 54.086617 54.086617 414.975554 nan 397.886015
329 161.987256 nan 161.987256 60.844133 nan 16.649838 56.424703 -3.853180 26.974900 26.974900 216.732834 nan 189.309862
330 11.391532 nan 11.391532 58.672980 nan 30.488680 55.854550 -9.853010 7.191590 7.191590 95.062885 nan 50.041917
331 -2.557159 nan -2.557159 38.000768 nan 18.573845 36.058076 -8.279156 -9.674369 -9.674369 -25.299803 nan -13.804319
332 -1.246720 nan -1.246720 45.222554 nan 31.065386 43.806837 -7.305024 -14.280072 -14.280072 -44.795606 nan -22.366421
333 -0.432661 nan -0.432661 53.069740 nan 41.848344 51.947600 -3.188700 -12.850245 -12.850245 -26.429347 nan -13.429136
334 -0.722273 nan -0.722273 60.592475 nan 54.100683 59.943296 -3.177918 -13.619977 -13.619977 -23.047732 nan -12.119945
335 -0.769835 nan -0.769835 68.081139 nan 64.208861 67.693911 -3.049549 -13.588724 -13.588724 -15.058253 nan -8.510998
336 -12.693710 nan -12.693710 64.899150 nan 68.117573 65.220993 -6.736954 -17.447051 -17.447051 -42.156096 nan -27.696297
337 -9.322906 nan -9.322906 65.430051 nan 69.143353 65.801381 -7.933008 -15.756655 -15.756655 -31.911755 nan -21.051835
338 -5.753264 nan -5.753264 66.217814 nan 70.360721 66.632104 -6.356188 -14.817706 -14.817706 -24.816607 nan -15.788597
339 -0.847710 nan -0.847710 67.792471 nan 71.739749 68.187199 -4.272131 -13.229474 -13.229474 -12.898501 nan -7.543557
340 -0.284502 nan -0.284502 78.376701 nan 79.372096 78.476240 -1.415696 -8.938953 -8.938953 24.276241 nan 10.061692
341 -0.130012 nan -0.130012 59.698219 nan 67.977093 60.526107 -0.932640 -5.609757 -5.609757 26.494509 nan 11.458673
342 -0.089269 nan -0.089269 34.277935 nan 38.965363 34.746678 1.365211 0.181118 0.181118 36.379472 nan 16.508861
343 73.455760 nan 73.455760 7.738394 nan 8.265361 7.791090 1.088025 9.257831 9.257831 63.773283 nan 69.900212
344 331.548562 nan 331.548562 -0.165609 nan -0.401752 -0.189223 12.348290 62.276460 62.276460 378.408851 nan 358.555093
345 696.923435 nan 696.923435 -0.348814 nan -0.847794 -0.398712 28.448870 116.927090 116.927090 712.543376 nan 714.756594
346 894.329155 nan 894.329155 53.048309 nan -83.057697 39.437708 108.766493 149.511501 149.511501 980.013308 nan 947.263967
347 1082.168824 nan 1082.168824 97.787803 nan -110.362677 76.972755 128.917874 174.429591 174.429591 1175.117451 nan 1140.744228
348 1129.931434 nan 1129.931434 15.664048 nan -62.020556 7.895588 96.033249 181.608999 181.608999 1135.962883 nan 1149.532123
349 1017.800366 nan 1017.800366 15.995412 nan -58.993154 8.496556 80.003219 164.422574 164.422574 1027.033286 nan 1037.235576
350 827.804846 nan 827.804846 24.632666 nan -57.703519 16.399047 37.754070 130.429182 130.429182 814.075768 nan 833.558842
351 548.044053 nan 548.044053 44.954242 nan -40.802760 36.378541 11.201170 85.189347 85.189347 551.995093 nan 557.625198
352 263.332183 nan 263.332183 70.435997 nan -1.160557 63.276342 -3.724988 36.411059 36.411059 280.252698 nan 274.319877
353 61.053850 nan 61.053850 53.129067 nan 10.104397 48.826600 -18.606349 8.195607 8.195607 90.557701 nan 75.142087
354 -4.842014 nan -4.842014 38.153888 nan 11.546727 35.493172 -22.113557 -5.381026 -5.381026 -5.638407 nan -5.773608
355 -0.396319 nan -0.396319 35.660260 nan 15.793880 33.673622 -7.714381 -12.896422 -12.896422 -46.790660 nan -22.685110
356 -0.382176 nan -0.382176 47.559444 nan 33.115367 46.115036 -3.620160 -14.465273 -14.465273 -42.124664 nan -20.684224
357 -0.422321 nan -0.422321 50.416603 nan 43.905408 49.765484 -3.374293 -14.808952 -14.808952 -40.437946 nan -19.969780
358 -0.415925 nan -0.415925 50.883417 nan 50.787292 50.873804 -3.140329 -14.953930 -14.953930 -40.105905 nan -19.827692
359 -0.560685 nan -0.560685 50.730693 nan 55.678585 51.225482 -2.966735 -14.646707 -14.646707 -37.841457 nan -18.848797
360 -5.160583 nan -5.160583 41.742980 nan 54.756166 43.044298 -10.340137 -22.206660 -22.206660 -94.331718 nan -47.749305
361 -0.045258 nan -0.045258 42.606959 nan 52.680516 43.614315 -3.434588 -14.016147 -14.016147 -41.856400 nan -20.337007
362 -0.908657 nan -0.908657 49.383456 nan 62.611825 50.706293 -2.807457 -12.770116 -12.770116 -27.037386 nan -13.956480
363 -0.683783 nan -0.683783 50.319115 nan 66.094939 51.896697 -2.608738 -12.564330 -12.564330 -24.532775 nan -12.675932
364 -0.763792 nan -0.763792 51.224605 nan 67.290791 52.831223 -1.455466 -10.535648 -10.535648 -10.964850 nan -6.363715
365 -0.959059 nan -0.959059 42.325480 nan 58.109016 43.903834 -0.507124 -7.181532 -7.181532 0.611793 nan -0.899746
366 -0.298057 nan -0.298057 23.321610 nan 31.432154 24.132665 0.736386 -1.611438 -1.611438 14.758591 nan 6.402057
367 95.726703 nan 95.726703 2.670417 nan 2.754947 2.678870 -13.746150 9.001938 9.001938 51.192037 nan 76.252045
368 323.274279 nan 323.274279 -0.175123 nan -0.385791 -0.196190 5.048451 58.517058 58.517058 352.925539 nan 342.090215
369 618.018458 nan 618.018458 -0.573790 nan -1.103872 -0.626798 21.436342 109.766744 109.766744 666.548203 nan 650.134179
370 898.528327 nan 898.528327 55.016188 nan -86.265929 40.887976 112.711268 150.217042 150.217042 987.274734 nan 952.933557
371 1079.947961 nan 1079.947961 95.525842 nan -111.896649 74.783593 128.988824 174.423256 174.423256 1172.918657 nan 1138.533078
372 1129.036937 nan 1129.036937 13.350828 nan -58.486099 6.167135 94.775439 181.530620 181.530620 1133.261029 nan 1147.804400
373 1039.681415 nan 1039.681415 13.587534 nan -56.150653 6.613715 79.062378 164.473209 164.473209 1025.077921 nan 1048.283073
374 811.233854 nan 811.233854 26.745390 nan -58.047605 18.266091 35.820820 129.160671 129.160671 807.558446 nan 821.435351
375 528.946855 nan 528.946855 46.705040 nan -38.514813 38.183055 11.315262 83.702926 83.702926 544.926715 nan 543.860932
376 268.335484 nan 268.335484 66.733522 nan -2.017666 59.858403 -3.506615 35.531139 35.531139 271.642591 nan 273.056066
377 95.046450 nan 95.046450 71.900441 nan 26.016242 67.312021 -20.540812 12.477408 12.477408 133.960147 nan 113.794110
378 -8.722914 nan -8.722914 35.222878 nan 11.812670 32.881857 -12.047377 -3.698637 -3.698637 5.871085 nan -2.469326
379 -11.218449 nan -11.218449 38.282304 nan 19.880155 36.442089 -11.022573 -11.059296 -11.059296 -34.322714 nan -22.765860
380 -11.837738 nan -11.837738 41.930709 nan 30.613010 40.798939 -11.412548 -15.488953 -15.488953 -56.699795 nan -33.679169
381 -15.558609 nan -15.558609 41.128355 nan 35.881448 40.603665 -11.621567 -16.224299 -16.224299 -61.390755 nan -37.908599
382 -19.983304 nan -19.983304 40.208722 nan 39.517590 40.139609 -11.743584 -16.648037 -16.648037 -64.446046 nan -41.749803
383 -20.860770 nan -20.860770 39.817141 nan 42.684073 40.103834 -11.387896 -16.360720 -16.360720 -62.615648 nan -41.369008
384 -26.213485 nan -26.213485 43.533347 nan 50.015612 44.181574 -10.599999 -13.921135 -13.921135 -43.585234 nan -35.413838
385 -25.273155 nan -25.273155 46.198154 nan 56.380364 47.216375 -10.180258 -13.989745 -13.989745 -40.794201 nan -33.636990
386 -24.129384 nan -24.129384 45.624506 nan 57.889679 46.851023 -9.855722 -14.054786 -14.054786 -41.419979 nan -33.302292
387 -17.267222 nan -17.267222 46.485545 nan 60.004943 47.837485 -8.778705 -13.591394 -13.591394 -37.222361 nan -27.605243
388 -8.569841 nan -8.569841 48.099476 nan 61.134405 49.402969 -5.365667 -11.291575 -11.291575 -20.492745 nan -15.035361
389 -2.584454 nan -2.584454 41.879489 nan 50.583170 42.749857 -1.153057 -5.391211 -5.391211 9.941366 nan 2.614798
390 -6.873549 nan -6.873549 27.275501 nan 33.293578 27.877309 -4.111987 -0.901724 -0.901724 20.822169 nan 5.618486
391 110.418444 nan 110.418444 17.251423 nan 16.246573 17.150938 0.116963 12.558135 12.558135 92.546530 nan 103.436921
392 353.423402 nan 353.423402 1.139981 nan -3.565310 0.669452 14.975433 60.802008 60.802008 371.471672 nan 367.209073
393 745.275946 nan 745.275946 -0.095276 nan -0.776589 -0.163407 44.875013 120.449550 120.449550 740.483898 nan 754.210883
394 859.287689 nan 859.287689 33.864189 nan -65.970397 23.880731 75.179651 148.728342 148.728342 946.322646 nan 912.643172
395 987.844527 nan 987.844527 69.392298 nan -91.661937 53.286875 115.367438 167.337133 167.337133 1103.456648 nan 1056.027475
396 1075.693743 nan 1075.693743 23.112856 nan -62.529708 14.548600 89.175739 176.504580 176.504580 1109.246375 nan 1107.315086
397 897.267739 nan 897.267739 38.150509 nan -56.681244 28.667334 60.785258 154.737216 154.737216 981.404735 nan 949.799885
398 745.053521 nan 745.053521 50.027440 nan -41.559152 40.868780 40.131323 128.245594 128.245594 826.394872 nan 793.831485
399 574.335553 nan 574.335553 56.667065 nan -22.388641 48.761495 23.137028 91.541463 91.541463 607.265085 nan 597.709608
400 421.727750 nan 421.727750 74.126073 nan 8.919376 67.605403 12.048007 53.605897 53.605897 394.059986 nan 414.068568
401 154.664751 nan 154.664751 64.644717 nan 23.741793 60.554424 -3.409030 24.578753 24.578753 206.663329 nan 180.522504
402 12.449773 nan 12.449773 65.133942 nan 43.147895 62.935337 -6.109106 7.938242 7.938242 108.121149 nan 56.636205
403 -17.916528 nan -17.916528 45.506112 nan 31.901121 44.145613 -8.444975 -6.155889 -6.155889 3.832287 nan -8.621038
404 -17.947093 nan -17.947093 50.360229 nan 43.984321 49.722638 -9.909284 -11.347291 -11.347291 -22.324822 nan -21.004575
405 -15.397485 nan -15.397485 50.483926 nan 49.820007 50.417535 -9.887855 -12.466329 -12.466329 -28.335580 nan -22.447695
406 -15.632490 nan -15.632490 51.309814 nan 54.531316 51.631964 -9.728879 -13.547891 -13.547891 -33.546932 nan -25.042422
407 -16.676673 nan -16.676673 52.770187 nan 58.828370 53.376006 -9.549234 -14.153785 -14.153785 -35.366398 nan -26.493434
408 -18.902180 nan -18.902180 55.612833 nan 64.085659 56.460115 -9.117899 -13.403064 -13.403064 -27.605430 nan -24.109819
409 -14.765615 nan -14.765615 59.883810 nan 70.206099 60.916039 -8.406112 -13.041672 -13.041672 -20.696440 nan -18.677619
410 -12.019532 nan -12.019532 64.237042 nan 75.470075 65.360346 -7.749945 -13.122058 -13.122058 -16.471979 nan -15.264467
411 -11.057531 nan -11.057531 68.072974 nan 79.933009 69.258978 -7.194653 -12.922299 -12.922299 -11.152680 nan -12.301697
412 -7.192596 nan -7.192596 70.234139 nan 81.450975 71.355822 -3.955920 -10.796040 -10.796040 4.997216 nan -2.647616
413 -6.119276 nan -6.119276 58.702922 nan 67.506518 59.583282 -0.219583 -5.434602 -5.434602 26.887837 nan 8.389104
414 -8.406351 nan -8.406351 36.194900 nan 44.200250 36.995435 -0.424257 -0.023064 -0.023064 36.687350 nan 12.087147
415 118.072683 nan 118.072683 24.351037 nan 25.554141 24.471348 6.334277 16.370627 16.370627 125.228823 nan 122.836747
416 382.544855 nan 382.544855 13.313959 nan 4.082151 12.390778 37.152331 66.091762 66.091762 423.802280 nan 407.441672
417 504.208306 nan 504.208306 -0.092722 nan -0.443682 -0.127818 26.867863 97.020301 97.020301 592.741135 nan 553.368230
418 537.253328 nan 537.253328 28.732476 nan -26.146394 23.244589 47.488283 104.293372 104.293372 668.000136 nan 606.337595
419 661.746562 nan 661.746562 30.756851 nan -42.836762 23.397490 47.402092 122.254818 122.254818 775.887236 nan 724.915132
420 644.637514 nan 644.637514 10.918419 nan -31.225634 6.704013 36.192204 118.406195 118.406195 731.618067 nan 695.069937
421 590.118075 nan 590.118075 17.167639 nan -32.499532 12.200922 33.206684 108.658940 108.658940 677.437233 nan 639.807438
422 545.079227 nan 545.079227 26.155068 nan -28.674791 20.672082 29.593113 97.789321 97.789321 619.245250 nan 587.788605
423 416.424543 nan 416.424543 42.411900 nan -12.220775 36.948633 23.511335 73.375877 73.375877 486.608426 nan 455.082338
424 325.709118 nan 325.709118 65.466654 nan 20.551337 60.975122 22.429917 46.772421 46.772421 350.581614 nan 341.348400
425 124.587501 nan 124.587501 54.406335 nan 29.564439 51.922146 3.244433 23.011714 23.011714 191.290205 nan 157.010684
426 42.575554 nan 42.575554 52.707772 nan 40.384698 51.475464 4.504397 13.889555 13.889555 136.614554 nan 86.599620
427 -10.415145 nan -10.415145 32.820572 nan 27.193952 32.257910 -3.321385 -1.609593 -1.609593 21.271797 nan 3.829606
428 -12.669822 nan -12.669822 34.568882 nan 32.758029 34.387796 -4.639253 -4.866754 -4.866754 3.331571 nan -5.855763
429 -9.860486 nan -9.860486 32.552704 nan 34.016219 32.699055 -5.150526 -5.442276 -5.442276 -2.014813 nan -6.807753
430 -9.118490 nan -9.118490 32.466444 nan 36.041595 32.823959 -4.561802 -7.225075 -7.225075 -12.351212 nan -11.261322
431 -9.085597 nan -9.085597 30.542090 nan 35.939845 31.081865 -4.355158 -6.768977 -6.768977 -11.274063 nan -10.711553
432 -10.476175 nan -10.476175 27.430287 nan 33.699312 28.057189 -4.257419 -6.339986 -6.339986 -11.685694 nan -11.617800
433 -9.120737 nan -9.120737 25.940811 nan 33.037420 26.650471 -4.610075 -6.158665 -6.158665 -12.145550 nan -11.072295
434 -6.669564 nan -6.669564 26.601502 nan 34.634170 27.404769 -4.321621 -6.859540 -6.859540 -15.481122 nan -11.314127
435 -4.884855 nan -4.884855 27.453313 nan 37.031874 28.411169 -4.227883 -6.835123 -6.835123 -14.290723 nan -9.796998
436 -3.057277 nan -3.057277 27.605365 nan 37.568158 28.601645 -2.094774 -5.711448 -5.711448 -6.504955 nan -5.151243
437 -3.551988 nan -3.551988 24.715065 nan 33.260766 25.569635 1.107174 1.753886 1.753886 36.535818 nan 14.833212
438 23.175025 nan 23.175025 17.543843 nan 19.426968 17.732155 7.968560 14.174583 14.174583 105.967075 nan 62.125350
439 188.059370 nan 188.059370 17.719287 nan 12.340895 17.181448 30.079424 34.665738 34.665738 237.207643 nan 213.660305
440 348.223235 nan 348.223235 1.282616 nan -4.912349 0.663120 22.459496 63.440612 63.440612 390.290591 nan 373.193760
441 583.288939 nan 583.288939 -0.188629 nan -0.803591 -0.250126 35.737278 107.111762 107.111762 656.715359 nan 626.531971
442 788.462584 nan 788.462584 15.643536 nan -43.786466 9.700536 65.696932 140.061641 140.061641 876.349156 nan 841.382800
443 879.631001 nan 879.631001 54.008960 nan -78.826683 40.725396 85.316650 149.972327 149.972327 974.686015 nan 936.781916
444 1079.042149 nan 1079.042149 -0.010433 nan -1.627025 -0.172092 81.283457 172.806732 172.806732 1069.181682 nan 1090.565397
445 970.672906 nan 970.672906 0.120768 nan -1.505459 -0.041855 69.816628 157.586293 157.586293 973.402557 nan 986.493562
446 794.304280 nan 794.304280 14.667561 nan -50.586560 8.142149 36.610066 129.473189 129.473189 799.625309 nan 808.626347
447 548.805530 nan 548.805530 34.286389 nan -43.221378 26.535612 17.389338 86.456748 86.456748 552.231836 nan 558.285880
448 290.993532 nan 290.993532 54.337367 nan -13.056271 47.598003 4.490625 42.395258 42.395258 303.765799 nan 300.669552
449 90.021762 nan 90.021762 60.604225 nan 16.110512 56.154854 -7.074552 15.169808 15.169808 144.343882 nan 116.066983
450 -6.701176 nan -6.701176 44.044515 nan 17.937366 41.433800 -10.272447 0.592007 0.592007 40.876864 nan 14.941670
451 -13.215982 nan -13.215982 33.781015 nan 16.328581 32.035771 -10.805264 -9.937402 -9.937402 -31.910748 nan -22.656295
452 -2.084986 nan -2.084986 37.023100 nan 25.176066 35.838396 -7.355617 -13.677571 -13.677571 -49.169274 nan -24.757098
453 -1.777762 nan -1.777762 38.309065 nan 31.918082 37.669967 -5.789090 -14.279170 -14.279170 -50.320690 nan -25.161887
454 -3.815592 nan -3.815592 36.517494 nan 35.064441 36.372189 -6.067413 -14.494531 -14.494531 -53.021965 nan -27.521873
455 -7.144698 nan -7.144698 32.625161 nan 34.661167 32.828762 -7.149443 -14.621198 -14.621198 -57.758204 nan -31.506035
456 -16.840861 nan -16.840861 30.817210 nan 35.601232 31.295612 -8.636468 -13.953688 -13.953688 -55.881106 nan -35.886350
457 -16.613281 nan -16.613281 31.285492 nan 38.393216 31.996264 -8.443530 -13.299205 -13.299205 -51.176381 nan -33.563503
458 -12.507056 nan -12.507056 30.958722 nan 39.879012 31.850751 -7.856980 -12.981722 -12.981722 -49.182376 nan -30.386383
459 -8.698175 nan -8.698175 31.400817 nan 41.912543 32.451990 -7.010403 -12.699410 -12.699410 -46.548631 nan -27.082912
460 -3.960015 nan -3.960015 32.042705 nan 42.916869 33.130122 -3.743772 -10.539564 -10.539564 -31.604771 nan -17.497569
461 -0.527859 nan -0.527859 26.534516 nan 34.136115 27.294676 -0.086094 -4.085754 -4.085754 2.745717 nan 0.588385
462 -4.588239 nan -4.588239 16.178304 nan 20.264507 16.586924 0.250884 -0.555148 -0.555148 13.356392 nan 3.518856
463 98.747313 nan 98.747313 6.056271 nan 3.797793 5.830423 1.302034 11.052879 11.052879 72.668511 nan 87.902854
464 327.006588 nan 327.006588 -0.164477 nan -0.488652 -0.196894 13.373940 58.116804 58.116804 353.853508 nan 344.541712
465 620.681299 nan 620.681299 -0.531299 nan -1.160328 -0.594202 25.447720 109.002988 109.002988 663.602816 nan 650.192979
466 1005.053609 nan 1005.053609 82.859724 nan -77.684331 66.805318 126.984452 157.997819 157.997819 1065.586014 nan 1047.393539
467 1032.654518 nan 1032.654518 72.267852 nan -102.551909 54.785876 112.834087 169.534007 169.534007 1117.123551 nan 1086.872022
468 1073.199241 nan 1073.199241 0.130261 nan -1.620443 -0.044810 88.840279 175.476467 175.476467 1088.350103 nan 1096.361458
469 982.524536 nan 982.524536 1.691094 nan -14.546190 0.067365 76.313046 159.792973 159.792973 989.350421 nan 1000.431347
470 767.660777 nan 767.660777 18.124154 nan -56.865312 10.625207 37.501923 126.455314 126.455314 784.357861 nan 786.882669
471 524.610167 nan 524.610167 36.222965 nan -46.139095 27.986759 12.316574 82.947098 82.947098 530.595976 nan 534.916422
472 282.879290 nan 282.879290 53.500506 nan -17.063488 46.444106 -2.366043 36.048963 36.048963 261.791467 nan 276.562490
473 100.389475 nan 100.389475 59.669184 nan 8.365629 54.538828 -16.909253 13.213962 13.213962 127.058896 nan 113.651720
474 -5.854203 nan -5.854203 34.884472 nan 5.673393 31.963364 -7.417652 -1.632000 -1.632000 19.204301 nan 5.360689
475 -7.560987 nan -7.560987 32.614054 nan 9.912197 30.343868 -9.525854 -10.143344 -10.143344 -34.326537 nan -20.683908
476 -7.208319 nan -7.208319 36.314643 nan 20.340778 34.717257 -9.618537 -14.378211 -14.378211 -55.399426 nan -30.455454
477 -10.601646 nan -10.601646 35.887522 nan 26.065066 34.905277 -9.646846 -15.079137 -15.079137 -59.428282 nan -34.201482
478 -16.224589 nan -16.224589 34.886842 nan 29.936050 34.391762 -9.880400 -14.816181 -14.816181 -58.457481 nan -36.804212
479 -17.185740 nan -17.185740 33.827211 nan 32.628274 33.707317 -9.603188 -14.136082 -14.136082 -54.950453 nan -35.671538
480 -22.165209 nan -22.165209 34.533969 nan 36.647859 34.745358 -9.330539 -12.935866 -12.935866 -46.602053 nan -34.482783
481 -22.042414 nan -22.042414 35.675399 nan 41.206658 36.228525 -8.873960 -12.402227 -12.402227 -41.734418 nan -32.153069
482 -19.988607 nan -19.988607 35.329781 nan 43.631871 36.159990 -8.350747 -12.302762 -12.302762 -40.996881 nan -30.686622
483 -18.216031 nan -18.216031 35.183584 nan 45.580580 36.223283 -7.225889 -11.828236 -11.828236 -37.636490 nan -28.145082
484 -14.822741 nan -14.822741 33.248922 nan 44.219553 34.345985 -4.565162 -9.512077 -9.512077 -24.552544 nan -20.126714
485 -11.822722 nan -11.822722 25.275839 nan 32.717316 26.019987 -0.947685 -4.310312 -4.310312 -0.220957 nan -6.944485
486 -1.718570 nan -1.718570 18.417128 nan 21.298333 18.705248 -0.905875 1.595373 1.595373 27.915137 nan 11.893037
487 112.657079 nan 112.657079 12.340474 nan 8.474717 11.953898 2.864706 15.865709 15.865709 108.294034 nan 112.126631
488 302.403065 nan 302.403065 0.547480 nan -3.311985 0.161533 16.670114 57.628048 57.628048 352.597868 nan 330.518416
489 693.168937 nan 693.168937 -0.207470 nan -1.076760 -0.294399 45.060724 116.224801 116.224801 715.078695 nan 713.857666
490 796.891829 nan 796.891829 51.142314 nan -73.413097 38.686773 72.169111 139.130626 139.130626 902.338175 nan 857.732658
491 967.681716 nan 967.681716 76.728666 nan -98.040835 59.251716 117.338760 165.257083 165.257083 1097.729718 nan 1042.244502
492 1018.807856 nan 1018.807856 12.031395 nan -53.534411 5.474814 86.792798 171.809038 171.809038 1071.046162 nan 1058.487154
493 907.793300 nan 907.793300 17.000387 nan -58.002578 9.500091 73.136430 155.327347 155.327347 970.718744 nan 950.782393
494 737.740263 nan 737.740263 30.564499 nan -55.636033 21.944446 38.891762 127.168420 127.168420 800.511673 nan 777.974912
495 570.279586 nan 570.279586 41.549768 nan -40.066638 33.388127 19.039667 90.331604 90.331604 582.993620 nan 584.339892
496 315.597575 nan 315.597575 60.749009 nan -7.849215 53.889186 4.228542 43.106562 43.106562 314.219973 nan 318.905547
497 101.340687 nan 101.340687 66.297820 nan 22.166611 61.884699 -7.894460 15.573663 15.573663 152.168891 nan 125.831496
498 -9.370484 nan -9.370484 66.485594 nan 38.590485 63.696083 -12.790946 2.637134 2.637134 74.402506 nan 28.901375
499 -11.743776 nan -11.743776 42.812444 nan 23.341183 40.865318 -8.519137 -8.248776 -8.248776 -12.034990 nan -12.657013
500 -10.990925 nan -10.990925 47.709917 nan 34.623444 46.401270 -9.287550 -12.329017 -12.329017 -31.287854 nan -21.371395
501 -10.966136 nan -10.966136 49.203491 nan 41.545178 48.437659 -8.856396 -13.102458 -13.102458 -33.719647 nan -22.531979
502 -11.838169 nan -11.838169 49.785346 nan 45.942542 49.401065 -8.295207 -13.135039 -13.135039 -32.727254 nan -22.557466
503 -11.462220 nan -11.462220 50.077887 nan 48.745005 49.944599 -7.277064 -12.682888 -12.682888 -29.063554 nan -20.642278
504 -16.236048 nan -16.236048 50.424888 nan 51.328829 50.515282 -7.012641 -10.487070 -10.487070 -15.212192 nan -16.749529
505 -16.104707 nan -16.104707 51.754106 nan 54.676990 52.046394 -7.058651 -9.917312 -9.917312 -10.280938 nan -14.384781
506 -17.831454 nan -17.831454 54.124063 nan 59.300315 54.641688 -6.674782 -10.424379 -10.424379 -10.574496 nan -15.504779
507 -17.929108 nan -17.929108 56.908662 nan 63.820676 57.599864 -5.022243 -9.857265 -9.857265 -3.552623 nan -12.308720
508 -14.329410 nan -14.329410 55.618790 nan 62.587689 56.315680 -2.196248 -5.490166 -5.490166 22.496187 nan 1.902406
509 -14.209638 nan -14.209638 49.306652 nan 55.905169 49.966504 7.658001 2.796376 2.796376 69.807959 nan 24.262242
510 55.037865 nan 55.037865 37.371504 nan 38.449197 37.479273 15.708337 17.774002 17.774002 150.406620 nan 100.060239
511 166.314904 nan 166.314904 24.164907 nan 18.094810 23.557897 14.781878 29.846546 29.846546 208.549925 nan 188.279715
512 268.301410 nan 268.301410 12.835482 nan 0.224954 11.574429 23.346528 57.037040 57.037040 363.135281 nan 316.677797
513 390.195385 nan 390.195385 4.533066 nan -9.765490 3.103210 30.719716 82.460112 82.460112 510.151771 nan 452.329097
514 620.723962 nan 620.723962 22.603413 nan -37.170347 16.626037 52.721754 115.926434 115.926434 733.273340 nan 682.613253
515 805.414348 nan 805.414348 21.909751 nan -50.107901 14.707986 56.405328 141.115977 141.115977 883.965978 nan 854.153470
516 628.626167 nan 628.626167 26.458014 nan -35.571549 20.255057 39.237523 118.659883 118.659883 747.909367 nan 693.775747
517 498.122505 nan 498.122505 39.684646 nan -22.938829 33.422298 34.089571 100.873022 100.873022 652.296259 nan 577.495721
518 484.852329 nan 484.852329 37.078529 nan -18.875047 31.483171 30.850716 93.965928 93.965928 607.619023 nan 549.309913
519 337.455639 nan 337.455639 49.725140 nan 0.187379 44.771364 21.920556 65.004638 65.004638 443.567416 nan 391.677488
520 231.340758 nan 231.340758 53.739427 nan 17.105643 50.076049 13.361140 41.697866 41.697866 305.607698 nan 268.937759
521 135.957931 nan 135.957931 52.990184 nan 31.523850 50.843550 7.808416 27.144287 27.144287 216.832640 nan 175.215220
522 51.618657 nan 51.618657 56.291371 nan 47.291338 55.391368 8.170091 15.322509 15.322509 150.594456 nan 98.030321
523 -5.849832 nan -5.849832 55.179886 nan 56.524453 55.314342 2.084233 3.418310 3.418310 76.657895 nan 31.972015
524 -9.528208 nan -9.528208 37.141342 nan 37.966064 37.223814 -3.332128 -1.763649 -1.763649 25.309067 nan 6.134468
525 -10.290414 nan -10.290414 35.511479 nan 39.487468 35.909078 -3.255242 -2.513338 -2.513338 19.526951 nan 3.022611
526 -12.055044 nan -12.055044 33.773532 nan 41.128429 34.509021 -4.370180 -3.055176 -3.055176 14.429892 nan -0.310072
527 -16.303364 nan -16.303364 35.086694 nan 44.428063 36.020831 -4.176796 -5.295802 -5.295802 2.575303 nan -8.218777
528 -18.263404 nan -18.263404 33.260026 nan 44.927365 34.426760 -4.626394 -5.422125 -5.422125 0.043450 nan -10.451851
529 -16.021183 nan -16.021183 30.997043 nan 43.568131 32.254152 -5.036678 -5.320875 -5.320875 -1.685771 nan -10.007118
530 -15.172224 nan -15.172224 31.059422 nan 44.529779 32.406458 -4.960172 -6.671501 -6.671501 -9.606619 nan -13.266941
531 -13.075775 nan -13.075775 30.027011 nan 44.897847 31.514094 -4.207932 -6.452490 -6.452490 -8.884020 nan -11.772324
532 -9.871225 nan -9.871225 27.711547 nan 42.588288 29.199221 -2.839032 -4.661680 -4.661680 0.093526 nan -5.775905
533 -14.516365 nan -14.516365 28.686556 nan 44.532582 30.271159 -1.029969 2.030902 2.030902 42.044581 nan 11.374038
534 29.018301 nan 29.018301 27.102593 nan 38.401740 28.232508 8.779170 13.196477 13.196477 110.923040 nan 67.479332
535 125.510220 nan 125.510220 20.147674 nan 23.437956 20.476702 14.079539 27.991857 27.991857 194.059661 nan 159.264969
536 219.914161 nan 219.914161 12.265544 nan 7.359501 11.774940 23.097583 49.935999 49.935999 320.629966 nan 270.317700
537 369.373065 nan 369.373065 -0.346992 nan -0.309523 -0.343245 20.877266 80.713103 80.713103 492.286279 nan 432.656180
538 736.701970 nan 736.701970 -1.722340 nan -0.917544 -1.641860 51.486004 133.761230 133.761230 821.519920 nan 787.602917
539 752.125755 nan 752.125755 -1.338992 nan -1.092641 -1.314357 49.531344 138.487858 138.487858 849.425330 nan 809.122754
540 793.204526 nan 793.204526 -0.219036 nan -0.923979 -0.289530 56.266574 134.809028 134.809028 831.071265 nan 822.876652
541 633.808610 nan 633.808610 -0.002700 nan -0.655867 -0.068017 33.707998 113.596163 113.596163 694.992163 nan 672.068815
542 616.324671 nan 616.324671 7.283564 nan -22.455987 4.309609 36.879862 106.832246 106.832246 660.055028 nan 646.048237
543 477.998836 nan 477.998836 21.637231 nan -17.101940 17.763314 28.111235 80.748510 80.748510 513.498869 nan 501.578211
544 267.240942 nan 267.240942 36.778154 nan 6.444793 33.744818 16.086539 44.415455 44.415455 306.672164 nan 289.260490
545 144.551954 nan 144.551954 37.707015 nan 22.566276 36.192941 10.311320 28.499643 28.499643 211.315327 nan 177.527314
546 45.318814 nan 45.318814 38.194653 nan 36.236600 37.998848 7.249837 14.559273 14.559273 128.254418 nan 84.366749
547 -7.597945 nan -7.597945 17.983108 nan 21.766317 18.361429 -4.474352 -0.591496 -0.591496 13.022710 nan 1.705037
548 -13.498295 nan -13.498295 17.543047 nan 23.243604 18.113102 -5.060569 -4.490846 -4.490846 -10.856199 nan -12.724003
549 -11.731005 nan -11.731005 16.340175 nan 24.194997 17.125658 -4.527150 -5.657636 -5.657636 -18.631015 nan -15.398166
550 -7.095034 nan -7.095034 14.717943 nan 23.678526 15.614001 -4.145454 -5.242690 -5.242690 -17.500321 nan -12.316392
551 -5.035241 nan -5.035241 13.807230 nan 23.195432 14.746051 -4.084129 -5.526145 -5.526145 -20.044473 nan -12.374847
552 -7.340816 nan -7.340816 14.538437 nan 24.959479 15.580541 -4.327466 -5.950134 -5.950134 -21.851248 nan -14.493124
553 -4.071302 nan -4.071302 15.223993 nan 26.497203 16.351314 -3.472292 -6.603772 -6.603772 -24.660236 nan -14.042877
554 -1.907351 nan -1.907351 14.495259 nan 25.462088 15.591942 -2.961385 -5.816511 -5.816511 -20.491679 nan -10.894315
555 -1.504673 nan -1.504673 13.903800 nan 24.399454 14.953365 -2.889630 -5.874560 -5.874560 -21.449846 nan -11.115219
556 -0.170654 nan -0.170654 15.118150 nan 24.926244 16.098960 -1.370690 -4.704309 -4.704309 -12.675167 nan -6.287172
557 -0.043855 nan -0.043855 13.454150 nan 21.288889 14.237624 0.380212 0.033805 0.033805 14.592539 nan 6.613507
558 6.648776 nan 6.648776 9.932319 nan 12.348371 10.173924 2.629018 9.218740 9.218740 66.537973 nan 34.718765
559 114.398096 nan 114.398096 3.985337 nan 0.911897 3.677993 7.797174 20.906583 20.906583 132.236361 nan 124.435350
560 356.582902 nan 356.582902 -0.054167 nan -0.532178 -0.101968 25.429763 72.058141 72.058141 442.418781 nan 402.242422
561 649.381302 nan 649.381302 -0.524617 nan -1.207899 -0.592945 32.187514 118.791475 118.791475 725.030911 nan 694.683759
562 893.675546 nan 893.675546 47.176777 nan -85.156490 33.943450 111.978527 156.026692 156.026692 1014.895013 nan 963.366743
563 1078.256769 nan 1078.256769 91.023128 nan -113.402189 70.580596 136.541045 180.680579 180.680579 1209.280488 nan 1154.735025
564 1130.482852 nan 1130.482852 14.379619 nan -60.612822 6.880375 102.615776 188.796011 188.796011 1180.702751 nan 1170.846501
565 984.522781 nan 984.522781 21.008150 nan -63.433654 12.563970 85.591783 170.730910 170.730910 1071.186140 nan 1039.747452
566 785.715074 nan 785.715074 34.193461 nan -56.910574 25.083058 45.724034 137.394395 137.394395 867.739041 nan 835.655364
567 527.693554 nan 527.693554 48.678081 nan -36.531847 40.157088 24.300324 93.577808 93.577808 611.344063 nan 574.311951
568 266.292330 nan 266.292330 58.756951 nan -7.657413 52.115514 4.572815 42.579972 42.579972 309.424474 nan 289.785385
569 67.378407 nan 67.378407 44.936668 nan 3.096876 40.752689 -11.300116 10.995308 10.995308 102.204493 nan 84.166928
570 -1.274818 nan -1.274818 29.088870 nan 3.191187 26.499102 -8.132549 -3.113548 -3.113548 4.564794 nan 1.066928
571 -3.714609 nan -3.714609 29.157525 nan 9.860109 27.227783 -10.651722 -13.427162 -13.427162 -57.595880 nan -29.465481
572 -0.038658 nan -0.038658 38.321991 nan 22.841739 36.773966 -3.354265 -13.555754 -13.555754 -45.902267 nan -22.130292
573 -0.680353 nan -0.680353 43.207048 nan 34.810866 42.367430 -2.853353 -13.430959 -13.430959 -39.359665 nan -19.493231
574 -0.980299 nan -0.980299 43.252208 nan 40.862111 43.013198 -2.572869 -13.112649 -13.112649 -36.691844 nan -18.414234
575 -0.870255 nan -0.870255 42.158274 nan 44.540141 42.396461 -2.383227 -12.858628 -12.858628 -35.708601 nan -17.883499
576 -7.159301 nan -7.159301 32.997601 nan 41.656607 33.863502 -6.696096 -18.838305 -18.838305 -81.844766 nan -42.844162
577 -4.065251 nan -4.065251 29.027132 nan 36.041676 29.728586 -4.591641 -15.907799 -15.907799 -67.554865 nan -34.387027
578 -7.346962 nan -7.346962 27.560930 nan 35.694891 28.374326 -4.395548 -16.001741 -16.001741 -69.394341 nan -37.021004
579 -1.670447 nan -1.670447 27.538830 nan 35.669343 28.351882 -3.044929 -13.220698 -13.220698 -52.190277 nan -25.846960
580 -0.244693 nan -0.244693 30.550993 nan 39.185450 31.414439 -1.345676 -10.045626 -10.045626 -29.397590 nan -14.414142
581 -0.206235 nan -0.206235 25.020438 nan 31.290575 25.647452 0.619168 -3.511349 -3.511349 4.827024 nan 1.764648
582 -4.544026 nan -4.544026 8.226344 nan 9.720113 8.375721 3.238812 5.136519 5.136519 40.490359 nan 16.404883
583 124.499966 nan 124.499966 3.756510 nan -1.657354 3.215124 11.345547 29.190968 29.190968 182.899153 nan 153.740032
584 327.104429 nan 327.104429 -0.152488 nan -0.594091 -0.196648 20.017524 66.138656 66.138656 404.642299 nan 368.434311
585 553.638718 nan 553.638718 -0.402861 nan -1.097578 -0.472332 28.500191 105.326826 105.326826 642.888701 nan 603.885695
586 724.175197 nan 724.175197 9.935985 nan -43.846305 4.557756 68.977873 135.673970 135.673970 846.192723 nan 792.222535
587 880.573287 nan 880.573287 35.077808 nan -81.260473 23.443980 103.879439 157.790022 157.790022 1011.735886 nan 954.914941
588 1054.250763 nan 1054.250763 30.222543 nan -64.141942 20.786095 110.796025 182.699320 182.699320 1161.300422 nan 1119.921622
589 911.813098 nan 911.813098 0.128827 nan -1.280938 -0.012149 62.354459 160.001299 160.001299 984.937430 nan 959.823747
590 769.583489 nan 769.583489 14.471420 nan -52.401001 7.784178 42.760313 135.185852 135.185852 836.003414 nan 812.219479
591 606.515382 nan 606.515382 55.656103 nan -36.719700 46.418523 30.707373 98.958705 98.958705 652.453700 nan 636.504345
592 284.008340 nan 284.008340 47.784206 nan -16.030687 41.402717 -0.107585 42.426497 42.426497 295.918663 nan 293.278686
593 94.534037 nan 94.534037 42.638084 nan 5.786401 38.952916 -9.021566 17.902627 17.902627 142.760049 nan 118.049658
594 -2.684316 nan -2.684316 38.106382 nan 16.284261 35.924170 -9.604123 6.340048 6.340048 70.122810 nan 30.951276
595 -19.294914 nan -19.294914 29.920712 nan 13.760208 28.304662 -8.860798 -6.877013 -6.877013 -16.501737 nan -18.682692
596 -21.844726 nan -21.844726 33.494653 nan 22.562086 32.401397 -9.999385 -11.514354 -11.514354 -40.684481 nan -31.491372
597 -21.726575 nan -21.726575 31.568612 nan 25.951466 31.006898 -10.753255 -11.560156 -11.560156 -42.655342 nan -32.329677
598 -21.472524 nan -21.472524 30.759934 nan 29.178947 30.601835 -10.994591 -13.717201 -13.717201 -56.099205 nan -38.498923
599 -17.217259 nan -17.217259 30.322187 nan 32.427365 30.532705 -10.403169 -14.948220 -14.948220 -63.317885 nan -39.568848
600 -12.315639 nan -12.315639 28.024538 nan 32.695219 28.491607 -9.373315 -15.517308 -15.517308 -68.361565 nan -39.235809
601 -9.042013 nan -9.042013 26.006416 nan 32.250113 26.630786 -8.141946 -15.367336 -15.367336 -68.830007 nan -37.645012
602 -10.962505 nan -10.962505 25.038067 nan 33.043256 25.838586 -7.894361 -15.054356 -15.054356 -67.645297 nan -38.124695
603 -13.337356 nan -13.337356 24.130567 nan 33.589599 25.076470 -7.961063 -14.144658 -14.144658 -62.975900 nan -37.215158
604 -15.249819 nan -15.249819 23.902905 nan 33.540891 24.866704 -5.557084 -12.218693 -12.218693 -50.668288 nan -32.480121
605 -23.740336 nan -23.740336 16.062881 nan 25.069353 16.963528 -6.916077 -4.679805 -4.679805 -13.881735 nan -19.709740
606 -4.788514 nan -4.788514 9.150586 nan 10.879366 9.323464 -5.414994 4.502937 4.502937 34.175088 nan 13.311881
607 75.279626 nan 75.279626 7.304642 nan 2.655286 6.839706 -0.105602 20.948737 20.948737 132.489887 nan 103.188337
608 223.500303 nan 223.500303 2.059037 nan -5.991325 1.254001 16.618098 54.335472 54.335472 333.914075 nan 278.688399
609 423.757754 nan 423.757754 -0.040312 nan -0.720200 -0.108301 30.861490 93.343986 93.343986 572.300213 nan 499.875094
610 609.214388 nan 609.214388 18.405122 nan -41.183756 12.446234 50.922901 121.235385 121.235385 760.227706 nan 689.063379
611 779.829184 nan 779.829184 57.771281 nan -53.788218 46.615331 73.785340 138.148075 138.148075 905.017918 nan 849.560380
612 872.545004 nan 872.545004 18.442100 nan -45.018649 12.096025 64.486527 160.070941 160.070941 998.316285 nan 944.500168
613 958.654917 nan 958.654917 16.403136 nan -46.549558 10.107866 68.373813 164.826271 164.826271 1026.415018 nan 1004.687801
614 739.157485 nan 739.157485 30.460270 nan -45.334659 22.880777 44.794252 133.604562 133.604562 842.425848 nan 798.406408
615 537.249748 nan 537.249748 40.529012 nan -27.726029 33.703508 27.099027 91.918437 91.918437 596.053741 nan 572.433599
616 242.726725 nan 242.726725 57.091983 nan 3.148081 51.697593 8.966484 42.327193 42.327193 309.247341 nan 276.843901
617 81.036487 nan 81.036487 47.520492 nan 14.782551 44.246698 -1.072128 19.215378 19.215378 159.110118 nan 118.267455
618 8.523430 nan 8.523430 34.437783 nan 15.307211 32.524726 -2.157828 7.384856 7.384856 75.970730 nan 39.844797
619 -0.861973 nan -0.861973 29.563737 nan 19.869352 28.594299 -8.202022 -4.338956 -4.338956 -0.720246 nan -1.221827
620 -0.429148 nan -0.429148 20.313483 nan 19.377971 20.219932 -9.690044 -8.265191 -8.265191 -33.247233 nan -16.133077
621 -0.160976 nan -0.160976 23.459218 nan 21.475916 23.260888 -1.308006 -6.332117 -6.332117 -15.255020 nan -7.602308
622 -0.410445 nan -0.410445 24.442802 nan 22.767714 24.275293 -1.923956 -6.899375 -6.899375 -17.890537 nan -8.990153
623 -0.632872 nan -0.632872 15.583087 nan 21.505324 16.175310 -1.899263 -6.073930 -6.073930 -21.027973 nan -10.462454
624 -2.165668 nan -2.165668 12.331951 nan 21.673911 13.266147 -1.742900 -4.858818 -4.858818 -16.583921 nan -9.167468
625 -1.212212 nan -1.212212 24.556266 nan 29.966347 25.097274 -3.612080 -4.010659 -4.010659 -0.411511 nan -1.225997
626 -3.825806 nan -3.825806 24.110150 nan 31.149081 24.814043 -11.209187 -3.189647 -3.189647 1.192487 nan -1.875493
627 -2.317302 nan -2.317302 21.800222 nan 31.926583 22.812858 -10.341764 -2.469557 -2.469557 3.858813 nan 0.227911
628 -4.246693 nan -4.246693 20.679663 nan 33.559017 21.967598 -9.246530 -1.190382 -1.190382 11.126696 nan 2.599371
629 -5.664467 nan -5.664467 16.631772 nan 29.011015 17.869696 -4.689953 4.417987 4.417987 42.501638 nan 16.613798
630 25.942788 nan 25.942788 11.562866 nan 21.166401 12.523220 -1.094184 14.939647 14.939647 101.723431 nan 61.742705
631 104.838071 nan 104.838071 9.971281 nan 16.626643 10.636817 8.357019 24.505638 24.505638 161.013454 nan 132.630510
632 170.805445 nan 170.805445 2.675453 nan 3.863892 2.794297 7.424540 41.336832 41.336832 253.785103 nan 212.308363
633 302.161898 nan 302.161898 4.004670 nan 1.008196 3.705023 25.903629 67.847466 67.847466 421.151268 nan 362.510122
634 489.133679 nan 489.133679 26.863494 nan -11.354232 23.041721 38.905761 103.861877 103.861877 661.775284 nan 577.190600
635 519.781845 nan 519.781845 37.831333 nan -26.510225 31.397177 39.082498 114.803760 114.803760 735.852737 nan 628.574710
636 547.532528 nan 547.532528 -0.041314 nan -0.771256 -0.114308 37.628302 122.211403 122.211403 748.205428 nan 649.994440
637 550.081298 nan 550.081298 -0.114664 nan -0.816813 -0.184879 34.961693 117.264756 117.264756 717.388332 nan 636.917516
638 623.843153 nan 623.843153 -0.132419 nan -0.888305 -0.208008 32.023334 115.213735 115.213735 703.883738 nan 670.815661
639 431.327768 nan 431.327768 13.031588 nan -17.041444 10.024285 21.958244 79.672305 79.672305 496.841410 nan 468.429481
640 286.930821 nan 286.930821 48.709236 nan 13.047982 45.143110 16.449431 46.598833 46.598833 331.315882 nan 311.401923
641 114.371201 nan 114.371201 42.862980 nan 22.403856 40.817068 -1.394960 19.905731 19.905731 159.693470 nan 136.776772
642 3.881009 nan 3.881009 42.535191 nan 31.058152 41.387487 -5.350245 6.048247 6.048247 75.536871 nan 36.982241
643 -11.140949 nan -11.140949 36.541777 nan 31.047348 35.992334 -7.239654 -5.840000 -5.840000 -1.943526 nan -7.517538
644 -11.701153 nan -11.701153 44.718780 nan 44.209739 44.667876 -6.726486 -10.349239 -10.349239 -20.118151 nan -16.492361
645 -15.381950 nan -15.381950 43.641415 nan 47.403064 44.017580 -6.959465 -9.444921 -9.444921 -15.435732 nan -16.290333
646 -20.649874 nan -20.649874 42.137510 nan 49.143983 42.838158 -7.170587 -9.718859 -9.718859 -18.343230 nan -20.511007
647 -22.886384 nan -22.886384 42.067610 nan 51.835768 43.044426 -7.403032 -10.011738 -10.011738 -19.987215 nan -22.505658
648 -25.556210 nan -25.556210 45.238787 nan 57.286175 46.443526 -5.619948 -8.764989 -8.764989 -8.394389 nan -18.572635
649 -19.186865 nan -19.186865 44.658281 nan 58.846677 46.077120 -6.311870 -7.039236 -7.039236 1.316956 nan -10.529829
650 -15.465073 nan -15.465073 43.306087 nan 58.717641 44.847242 -6.329889 -9.051741 -9.051741 -11.995159 nan -14.733743
651 -12.841172 nan -12.841172 44.594981 nan 60.883793 46.223862 -5.178541 -10.418964 -10.418964 -18.361339 nan -16.316349
652 -11.684510 nan -11.684510 39.747046 nan 55.226717 41.295013 -2.937926 -7.331948 -7.331948 -3.871843 nan -8.810522
653 -8.430846 nan -8.430846 24.636601 nan 35.641492 25.737090 0.012478 0.722476 0.722476 30.076940 nan 9.138418
654 17.471377 nan 17.471377 15.027030 nan 20.573899 15.581717 4.050520 12.263122 12.263122 90.780655 nan 51.923334
655 128.096558 nan 128.096558 7.397862 nan 6.153649 7.273441 8.647422 26.048400 26.048400 167.022813 nan 148.189792
656 333.181936 nan 333.181936 -0.148928 nan -0.402409 -0.174276 18.192613 66.144993 66.144993 403.972728 nan 371.438905
657 539.208529 nan 539.208529 -0.397275 nan -0.944572 -0.452004 31.180667 109.844675 109.844675 671.088310 nan 609.253148
658 801.784984 nan 801.784984 33.912680 nan -66.169443 23.904468 84.425773 151.946341 151.946341 969.352824 nan 892.072490
659 1136.648886 nan 1136.648886 97.424167 nan -82.840368 79.397714 151.639401 191.637062 191.637062 1289.875845 nan 1224.270471
660 972.039420 nan 972.039420 6.453100 nan -38.883459 1.919444 75.276040 173.354927 173.354927 1072.159420 nan 1033.581781
661 835.760238 nan 835.760238 19.764822 nan -58.913524 11.896987 61.390373 150.345035 150.345035 938.523344 nan 896.361709
662 629.801169 nan 629.801169 46.126636 nan -49.391200 36.574852 40.149644 119.444098 119.444098 769.299297 nan 704.213962
663 486.636380 nan 486.636380 59.426606 nan -25.114957 50.972450 29.751183 91.608095 91.608095 612.521495 nan 552.293082
664 326.288511 nan 326.288511 59.152695 nan -5.664202 52.671005 15.759515 58.895988 58.895988 412.350738 nan 370.819193
665 158.813554 nan 158.813554 53.208528 nan 8.810043 48.768679 5.227096 34.268461 34.268461 256.470283 nan 206.337298
666 34.170826 nan 34.170826 44.182078 nan 15.190461 41.282916 1.106088 13.961410 13.961410 125.493811 nan 76.954515
667 -7.365872 nan -7.365872 31.334197 nan 13.057368 29.506514 -5.323544 -2.248010 -2.248010 13.889034 nan 2.071726
668 -1.473924 nan -1.473924 30.702905 nan 16.554179 29.288032 -4.940806 -7.200228 -7.200228 -15.889656 nan -8.699062
669 -2.299435 nan -2.299435 28.938718 nan 19.373052 27.982151 -5.975539 -7.962535 -7.962535 -22.183275 nan -12.083140
670 -3.144458 nan -3.144458 31.014967 nan 24.610878 30.374558 -5.346741 -11.605308 -11.605308 -41.395984 nan -21.605986
671 -3.123443 nan -3.123443 30.580463 nan 27.491459 30.271563 -4.412374 -9.863482 -9.863482 -30.674281 nan -16.559277
672 -11.274928 nan -11.274928 28.303848 nan 27.461509 28.219614 -4.866815 -7.002323 -7.002323 -15.741051 nan -13.959256
673 -14.240415 nan -14.240415 27.517453 nan 30.650538 27.830762 -4.048677 -5.033555 -5.033555 -3.990042 nan -10.053473
674 -26.811150 nan -26.811150 12.413536 nan 30.315046 14.203687 -11.397012 -2.739268 -2.739268 -6.790724 nan -18.001424
675 -16.705649 nan -16.705649 34.835783 nan 48.065855 36.158790 -16.239765 -1.028372 -1.028372 23.492650 nan 1.413763
676 -15.026646 nan -15.026646 40.701854 nan 55.845111 42.216180 -17.874286 -0.607680 -0.607680 31.420388 nan 5.965401
677 -6.065669 nan -6.065669 171.837401 nan 182.101282 172.863789 -3.941413 -55.184511 -55.184511 -159.819844 nan -80.985036
678 -1.611569 nan -1.611569 306.000462 nan 301.018508 305.502267 -1.059918 -39.295593 -39.295593 69.304744 nan 27.046938
679 -2.480767 nan -2.480767 300.813853 nan 321.472150 302.879682 0.544220 -36.989660 -36.989660 81.159410 nan 32.176778
680 9.191915 nan 9.191915 37.807161 nan 93.343281 43.360773 7.928718 7.185675 7.185675 89.646307 nan 46.444168
681 43.744864 nan 43.744864 -0.520426 nan 0.329481 -0.435435 -0.105146 19.032175 19.032175 113.715558 nan 77.279540
682 185.625251 nan 185.625251 -0.406761 nan -0.262011 -0.392286 13.442110 52.035137 52.035137 317.195378 nan 250.209202
683 -26.705359 nan -26.705359 39.325401 nan 52.250519 40.617913 -0.484087 -50.649849 -50.649849 -263.474814 nan -138.934131
684 -2.108922 nan -2.108922 282.238727 nan 238.914766 277.906331 1.633633 -41.055626 -41.055626 32.226028 nan 9.771484
685 -4.987622 nan -4.987622 301.167539 nan 290.055521 300.056338 2.012636 -38.303114 -38.303114 71.042705 nan 26.096835
686 -2.213663 nan -2.213663 260.351401 nan 304.838850 264.800146 8.852978 -37.113290 -37.113290 45.661594 nan 16.206075
687 -3.688026 nan -3.688026 256.506774 nan 307.653152 261.621412 4.625832 -35.175945 -35.175945 52.416076 nan 18.632846
688 -5.691364 nan -5.691364 241.380537 nan 306.077771 247.850260 4.589254 -3.489766 -3.489766 228.747368 nan 100.571133
689 -21.351014 nan -21.351014 8.450956 nan 49.007489 12.506609 1.590545 -3.430053 -3.430053 -7.437488 nan -15.332723
690 -48.182994 nan -48.182994 -0.315063 nan -0.003147 -0.283871 -7.747687 -6.621258 -6.621258 -43.110497 nan -46.507420
691 -16.200310 nan -16.200310 -0.218641 nan 0.016739 -0.195103 -5.306385 -2.270617 -2.270617 -15.941359 nan -16.308321
692 -28.665911 nan -28.665911 -0.455255 nan 0.029668 -0.406763 -13.697392 -3.231472 -3.231472 -25.274549 nan -27.467961
693 -33.472421 nan -33.472421 -0.661182 nan 0.272008 -0.567863 -20.353490 -3.174224 -3.174224 -27.754604 nan -31.235992
694 -23.822617 nan -23.822617 -0.031762 nan 0.126827 -0.015903 -9.152403 -4.122204 -4.122204 -28.410088 nan -26.315858
695 -23.393062 nan -23.393062 1.719479 nan 12.230442 2.770575 -6.337108 -6.414158 -6.414158 -38.249217 nan -30.752009
696 -22.900064 nan -22.900064 4.231727 nan 16.732532 5.481808 -6.648103 -7.065005 -7.065005 -39.567466 nan -31.142604
697 -19.198470 nan -19.198470 8.685238 nan 23.137062 10.130420 -6.664631 -7.813153 -7.813153 -39.414351 nan -29.122029
698 -12.610948 nan -12.610948 17.526174 nan 34.899089 19.263465 -4.116080 -9.018143 -9.018143 -36.491822 nan -24.300690
699 -3.259370 nan -3.259370 19.591283 nan 37.567146 21.388869 -2.514940 -6.711757 -6.711757 -19.887649 nan -11.436984
700 -6.385973 nan -6.385973 11.443914 nan 29.358820 13.235405 -5.544335 -7.862632 -7.862632 -36.158119 nan -20.653712
701 -1.495864 nan -1.495864 9.451626 nan 24.601338 10.966597 -0.471746 -1.155088 -1.155088 3.847373 nan 0.826157
702 -0.103783 nan -0.103783 3.890617 nan 14.106864 4.912242 3.170629 9.590744 9.590744 63.724959 nan 29.792697
703 100.283431 nan 100.283431 0.720149 nan 4.443918 1.092526 10.936586 27.802017 27.802017 172.279263 nan 135.576035
704 247.399273 nan 247.399273 -0.113487 nan -0.135792 -0.115717 18.675381 57.709822 57.709822 353.613367 nan 300.992665
705 464.052703 nan 464.052703 -0.307432 nan -0.634999 -0.340189 30.529736 100.554838 100.554838 615.200733 nan 542.008719
706 694.691768 nan 694.691768 14.844763 nan -34.297220 9.930565 63.444757 137.599289 137.599289 860.904200 nan 782.982608
707 838.649306 nan 838.649306 60.495819 nan -58.235454 48.622692 68.507575 159.501917 159.501917 1033.037226 nan 941.756744
708 1009.681733 nan 1009.681733 0.009618 nan -1.171861 -0.108530 66.840343 177.000186 177.000186 1088.628722 nan 1061.900710
709 856.654248 nan 856.654248 -0.282426 nan -1.157966 -0.369980 39.263640 151.607436 151.607436 924.980094 nan 901.636722
710 709.187952 nan 709.187952 -0.053727 nan -1.066506 -0.155005 39.435767 130.326691 130.326691 797.579447 nan 761.357188
711 453.191992 nan 453.191992 19.648060 nan -29.752004 14.708054 24.889872 84.997590 84.997590 534.649545 nan 498.035715
712 277.043465 nan 277.043465 36.342599 nan -16.744871 31.033852 14.440485 49.417352 49.417352 333.314156 nan 307.166049
713 135.988623 nan 135.988623 52.935880 nan 17.591561 49.401448 12.053967 30.586327 30.586327 237.740994 nan 185.064109
714 8.020228 nan 8.020228 33.301019 nan 16.767243 31.647641 -3.363839 9.114697 9.114697 84.990290 nan 43.822997
715 -1.904093 nan -1.904093 23.707090 nan 14.082094 22.744591 -6.973280 -7.008652 -7.008652 -22.096633 nan -11.745028
716 -0.058029 nan -0.058029 33.766633 nan 27.487736 33.138743 -2.803586 -10.571131 -10.571131 -31.409480 nan -15.279895
717 -0.171168 nan -0.171168 40.581432 nan 39.811864 40.504475 -2.381906 -11.413603 -11.413603 -28.929906 nan -14.289584
718 -0.271194 nan -0.271194 42.604238 nan 46.472551 42.991069 -2.179152 -11.309161 -11.309161 -25.735560 nan -12.881935
719 -0.252827 nan -0.252827 42.804372 nan 49.777674 43.501703 -2.006621 -11.001657 -11.001657 -23.310887 nan -11.741211
720 -0.391046 nan -0.391046 44.488643 nan 53.082240 45.348003 -1.448450 -11.180897 -11.180897 -22.316759 nan -11.378991
721 -0.190989 nan -0.190989 37.866691 nan 48.054852 38.885507 -1.708006 -8.974041 -8.974041 -15.641943 nan -8.036183
722 -3.482395 nan -3.482395 25.590416 nan 37.190467 26.750421 -3.869422 -12.797249 -12.797249 -51.580841 nan -26.522782
723 -0.353152 nan -0.353152 27.032387 nan 36.215257 27.950674 -1.215533 -7.005588 -7.005588 -14.569067 nan -7.456223
724 -0.032532 nan -0.032532 29.152328 nan 38.572025 30.094298 -0.712579 -7.068995 -7.068995 -12.604704 nan -6.392383
725 -0.125479 nan -0.125479 18.766946 nan 27.718292 19.662081 0.658227 -2.964799 -2.964799 2.136580 nan 0.635596
726 -0.076202 nan -0.076202 0.864032 nan 2.613744 1.039003 3.467314 7.827328 7.827328 49.389899 nan 23.132573
727 56.557822 nan 56.557822 -0.099076 nan -0.160666 -0.105235 8.941399 26.031532 26.031532 159.660518 nan 105.821701
728 182.107889 nan 182.107889 -0.044443 nan -0.337532 -0.073752 21.499025 50.037918 50.037918 308.753363 nan 244.301093
729 269.612103 nan 269.612103 1.676004 nan -6.177589 0.890644 27.508997 64.306962 64.306962 397.736014 nan 333.796364
730 278.177939 nan 278.177939 12.397827 nan -6.376411 10.520404 24.567257 60.705655 60.705655 384.581235 nan 332.151105
731 230.560461 nan 230.560461 6.873049 nan -6.431532 5.542591 11.360790 51.859935 51.859935 321.246519 nan 276.537248
732 194.733829 nan 194.733829 17.293709 nan 1.290477 15.693386 15.949468 48.059600 48.059600 310.430773 nan 251.750402
733 163.370026 nan 163.370026 16.450889 nan 4.365817 15.242381 14.291055 42.376755 42.376755 275.219333 nan 218.115020
734 -0.060257 nan -0.060257 260.074980 nan 205.061438 254.573626 -0.895612 -41.990172 -41.990172 2.274352 nan -2.819616
735 -0.600201 nan -0.600201 289.976690 nan 263.809005 287.359921 -0.534460 -38.483535 -38.483535 56.244924 nan 21.738046
736 -1.371192 nan -1.371192 269.936237 nan 274.748907 270.417504 -0.591993 -35.911916 -35.911916 54.709208 nan 20.853027
737 -1.938906 nan -1.938906 252.620086 nan 278.480786 255.206156 -0.515983 -33.988031 -33.988031 51.071577 nan 19.065071
738 -1.561034 nan -1.561034 51.157996 nan 99.654572 56.007654 0.498392 -1.889287 -1.889287 44.871291 nan 19.374627
739 -0.804302 nan -0.804302 10.378242 nan 41.178797 13.458297 0.099833 -1.447754 -1.447754 4.811709 nan 1.617179
740 -2.701235 nan -2.701235 54.780369 nan 87.210546 58.023387 0.521745 -1.765997 -1.765997 47.636103 nan 20.020725
741 -1.878058 nan -1.878058 203.419079 nan 210.931085 204.170280 -1.149499 -34.574636 -34.574636 -3.737338 nan -5.870514
742 -3.227874 nan -3.227874 228.850849 nan 252.362711 231.202035 -0.738160 -32.520016 -32.520016 35.786676 nan 11.546963
743 -3.281897 nan -3.281897 219.276723 nan 258.045125 223.153563 -0.613102 -31.232943 -31.232943 35.510665 nan 11.509498
