#### 	 Vertical City Weather Generator (VCWG)  	 #### 
# Building energy model terms 
# 0:time [hr] 1:sensCoolDemand [W m^-2] 2:sensHeatDemand [W m^-2] 3:dehumDemand [W m^-2] 4:coolConsump [W m^-2] 5:sensWasteCoolHeatDehum [W m^-2] 6:heatConsump [W m^-2] 7:indoorTemp [K] 8:QWater [W m^-2] 9:QGas [W m^-2] 10:sensWaste [W m^-2] 11:elecDomesticDemand [W m^-2] 12:sensWaterHeatDemand [W m^-2]
0 11.964073 0.000000 0.500000 3.200688 0.000000 0.000000 297.050020 0.500000 0.500000 0.097827 0.500000 0.500000 
1 3.291672 0.000000 0.500000 0.855566 0.000000 0.000000 297.050007 0.500000 0.500000 0.097827 0.500000 0.500000 
2 0.000000 0.000000 0.500000 0.000000 0.000000 0.000000 296.607964 0.500000 0.500000 0.097827 0.500000 0.500000 
3 0.000000 0.000000 0.500000 0.000000 0.000000 0.000000 295.988370 0.500000 0.500000 0.097827 0.500000 0.500000 
4 0.000000 0.000000 0.500000 0.000000 0.000000 0.000000 295.552873 0.500000 0.500000 0.097827 0.500000 0.500000 
5 0.000000 0.000000 0.500000 0.000000 0.000000 0.000000 294.953453 0.500000 0.500000 0.097827 0.500000 0.500000 
6 0.000000 0.000000 0.500000 0.000000 0.000000 0.000000 294.679864 0.500000 0.500000 0.097827 0.500000 0.500000 
7 0.000000 0.000000 0.500000 0.000000 0.000000 0.000000 294.836798 0.500000 0.500000 0.097827 0.500000 0.500000 
8 0.000000 0.000000 0.500000 0.000000 0.000000 0.000000 295.678487 0.500000 0.500000 0.097827 0.500000 0.500000 
9 2.312016 0.000000 0.500000 0.748832 0.000000 0.000000 297.050005 0.500000 0.500000 0.097827 0.500000 0.500000 
10 12.263879 0.000000 0.500000 4.127006 0.000000 0.000000 297.050027 0.500000 0.500000 0.097827 0.500000 0.500000 
11 29.019430 0.000000 0.500000 10.168308 0.000000 0.000000 297.050042 0.500000 0.500000 0.097827 0.500000 0.500000 
12 49.636598 0.000000 0.500000 17.655795 0.000000 0.000000 297.050040 0.500000 0.500000 0.097827 0.500000 0.500000 
13 70.715810 0.000000 0.500000 25.518812 0.000000 0.000000 297.050028 0.500000 0.500000 0.097827 0.500000 0.500000 
14 88.317332 0.000000 0.500000 32.331164 0.000000 0.000000 297.050016 0.500000 0.500000 0.097827 0.500000 0.500000 
15 99.713454 0.000000 0.500000 36.730322 0.000000 0.000000 297.050008 0.500000 0.500000 0.097827 0.500000 0.500000 
16 104.284051 0.000000 0.500000 38.523226 0.000000 0.000000 297.050006 0.500000 0.500000 0.097827 0.500000 0.500000 
17 100.798310 0.000000 0.500000 36.888575 0.000000 0.000000 297.050008 0.500000 0.500000 0.097827 0.500000 0.500000 
18 91.321569 0.000000 0.500000 33.003883 0.000000 0.000000 297.050014 0.500000 0.500000 0.097827 0.500000 0.500000 
19 74.692588 0.000000 0.500000 24.618729 0.000000 0.000000 297.050025 0.500000 0.500000 0.097827 0.500000 0.500000 
20 56.923551 0.000000 0.500000 17.014210 0.000000 0.000000 297.050034 0.500000 0.500000 0.097827 0.500000 0.500000 
21 43.941011 0.000000 0.500000 12.838727 0.000000 0.000000 297.050038 0.500000 0.500000 0.097827 0.500000 0.500000 
22 33.275282 0.000000 0.500000 9.685181 0.000000 0.000000 297.050037 0.500000 0.500000 0.097827 0.500000 0.500000 
23 24.044118 0.000000 0.500000 6.940299 0.000000 0.000000 297.050034 0.500000 0.500000 0.097827 0.500000 0.500000 
24 16.485550 0.000000 0.500000 4.690308 0.000000 0.000000 297.050028 0.500000 0.500000 0.097827 0.500000 0.500000 
25 9.873894 0.000000 0.500000 2.760058 0.000000 0.000000 297.050019 0.500000 0.500000 0.097827 0.500000 0.500000 
26 3.131469 0.000000 0.500000 0.860280 0.000000 0.000000 297.050007 0.500000 0.500000 0.097827 0.500000 0.500000 
27 0.000000 0.000000 0.500000 0.000000 0.000000 0.000000 296.840223 0.500000 0.500000 0.097827 0.500000 0.500000 
28 0.000000 0.000000 0.500000 0.000000 0.000000 0.000000 296.428451 0.500000 0.500000 0.097827 0.500000 0.500000 
29 0.000000 0.000000 0.500000 0.000000 0.000000 0.000000 296.099094 0.500000 0.500000 0.097827 0.500000 0.500000 
30 0.000000 0.000000 0.500000 0.000000 0.000000 0.000000 295.979924 0.500000 0.500000 0.097827 0.500000 0.500000 
31 0.000000 0.000000 0.500000 0.000000 0.000000 0.000000 296.096137 0.500000 0.500000 0.097827 0.500000 0.500000 
32 0.000000 0.000000 0.500000 0.000000 0.000000 0.000000 296.714487 0.500000 0.500000 0.097827 0.500000 0.500000 
33 7.228131 0.000000 0.500000 2.364322 0.000000 0.000000 297.050018 0.500000 0.500000 0.097827 0.500000 0.500000 
34 18.752645 0.000000 0.500000 6.444231 0.000000 0.000000 297.050035 0.500000 0.500000 0.097827 0.500000 0.500000 
35 38.073122 0.000000 0.500000 14.135905 0.000000 0.000000 297.050044 0.500000 0.500000 0.097827 0.500000 0.500000 
36 59.588377 0.000000 0.500000 23.019138 0.000000 0.000000 297.050036 0.500000 0.500000 0.097827 0.500000 0.500000 
37 79.169641 0.000000 0.500000 31.215031 0.000000 0.000000 297.050022 0.500000 0.500000 0.097827 0.500000 0.500000 
38 90.897518 0.000000 0.500000 35.017925 0.000000 0.000000 297.050014 0.500000 0.500000 0.097827 0.500000 0.500000 
39 95.316744 0.000000 0.500000 35.827071 0.000000 0.000000 297.050011 0.500000 0.500000 0.097827 0.500000 0.500000 
40 94.632892 0.000000 0.500000 34.816876 0.000000 0.000000 297.050011 0.500000 0.500000 0.097827 0.500000 0.500000 
41 85.414382 0.000000 0.500000 29.336930 0.000000 0.000000 297.050018 0.500000 0.500000 0.097827 0.500000 0.500000 
42 74.299618 0.000000 0.500000 24.769119 0.000000 0.000000 297.050025 0.500000 0.500000 0.097827 0.500000 0.500000 
43 61.861693 0.000000 0.500000 19.764050 0.000000 0.000000 297.050032 0.500000 0.500000 0.097827 0.500000 0.500000 
44 51.197117 0.000000 0.500000 15.946039 0.000000 0.000000 297.050036 0.500000 0.500000 0.097827 0.500000 0.500000 
45 39.657144 0.000000 0.500000 11.750697 0.000000 0.000000 297.050038 0.500000 0.500000 0.097827 0.500000 0.500000 
46 31.457397 0.000000 0.500000 9.284635 0.000000 0.000000 297.050037 0.500000 0.500000 0.097827 0.500000 0.500000 
47 25.616907 0.000000 0.500000 7.682077 0.000000 0.000000 297.050036 0.500000 0.500000 0.097827 0.500000 0.500000 
48 18.808136 0.000000 0.500000 5.498804 0.000000 0.000000 297.050030 0.500000 0.500000 0.097827 0.500000 0.500000 
49 13.010064 0.000000 0.500000 3.732146 0.000000 0.000000 297.050024 0.500000 0.500000 0.097827 0.500000 0.500000 
50 8.035209 0.000000 0.500000 2.270140 0.000000 0.000000 297.050016 0.500000 0.500000 0.097827 0.500000 0.500000 
51 4.691136 0.000000 0.500000 1.336513 0.000000 0.000000 297.050010 0.500000 0.500000 0.097827 0.500000 0.500000 
52 1.095844 0.000000 0.500000 0.307852 0.000000 0.000000 297.050002 0.500000 0.500000 0.097827 0.500000 0.500000 
53 0.000000 0.000000 0.500000 0.000000 0.000000 0.000000 296.960712 0.500000 0.500000 0.097827 0.500000 0.500000 
54 0.000000 0.000000 0.500000 0.000000 0.000000 0.000000 296.960853 0.500000 0.500000 0.097827 0.500000 0.500000 
55 0.000000 0.000000 0.500000 0.000000 0.000000 0.000000 297.032718 0.500000 0.500000 0.097827 0.500000 0.500000 
56 4.174091 0.000000 0.500000 1.268326 0.000000 0.000000 297.050010 0.500000 0.500000 0.097827 0.500000 0.500000 
57 7.521223 0.000000 0.500000 2.295138 0.000000 0.000000 297.050016 0.500000 0.500000 0.097827 0.500000 0.500000 
58 10.438814 0.000000 0.500000 3.175487 0.000000 0.000000 297.050021 0.500000 0.500000 0.097827 0.500000 0.500000 
59 16.213146 0.000000 0.500000 5.087904 0.000000 0.000000 297.050029 0.500000 0.500000 0.097827 0.500000 0.500000 
60 27.906826 0.000000 0.500000 9.146117 0.000000 0.000000 297.050039 0.500000 0.500000 0.097827 0.500000 0.500000 
61 46.582943 0.000000 0.500000 16.045368 0.000000 0.000000 297.050040 0.500000 0.500000 0.097827 0.500000 0.500000 
62 65.904925 0.000000 0.500000 23.379332 0.000000 0.000000 297.050031 0.500000 0.500000 0.097827 0.500000 0.500000 
63 80.144213 0.000000 0.500000 29.326682 0.000000 0.000000 297.050021 0.500000 0.500000 0.097827 0.500000 0.500000 
64 87.141218 0.000000 0.500000 32.349646 0.000000 0.000000 297.050016 0.500000 0.500000 0.097827 0.500000 0.500000 
65 84.669403 0.000000 0.500000 30.518217 0.000000 0.000000 297.050018 0.500000 0.500000 0.097827 0.500000 0.500000 
66 77.121730 0.000000 0.500000 27.332337 0.000000 0.000000 297.050023 0.500000 0.500000 0.097827 0.500000 0.500000 
67 65.105296 0.000000 0.500000 21.925040 0.000000 0.000000 297.050031 0.500000 0.500000 0.097827 0.500000 0.500000 
68 49.161498 0.000000 0.500000 14.916928 0.000000 0.000000 297.050037 0.500000 0.500000 0.097827 0.500000 0.500000 
69 37.967219 0.000000 0.500000 11.211756 0.000000 0.000000 297.050038 0.500000 0.500000 0.097827 0.500000 0.500000 
70 27.608109 0.000000 0.500000 7.933002 0.000000 0.000000 297.050035 0.500000 0.500000 0.097827 0.500000 0.500000 
71 19.086998 0.000000 0.500000 5.395682 0.000000 0.000000 297.050030 0.500000 0.500000 0.097827 0.500000 0.500000 
72 13.660337 0.000000 0.500000 3.886409 0.000000 0.000000 297.050024 0.500000 0.500000 0.097827 0.500000 0.500000 
73 7.816735 0.000000 0.500000 2.188828 0.000000 0.000000 297.050016 0.500000 0.500000 0.097827 0.500000 0.500000 
74 2.498415 0.000000 0.500000 0.694026 0.000000 0.000000 297.050005 0.500000 0.500000 0.097827 0.500000 0.500000 
75 0.000000 0.000000 0.500000 0.000000 0.000000 0.000000 296.854519 0.500000 0.500000 0.097827 0.500000 0.500000 
76 0.000000 0.000000 0.500000 0.000000 0.000000 0.000000 296.502607 0.500000 0.500000 0.097827 0.500000 0.500000 
77 0.000000 0.000000 0.500000 0.000000 0.000000 0.000000 296.292130 0.500000 0.500000 0.097827 0.500000 0.500000 
78 0.000000 0.000000 0.500000 0.000000 0.000000 0.000000 296.298497 0.500000 0.500000 0.097827 0.500000 0.500000 
79 0.000000 0.000000 0.500000 0.000000 0.000000 0.000000 296.682427 0.500000 0.500000 0.097827 0.500000 0.500000 
80 6.433646 0.000000 0.500000 2.157861 0.000000 0.000000 297.050016 0.500000 0.500000 0.097827 0.500000 0.500000 
81 16.142606 0.000000 0.500000 5.795327 0.000000 0.000000 297.050033 0.500000 0.500000 0.097827 0.500000 0.500000 
82 30.131344 0.000000 0.500000 11.484676 0.000000 0.000000 297.050044 0.500000 0.500000 0.097827 0.500000 0.500000 
83 47.945118 0.000000 0.500000 19.186280 0.000000 0.000000 297.050043 0.500000 0.500000 0.097827 0.500000 0.500000 
84 68.956674 0.000000 0.500000 28.722470 0.000000 0.000000 297.050029 0.500000 0.500000 0.097827 0.500000 0.500000 
85 89.774904 0.000000 0.500000 38.396495 0.000000 0.000000 297.050013 0.500000 0.500000 0.097827 0.500000 0.500000 
86 105.672616 0.000000 0.500000 45.409586 0.000000 0.000000 297.054609 0.500000 0.500000 0.097827 0.500000 0.500000 
87 114.990073 0.000000 0.500000 49.017807 0.000000 0.000000 297.052530 0.500000 0.500000 0.097827 0.500000 0.500000 
88 117.241621 0.000000 0.500000 48.878084 0.000000 0.000000 297.052066 0.500000 0.500000 0.097827 0.500000 0.500000 
89 111.019685 0.000000 0.500000 44.086656 0.000000 0.000000 297.054096 0.500000 0.500000 0.097827 0.500000 0.500000 
90 99.580990 0.000000 0.500000 37.775132 0.000000 0.000000 297.050008 0.500000 0.500000 0.097827 0.500000 0.500000 
91 83.510065 0.000000 0.500000 29.105955 0.000000 0.000000 297.050019 0.500000 0.500000 0.097827 0.500000 0.500000 
92 67.780294 0.000000 0.500000 22.143746 0.000000 0.000000 297.050029 0.500000 0.500000 0.097827 0.500000 0.500000 
93 53.862839 0.000000 0.500000 16.904231 0.000000 0.000000 297.050036 0.500000 0.500000 0.097827 0.500000 0.500000 
94 43.453752 0.000000 0.500000 13.604478 0.000000 0.000000 297.050039 0.500000 0.500000 0.097827 0.500000 0.500000 
95 34.332083 0.000000 0.500000 10.652030 0.000000 0.000000 297.050039 0.500000 0.500000 0.097827 0.500000 0.500000 
96 26.600086 0.000000 0.500000 8.102716 0.000000 0.000000 297.050037 0.500000 0.500000 0.097827 0.500000 0.500000 
97 20.174897 0.000000 0.500000 6.052725 0.000000 0.000000 297.050032 0.500000 0.500000 0.097827 0.500000 0.500000 
98 14.817207 0.000000 0.500000 4.382220 0.000000 0.000000 297.050027 0.500000 0.500000 0.097827 0.500000 0.500000 
99 8.601906 0.000000 0.500000 2.460323 0.000000 0.000000 297.050017 0.500000 0.500000 0.097827 0.500000 0.500000 
100 4.444696 0.000000 0.500000 1.263864 0.000000 0.000000 297.050009 0.500000 0.500000 0.097827 0.500000 0.500000 
101 2.140874 0.000000 0.500000 0.611281 0.000000 0.000000 297.050005 0.500000 0.500000 0.097827 0.500000 0.500000 
102 2.287721 0.000000 0.500000 0.675434 0.000000 0.000000 297.050005 0.500000 0.500000 0.097827 0.500000 0.500000 
103 5.746170 0.000000 0.500000 1.815047 0.000000 0.000000 297.050013 0.500000 0.500000 0.097827 0.500000 0.500000 
104 13.396622 0.000000 0.500000 4.574649 0.000000 0.000000 297.050028 0.500000 0.500000 0.097827 0.500000 0.500000 
105 23.398348 0.000000 0.500000 8.626945 0.000000 0.000000 297.050040 0.500000 0.500000 0.097827 0.500000 0.500000 
106 37.970652 0.000000 0.500000 14.917461 0.000000 0.000000 297.050045 0.500000 0.500000 0.097827 0.500000 0.500000 
107 54.509335 0.000000 0.500000 21.783384 0.000000 0.000000 297.050039 0.500000 0.500000 0.097827 0.500000 0.500000 
108 76.223829 0.000000 0.500000 31.400188 0.000000 0.000000 297.050024 0.500000 0.500000 0.097827 0.500000 0.500000 
109 97.529978 0.000000 0.500000 40.640436 0.000000 0.000000 297.050009 0.500000 0.500000 0.097827 0.500000 0.500000 
110 118.382571 0.000000 0.500000 52.637314 0.000000 0.000000 297.051213 0.500000 0.500000 0.097827 0.500000 0.500000 
111 123.055306 0.000000 0.500000 53.546963 0.000000 0.000000 297.424151 0.500000 0.500000 0.097827 0.500000 0.500000 
112 124.194970 0.000000 0.500000 52.203098 0.000000 0.000000 297.468265 0.500000 0.500000 0.097827 0.500000 0.500000 
113 121.401599 0.000000 0.500000 48.556348 0.000000 0.000000 297.051562 0.500000 0.500000 0.097827 0.500000 0.500000 
114 107.250989 0.000000 0.500000 40.805320 0.000000 0.000000 297.051225 0.500000 0.500000 0.097827 0.500000 0.500000 
115 91.305553 0.000000 0.500000 32.632544 0.000000 0.000000 297.050013 0.500000 0.500000 0.097827 0.500000 0.500000 
116 74.438685 0.000000 0.500000 24.764785 0.000000 0.000000 297.050024 0.500000 0.500000 0.097827 0.500000 0.500000 
117 60.289685 0.000000 0.500000 19.322447 0.000000 0.000000 297.050033 0.500000 0.500000 0.097827 0.500000 0.500000 
118 48.866046 0.000000 0.500000 15.388747 0.000000 0.000000 297.050037 0.500000 0.500000 0.097827 0.500000 0.500000 
119 38.265935 0.000000 0.500000 11.690931 0.000000 0.000000 297.050039 0.500000 0.500000 0.097827 0.500000 0.500000 
120 29.245666 0.000000 0.500000 8.667614 0.000000 0.000000 297.050037 0.500000 0.500000 0.097827 0.500000 0.500000 
121 22.365462 0.000000 0.500000 6.562492 0.000000 0.000000 297.050033 0.500000 0.500000 0.097827 0.500000 0.500000 
122 19.207999 0.000000 0.500000 5.832615 0.000000 0.000000 297.050032 0.500000 0.500000 0.097827 0.500000 0.500000 
123 16.978671 0.000000 0.500000 5.316475 0.000000 0.000000 297.050030 0.500000 0.500000 0.097827 0.500000 0.500000 
124 7.153027 0.000000 0.500000 2.023599 0.000000 0.000000 297.050014 0.500000 0.500000 0.097827 0.500000 0.500000 
125 4.791246 0.000000 0.500000 1.367815 0.000000 0.000000 297.050010 0.500000 0.500000 0.097827 0.500000 0.500000 
126 5.197108 0.000000 0.500000 1.555738 0.000000 0.000000 297.050011 0.500000 0.500000 0.097827 0.500000 0.500000 
127 6.538299 0.000000 0.500000 2.040324 0.000000 0.000000 297.050014 0.500000 0.500000 0.097827 0.500000 0.500000 
128 11.532259 0.000000 0.500000 3.745019 0.000000 0.000000 297.050024 0.500000 0.500000 0.097827 0.500000 0.500000 
129 20.087445 0.000000 0.500000 6.927648 0.000000 0.000000 297.050035 0.500000 0.500000 0.097827 0.500000 0.500000 
130 32.289196 0.000000 0.500000 11.634688 0.000000 0.000000 297.050042 0.500000 0.500000 0.097827 0.500000 0.500000 
131 46.289423 0.000000 0.500000 16.684642 0.000000 0.000000 297.050041 0.500000 0.500000 0.097827 0.500000 0.500000 
132 67.734429 0.000000 0.500000 25.916640 0.000000 0.000000 297.050030 0.500000 0.500000 0.097827 0.500000 0.500000 
133 89.770432 0.000000 0.500000 36.215196 0.000000 0.000000 297.050014 0.500000 0.500000 0.097827 0.500000 0.500000 
134 105.513930 0.000000 0.500000 42.767728 0.000000 0.000000 297.050005 0.500000 0.500000 0.097827 0.500000 0.500000 
135 114.636796 0.000000 0.500000 46.325202 0.000000 0.000000 297.053123 0.500000 0.500000 0.097827 0.500000 0.500000 
136 116.334629 0.000000 0.500000 45.856321 0.000000 0.000000 297.052852 0.500000 0.500000 0.097827 0.500000 0.500000 
137 110.634484 0.000000 0.500000 42.062530 0.000000 0.000000 297.054513 0.500000 0.500000 0.097827 0.500000 0.500000 
138 98.131811 0.000000 0.500000 35.367285 0.000000 0.000000 297.050009 0.500000 0.500000 0.097827 0.500000 0.500000 
139 84.134427 0.000000 0.500000 29.058891 0.000000 0.000000 297.050018 0.500000 0.500000 0.097827 0.500000 0.500000 
140 71.634217 0.000000 0.500000 24.057042 0.000000 0.000000 297.050026 0.500000 0.500000 0.097827 0.500000 0.500000 
141 59.365448 0.000000 0.500000 19.132216 0.000000 0.000000 297.050034 0.500000 0.500000 0.097827 0.500000 0.500000 
142 48.630141 0.000000 0.500000 15.302632 0.000000 0.000000 297.050038 0.500000 0.500000 0.097827 0.500000 0.500000 
143 39.629881 0.000000 0.500000 12.396701 0.000000 0.000000 297.050039 0.500000 0.500000 0.097827 0.500000 0.500000 
144 32.939386 0.000000 0.500000 10.336267 0.000000 0.000000 297.050039 0.500000 0.500000 0.097827 0.500000 0.500000 
145 25.850126 0.000000 0.500000 7.932094 0.000000 0.000000 297.050036 0.500000 0.500000 0.097827 0.500000 0.500000 
146 16.305421 0.000000 0.500000 4.644376 0.000000 0.000000 297.050027 0.500000 0.500000 0.097827 0.500000 0.500000 
147 10.805708 0.000000 0.500000 3.004406 0.000000 0.000000 297.050020 0.500000 0.500000 0.097827 0.500000 0.500000 
148 8.768881 0.000000 0.500000 2.465515 0.000000 0.000000 297.050017 0.500000 0.500000 0.097827 0.500000 0.500000 
149 5.745359 0.000000 0.500000 1.590143 0.000000 0.000000 297.050012 0.500000 0.500000 0.097827 0.500000 0.500000 
150 3.941517 0.000000 0.500000 1.103551 0.000000 0.000000 297.050008 0.500000 0.500000 0.097827 0.500000 0.500000 
151 2.378828 0.000000 0.500000 0.678498 0.000000 0.000000 297.050005 0.500000 0.500000 0.097827 0.500000 0.500000 
152 3.721945 0.000000 0.500000 1.097801 0.000000 0.000000 297.050008 0.500000 0.500000 0.097827 0.500000 0.500000 
153 7.784818 0.000000 0.500000 2.397716 0.000000 0.000000 297.050017 0.500000 0.500000 0.097827 0.500000 0.500000 
154 13.647583 0.000000 0.500000 4.422249 0.000000 0.000000 297.050027 0.500000 0.500000 0.097827 0.500000 0.500000 
155 22.216547 0.000000 0.500000 7.536052 0.000000 0.000000 297.050037 0.500000 0.500000 0.097827 0.500000 0.500000 
156 33.809419 0.000000 0.500000 11.364010 0.000000 0.000000 297.050041 0.500000 0.500000 0.097827 0.500000 0.500000 
157 38.517277 0.000000 0.500000 11.415417 0.000000 0.000000 297.050039 0.500000 0.500000 0.097827 0.500000 0.500000 
158 47.714242 0.000000 0.500000 14.624901 0.000000 0.000000 297.050038 0.500000 0.500000 0.097827 0.500000 0.500000 
159 58.292170 0.000000 0.500000 18.802054 0.000000 0.000000 297.050034 0.500000 0.500000 0.097827 0.500000 0.500000 
160 66.260685 0.000000 0.500000 22.318375 0.000000 0.000000 297.050030 0.500000 0.500000 0.097827 0.500000 0.500000 
161 64.554467 0.000000 0.500000 21.614982 0.000000 0.000000 297.050031 0.500000 0.500000 0.097827 0.500000 0.500000 
162 57.999016 0.000000 0.500000 19.085196 0.000000 0.000000 297.050034 0.500000 0.500000 0.097827 0.500000 0.500000 
163 50.311496 0.000000 0.500000 16.347707 0.000000 0.000000 297.050038 0.500000 0.500000 0.097827 0.500000 0.500000 
164 42.445414 0.000000 0.500000 13.751766 0.000000 0.000000 297.050039 0.500000 0.500000 0.097827 0.500000 0.500000 
165 32.985926 0.000000 0.500000 10.326570 0.000000 0.000000 297.050039 0.500000 0.500000 0.097827 0.500000 0.500000 
166 25.407382 0.000000 0.500000 7.844389 0.000000 0.000000 297.050036 0.500000 0.500000 0.097827 0.500000 0.500000 
167 16.666625 0.000000 0.500000 4.909567 0.000000 0.000000 297.050028 0.500000 0.500000 0.097827 0.500000 0.500000 
168 10.567679 0.000000 0.500000 3.036612 0.000000 0.000000 297.050021 0.500000 0.500000 0.097827 0.500000 0.500000 
169 6.294677 0.000000 0.500000 1.803285 0.000000 0.000000 297.050013 0.500000 0.500000 0.097827 0.500000 0.500000 
170 2.713723 0.000000 0.500000 0.782493 0.000000 0.000000 297.050006 0.500000 0.500000 0.097827 0.500000 0.500000 
171 0.000000 0.000000 0.500000 0.000000 0.000000 0.000000 296.993770 0.500000 0.500000 0.097827 0.500000 0.500000 
172 0.000000 0.000000 0.500000 0.000000 0.000000 0.000000 296.749433 0.500000 0.500000 0.097827 0.500000 0.500000 
173 0.000000 0.000000 0.500000 0.000000 0.000000 0.000000 296.521002 0.500000 0.500000 0.097827 0.500000 0.500000 
174 0.000000 0.000000 0.500000 0.000000 0.000000 0.000000 296.404720 0.500000 0.500000 0.097827 0.500000 0.500000 
175 0.000000 0.000000 0.500000 0.000000 0.000000 0.000000 296.505122 0.500000 0.500000 0.097827 0.500000 0.500000 
176 1.425934 0.000000 0.500000 0.440167 0.000000 0.000000 297.050004 0.500000 0.500000 0.097827 0.500000 0.500000 
177 11.096005 0.000000 0.500000 3.690394 0.000000 0.000000 297.050024 0.500000 0.500000 0.097827 0.500000 0.500000 
178 20.147444 0.000000 0.500000 6.737094 0.000000 0.000000 297.050035 0.500000 0.500000 0.097827 0.500000 0.500000 
179 33.745882 0.000000 0.500000 11.856416 0.000000 0.000000 297.050042 0.500000 0.500000 0.097827 0.500000 0.500000 
180 50.552187 0.000000 0.500000 18.490108 0.000000 0.000000 297.050040 0.500000 0.500000 0.097827 0.500000 0.500000 
181 62.080558 0.000000 0.500000 22.290462 0.000000 0.000000 297.050033 0.500000 0.500000 0.097827 0.500000 0.500000 
182 67.352673 0.000000 0.500000 24.015937 0.000000 0.000000 297.050030 0.500000 0.500000 0.097827 0.500000 0.500000 
183 69.704204 0.000000 0.500000 24.868913 0.000000 0.000000 297.050028 0.500000 0.500000 0.097827 0.500000 0.500000 
184 71.019248 0.000000 0.500000 25.076346 0.000000 0.000000 297.050027 0.500000 0.500000 0.097827 0.500000 0.500000 
185 68.422770 0.000000 0.500000 23.866809 0.000000 0.000000 297.050029 0.500000 0.500000 0.097827 0.500000 0.500000 
186 61.577462 0.000000 0.500000 20.909862 0.000000 0.000000 297.050032 0.500000 0.500000 0.097827 0.500000 0.500000 
187 52.337475 0.000000 0.500000 17.129624 0.000000 0.000000 297.050037 0.500000 0.500000 0.097827 0.500000 0.500000 
188 42.485852 0.000000 0.500000 13.449079 0.000000 0.000000 297.050039 0.500000 0.500000 0.097827 0.500000 0.500000 
189 33.964834 0.000000 0.500000 10.596418 0.000000 0.000000 297.050039 0.500000 0.500000 0.097827 0.500000 0.500000 
190 26.809060 0.000000 0.500000 8.325650 0.000000 0.000000 297.050037 0.500000 0.500000 0.097827 0.500000 0.500000 
191 19.270191 0.000000 0.500000 5.833244 0.000000 0.000000 297.050031 0.500000 0.500000 0.097827 0.500000 0.500000 
192 15.487671 0.000000 0.500000 4.754038 0.000000 0.000000 297.050028 0.500000 0.500000 0.097827 0.500000 0.500000 
193 11.561044 0.000000 0.500000 3.544186 0.000000 0.000000 297.050023 0.500000 0.500000 0.097827 0.500000 0.500000 
194 4.433863 0.000000 0.500000 1.289126 0.000000 0.000000 297.050010 0.500000 0.500000 0.097827 0.500000 0.500000 
195 0.000000 0.000000 0.500000 0.000000 0.000000 0.000000 296.851533 0.500000 0.500000 0.097827 0.500000 0.500000 
196 0.000000 0.000000 0.500000 0.000000 0.000000 0.000000 296.616772 0.500000 0.500000 0.097827 0.500000 0.500000 
197 0.000000 0.000000 0.500000 0.000000 0.000000 0.000000 296.630406 0.500000 0.500000 0.097827 0.500000 0.500000 
198 0.000000 0.000000 0.500000 0.000000 0.000000 0.000000 296.718504 0.500000 0.500000 0.097827 0.500000 0.500000 
199 0.000000 0.000000 0.500000 0.000000 0.000000 0.000000 296.895659 0.500000 0.500000 0.097827 0.500000 0.500000 
200 4.171728 0.000000 0.500000 1.293128 0.000000 0.000000 297.050010 0.500000 0.500000 0.097827 0.500000 0.500000 
201 13.257393 0.000000 0.500000 4.416904 0.000000 0.000000 297.050027 0.500000 0.500000 0.097827 0.500000 0.500000 
202 25.481640 0.000000 0.500000 8.815378 0.000000 0.000000 297.050039 0.500000 0.500000 0.097827 0.500000 0.500000 
203 38.074110 0.000000 0.500000 13.279082 0.000000 0.000000 297.050042 0.500000 0.500000 0.097827 0.500000 0.500000 
204 50.611150 0.000000 0.500000 17.778895 0.000000 0.000000 297.050039 0.500000 0.500000 0.097827 0.500000 0.500000 
205 62.754460 0.000000 0.500000 22.383155 0.000000 0.000000 297.050033 0.500000 0.500000 0.097827 0.500000 0.500000 
206 74.027973 0.000000 0.500000 26.723611 0.000000 0.000000 297.050025 0.500000 0.500000 0.097827 0.500000 0.500000 
207 81.523388 0.000000 0.500000 29.155050 0.000000 0.000000 297.050020 0.500000 0.500000 0.097827 0.500000 0.500000 
208 86.751603 0.000000 0.500000 31.582727 0.000000 0.000000 297.050017 0.500000 0.500000 0.097827 0.500000 0.500000 
209 87.057991 0.000000 0.500000 31.958300 0.000000 0.000000 297.050016 0.500000 0.500000 0.097827 0.500000 0.500000 
210 81.543867 0.000000 0.500000 29.647318 0.000000 0.000000 297.050020 0.500000 0.500000 0.097827 0.500000 0.500000 
211 70.943635 0.000000 0.500000 24.637638 0.000000 0.000000 297.050027 0.500000 0.500000 0.097827 0.500000 0.500000 
212 58.995868 0.000000 0.500000 19.592597 0.000000 0.000000 297.050034 0.500000 0.500000 0.097827 0.500000 0.500000 
213 46.656674 0.000000 0.500000 14.719136 0.000000 0.000000 297.050038 0.500000 0.500000 0.097827 0.500000 0.500000 
214 36.293528 0.000000 0.500000 11.119266 0.000000 0.000000 297.050039 0.500000 0.500000 0.097827 0.500000 0.500000 
215 27.889672 0.000000 0.500000 8.413799 0.000000 0.000000 297.050037 0.500000 0.500000 0.097827 0.500000 0.500000 
216 20.966633 0.000000 0.500000 6.221589 0.000000 0.000000 297.050032 0.500000 0.500000 0.097827 0.500000 0.500000 
217 15.944657 0.000000 0.500000 4.727957 0.000000 0.000000 297.050028 0.500000 0.500000 0.097827 0.500000 0.500000 
218 9.815393 0.000000 0.500000 2.823599 0.000000 0.000000 297.050019 0.500000 0.500000 0.097827 0.500000 0.500000 
219 4.139457 0.000000 0.500000 1.166382 0.000000 0.000000 297.050009 0.500000 0.500000 0.097827 0.500000 0.500000 
220 1.381277 0.000000 0.500000 0.394205 0.000000 0.000000 297.050003 0.500000 0.500000 0.097827 0.500000 0.500000 
221 0.000000 0.000000 0.500000 0.000000 0.000000 0.000000 296.992776 0.500000 0.500000 0.097827 0.500000 0.500000 
222 0.000000 0.000000 0.500000 0.000000 0.000000 0.000000 296.951006 0.500000 0.500000 0.097827 0.500000 0.500000 
223 2.208461 0.000000 0.500000 0.685515 0.000000 0.000000 297.050005 0.500000 0.500000 0.097827 0.500000 0.500000 
224 9.298886 0.000000 0.500000 3.069831 0.000000 0.000000 297.050021 0.500000 0.500000 0.097827 0.500000 0.500000 
225 19.179271 0.000000 0.500000 6.802467 0.000000 0.000000 297.050036 0.500000 0.500000 0.097827 0.500000 0.500000 
226 33.621636 0.000000 0.500000 12.613295 0.000000 0.000000 297.050044 0.500000 0.500000 0.097827 0.500000 0.500000 
227 50.183191 0.000000 0.500000 19.241514 0.000000 0.000000 297.050041 0.500000 0.500000 0.097827 0.500000 0.500000 
228 69.759747 0.000000 0.500000 27.354231 0.000000 0.000000 297.050029 0.500000 0.500000 0.097827 0.500000 0.500000 
229 88.409912 0.000000 0.500000 34.930933 0.000000 0.000000 297.050015 0.500000 0.500000 0.097827 0.500000 0.500000 
230 103.061864 0.000000 0.500000 40.812304 0.000000 0.000000 297.050006 0.500000 0.500000 0.097827 0.500000 0.500000 
231 111.436481 0.000000 0.500000 43.712946 0.000000 0.000000 297.054171 0.500000 0.500000 0.097827 0.500000 0.500000 
232 111.541973 0.000000 0.500000 42.167877 0.000000 0.000000 297.054370 0.500000 0.500000 0.097827 0.500000 0.500000 
233 103.439059 0.000000 0.500000 37.279230 0.000000 0.000000 297.050008 0.500000 0.500000 0.097827 0.500000 0.500000 
234 88.851874 0.000000 0.500000 30.019732 0.000000 0.000000 297.050016 0.500000 0.500000 0.097827 0.500000 0.500000 
235 72.929827 0.000000 0.500000 23.298649 0.000000 0.000000 297.050026 0.500000 0.500000 0.097827 0.500000 0.500000 
236 58.796603 0.000000 0.500000 18.282343 0.000000 0.000000 297.050034 0.500000 0.500000 0.097827 0.500000 0.500000 
237 46.551353 0.000000 0.500000 14.170432 0.000000 0.000000 297.050038 0.500000 0.500000 0.097827 0.500000 0.500000 
238 35.472056 0.000000 0.500000 10.448665 0.000000 0.000000 297.050038 0.500000 0.500000 0.097827 0.500000 0.500000 
239 26.739554 0.000000 0.500000 7.719960 0.000000 0.000000 297.050035 0.500000 0.500000 0.097827 0.500000 0.500000 
240 19.433282 0.000000 0.500000 5.479577 0.000000 0.000000 297.050030 0.500000 0.500000 0.097827 0.500000 0.500000 
241 13.650954 0.000000 0.500000 3.787023 0.000000 0.000000 297.050024 0.500000 0.500000 0.097827 0.500000 0.500000 
242 10.977589 0.000000 0.500000 3.101353 0.000000 0.000000 297.050021 0.500000 0.500000 0.097827 0.500000 0.500000 
243 7.707695 0.000000 0.500000 2.161700 0.000000 0.000000 297.050016 0.500000 0.500000 0.097827 0.500000 0.500000 
244 6.555474 0.000000 0.500000 1.866876 0.000000 0.000000 297.050014 0.500000 0.500000 0.097827 0.500000 0.500000 
245 4.266981 0.000000 0.500000 1.197909 0.000000 0.000000 297.050009 0.500000 0.500000 0.097827 0.500000 0.500000 
246 2.223046 0.000000 0.500000 0.621483 0.000000 0.000000 297.050005 0.500000 0.500000 0.097827 0.500000 0.500000 
247 0.000000 0.000000 0.500000 0.000000 0.000000 0.000000 297.033222 0.500000 0.500000 0.097827 0.500000 0.500000 
248 0.000000 0.000000 0.500000 0.000000 0.000000 0.000000 296.828433 0.500000 0.500000 0.097827 0.500000 0.500000 
249 0.000000 0.000000 0.500000 0.000000 0.000000 0.000000 296.704051 0.500000 0.500000 0.097827 0.500000 0.500000 
250 0.000000 0.000000 0.500000 0.000000 0.000000 0.000000 296.611215 0.500000 0.500000 0.097827 0.500000 0.500000 
251 0.000000 0.000000 0.500000 0.000000 0.000000 0.000000 296.719609 0.500000 0.500000 0.097827 0.500000 0.500000 
252 0.000000 0.000000 0.500000 0.000000 0.000000 0.000000 297.049160 0.500000 0.500000 0.097827 0.500000 0.500000 
253 3.952236 0.000000 0.500000 1.124721 0.000000 0.000000 297.050009 0.500000 0.500000 0.097827 0.500000 0.500000 
254 6.707552 0.000000 0.500000 1.902959 0.000000 0.000000 297.050014 0.500000 0.500000 0.097827 0.500000 0.500000 
255 8.380033 0.000000 0.500000 2.364708 0.000000 0.000000 297.050017 0.500000 0.500000 0.097827 0.500000 0.500000 
256 10.194600 0.000000 0.500000 2.897148 0.000000 0.000000 297.050019 0.500000 0.500000 0.097827 0.500000 0.500000 
257 10.505453 0.000000 0.500000 2.999114 0.000000 0.000000 297.050020 0.500000 0.500000 0.097827 0.500000 0.500000 
258 10.964492 0.000000 0.500000 3.218405 0.000000 0.000000 297.050021 0.500000 0.500000 0.097827 0.500000 0.500000 
259 10.512300 0.000000 0.500000 3.158009 0.000000 0.000000 297.050021 0.500000 0.500000 0.097827 0.500000 0.500000 
260 8.078584 0.000000 0.500000 2.420885 0.000000 0.000000 297.050017 0.500000 0.500000 0.097827 0.500000 0.500000 
261 3.373010 0.000000 0.500000 0.980007 0.000000 0.000000 297.050008 0.500000 0.500000 0.097827 0.500000 0.500000 
262 0.000000 0.000000 0.500000 0.000000 0.000000 0.000000 296.982128 0.500000 0.500000 0.097827 0.500000 0.500000 
263 0.000000 0.000000 0.500000 0.000000 0.000000 0.000000 296.420760 0.500000 0.500000 0.097827 0.500000 0.500000 
264 0.000000 0.000000 0.500000 0.000000 0.000000 0.000000 296.123027 0.500000 0.500000 0.097827 0.500000 0.500000 
265 0.000000 0.000000 0.500000 0.000000 0.000000 0.000000 295.790114 0.500000 0.500000 0.097827 0.500000 0.500000 
266 0.000000 0.000000 0.500000 0.000000 0.000000 0.000000 295.258071 0.500000 0.500000 0.097827 0.500000 0.500000 
267 0.000000 0.000000 0.500000 0.000000 0.000000 0.000000 294.827398 0.500000 0.500000 0.097827 0.500000 0.500000 
268 0.000000 0.000000 0.500000 0.000000 0.000000 0.000000 294.480500 0.500000 0.500000 0.097827 0.500000 0.500000 
269 0.000000 0.000000 0.500000 0.000000 0.000000 0.000000 294.291620 0.500000 0.500000 0.097827 0.500000 0.500000 
270 0.000000 0.938495 0.500000 0.000000 0.000000 0.901465 294.250000 0.500000 0.500000 0.097827 0.500000 0.500000 
271 0.000000 0.949714 0.500000 0.000000 0.000000 0.909556 294.250000 0.500000 0.500000 0.097827 0.500000 0.500000 
272 0.000000 0.000000 0.500000 0.000000 0.000000 0.000000 294.499249 0.500000 0.500000 0.097827 0.500000 0.500000 
273 0.000000 0.000000 0.500000 0.000000 0.000000 0.000000 295.451633 0.500000 0.500000 0.097827 0.500000 0.500000 
274 0.000000 0.000000 0.500000 0.000000 0.000000 0.000000 296.823685 0.500000 0.500000 0.097827 0.500000 0.500000 
275 11.941028 0.000000 0.500000 3.821565 0.000000 0.000000 297.050026 0.500000 0.500000 0.097827 0.500000 0.500000 
276 29.029933 0.000000 0.500000 9.552739 0.000000 0.000000 297.050040 0.500000 0.500000 0.097827 0.500000 0.500000 
277 47.861804 0.000000 0.500000 16.238192 0.000000 0.000000 297.050040 0.500000 0.500000 0.097827 0.500000 0.500000 
278 63.549125 0.000000 0.500000 21.679844 0.000000 0.000000 297.050032 0.500000 0.500000 0.097827 0.500000 0.500000 
279 73.556416 0.000000 0.500000 24.805661 0.000000 0.000000 297.050026 0.500000 0.500000 0.097827 0.500000 0.500000 
280 76.480461 0.000000 0.500000 25.146159 0.000000 0.000000 297.050024 0.500000 0.500000 0.097827 0.500000 0.500000 
281 72.320326 0.000000 0.500000 23.218060 0.000000 0.000000 297.050026 0.500000 0.500000 0.097827 0.500000 0.500000 
282 63.658749 0.000000 0.500000 20.284852 0.000000 0.000000 297.050031 0.500000 0.500000 0.097827 0.500000 0.500000 
283 53.839677 0.000000 0.500000 17.240786 0.000000 0.000000 297.050036 0.500000 0.500000 0.097827 0.500000 0.500000 
284 45.391915 0.000000 0.500000 14.914899 0.000000 0.000000 297.050039 0.500000 0.500000 0.097827 0.500000 0.500000 
285 37.751493 0.000000 0.500000 12.685570 0.000000 0.000000 297.050041 0.500000 0.500000 0.097827 0.500000 0.500000 
286 29.078819 0.000000 0.500000 9.586984 0.000000 0.000000 297.050039 0.500000 0.500000 0.097827 0.500000 0.500000 
287 20.790558 0.000000 0.500000 6.644823 0.000000 0.000000 297.050034 0.500000 0.500000 0.097827 0.500000 0.500000 
288 16.765068 0.000000 0.500000 5.457204 0.000000 0.000000 297.050030 0.500000 0.500000 0.097827 0.500000 0.500000 
289 7.815912 0.000000 0.500000 2.401426 0.000000 0.000000 297.050016 0.500000 0.500000 0.097827 0.500000 0.500000 
290 0.000000 0.000000 0.500000 0.000000 0.000000 0.000000 297.026588 0.500000 0.500000 0.097827 0.500000 0.500000 
291 0.000000 0.000000 0.500000 0.000000 0.000000 0.000000 296.665281 0.500000 0.500000 0.097827 0.500000 0.500000 
292 0.000000 0.000000 0.500000 0.000000 0.000000 0.000000 296.199200 0.500000 0.500000 0.097827 0.500000 0.500000 
293 0.000000 0.000000 0.500000 0.000000 0.000000 0.000000 295.017073 0.500000 0.500000 0.097827 0.500000 0.500000 
294 0.000000 0.000000 0.500000 0.000000 0.000000 0.000000 294.641550 0.500000 0.500000 0.097827 0.500000 0.500000 
295 0.000000 0.000000 0.500000 0.000000 0.000000 0.000000 294.654796 0.500000 0.500000 0.097827 0.500000 0.500000 
296 0.000000 0.000000 0.500000 0.000000 0.000000 0.000000 295.135749 0.500000 0.500000 0.097827 0.500000 0.500000 
297 0.000000 0.000000 0.500000 0.000000 0.000000 0.000000 296.089419 0.500000 0.500000 0.097827 0.500000 0.500000 
298 4.340593 0.000000 0.500000 1.329473 0.000000 0.000000 297.050011 0.500000 0.500000 0.097827 0.500000 0.500000 
299 21.176917 0.000000 0.500000 6.913611 0.000000 0.000000 297.050035 0.500000 0.500000 0.097827 0.500000 0.500000 
300 42.305735 0.000000 0.500000 14.460498 0.000000 0.000000 297.050042 0.500000 0.500000 0.097827 0.500000 0.500000 
301 61.903935 0.000000 0.500000 21.446671 0.000000 0.000000 297.050034 0.500000 0.500000 0.097827 0.500000 0.500000 
302 77.019570 0.000000 0.500000 26.597491 0.000000 0.000000 297.050023 0.500000 0.500000 0.097827 0.500000 0.500000 
303 85.591701 0.000000 0.500000 28.834714 0.000000 0.000000 297.050018 0.500000 0.500000 0.097827 0.500000 0.500000 
304 89.659358 0.000000 0.500000 30.381238 0.000000 0.000000 297.050015 0.500000 0.500000 0.097827 0.500000 0.500000 
305 85.511048 0.000000 0.500000 28.559655 0.000000 0.000000 297.050018 0.500000 0.500000 0.097827 0.500000 0.500000 
306 81.670810 0.000000 0.500000 29.698996 0.000000 0.000000 297.050020 0.500000 0.500000 0.097827 0.500000 0.500000 
307 71.274689 0.000000 0.500000 26.077129 0.000000 0.000000 297.050027 0.500000 0.500000 0.097827 0.500000 0.500000 
308 54.740129 0.000000 0.500000 18.208022 0.000000 0.000000 297.050036 0.500000 0.500000 0.097827 0.500000 0.500000 
309 41.262634 0.000000 0.500000 13.057018 0.000000 0.000000 297.050039 0.500000 0.500000 0.097827 0.500000 0.500000 
310 27.033206 0.000000 0.500000 7.892896 0.000000 0.000000 297.050035 0.500000 0.500000 0.097827 0.500000 0.500000 
311 15.265407 0.000000 0.500000 4.202223 0.000000 0.000000 297.050026 0.500000 0.500000 0.097827 0.500000 0.500000 
312 6.365129 0.000000 0.500000 1.690301 0.000000 0.000000 297.050012 0.500000 0.500000 0.097827 0.500000 0.500000 
313 0.000000 0.000000 0.500000 0.000000 0.000000 0.000000 296.963598 0.500000 0.500000 0.097827 0.500000 0.500000 
314 0.000000 0.000000 0.500000 0.000000 0.000000 0.000000 296.340265 0.500000 0.500000 0.097827 0.500000 0.500000 
315 0.000000 0.000000 0.500000 0.000000 0.000000 0.000000 295.727169 0.500000 0.500000 0.097827 0.500000 0.500000 
316 0.000000 0.000000 0.500000 0.000000 0.000000 0.000000 295.268749 0.500000 0.500000 0.097827 0.500000 0.500000 
317 0.000000 0.000000 0.500000 0.000000 0.000000 0.000000 294.776265 0.500000 0.500000 0.097827 0.500000 0.500000 
318 0.000000 0.000000 0.500000 0.000000 0.000000 0.000000 294.531623 0.500000 0.500000 0.097827 0.500000 0.500000 
319 0.000000 0.000000 0.500000 0.000000 0.000000 0.000000 294.583721 0.500000 0.500000 0.097827 0.500000 0.500000 
320 0.000000 0.000000 0.500000 0.000000 0.000000 0.000000 295.350006 0.500000 0.500000 0.097827 0.500000 0.500000 
321 0.000000 0.000000 0.500000 0.000000 0.000000 0.000000 296.827214 0.500000 0.500000 0.097827 0.500000 0.500000 
322 11.916379 0.000000 0.500000 4.102746 0.000000 0.000000 297.050029 0.500000 0.500000 0.097827 0.500000 0.500000 
323 24.710413 0.000000 0.500000 8.483177 0.000000 0.000000 297.050040 0.500000 0.500000 0.097827 0.500000 0.500000 
324 37.320757 0.000000 0.500000 12.595542 0.000000 0.000000 297.050042 0.500000 0.500000 0.097827 0.500000 0.500000 
325 46.200818 0.000000 0.500000 15.454296 0.000000 0.000000 297.050040 0.500000 0.500000 0.097827 0.500000 0.500000 
326 49.890884 0.000000 0.500000 16.262200 0.000000 0.000000 297.050038 0.500000 0.500000 0.097827 0.500000 0.500000 
327 49.278094 0.000000 0.500000 15.661300 0.000000 0.000000 297.050038 0.500000 0.500000 0.097827 0.500000 0.500000 
328 44.863580 0.000000 0.500000 13.812681 0.000000 0.000000 297.050039 0.500000 0.500000 0.097827 0.500000 0.500000 
329 38.048752 0.000000 0.500000 11.401083 0.000000 0.000000 297.050038 0.500000 0.500000 0.097827 0.500000 0.500000 
330 31.776167 0.000000 0.500000 9.486259 0.000000 0.000000 297.050037 0.500000 0.500000 0.097827 0.500000 0.500000 
331 24.666072 0.000000 0.500000 7.192306 0.000000 0.000000 297.050034 0.500000 0.500000 0.097827 0.500000 0.500000 
332 18.119181 0.000000 0.500000 5.185832 0.000000 0.000000 297.050029 0.500000 0.500000 0.097827 0.500000 0.500000 
333 14.275471 0.000000 0.500000 4.176389 0.000000 0.000000 297.050026 0.500000 0.500000 0.097827 0.500000 0.500000 
334 11.923477 0.000000 0.500000 3.610509 0.000000 0.000000 297.050023 0.500000 0.500000 0.097827 0.500000 0.500000 
335 0.720108 0.000000 0.500000 0.193784 0.000000 0.000000 297.050002 0.500000 0.500000 0.097827 0.500000 0.500000 
336 0.000000 0.000000 0.500000 0.000000 0.000000 0.000000 296.832659 0.500000 0.500000 0.097827 0.500000 0.500000 
337 0.000000 0.000000 0.500000 0.000000 0.000000 0.000000 296.803629 0.500000 0.500000 0.097827 0.500000 0.500000 
338 0.000000 0.000000 0.500000 0.000000 0.000000 0.000000 296.385187 0.500000 0.500000 0.097827 0.500000 0.500000 
339 0.000000 0.000000 0.500000 0.000000 0.000000 0.000000 295.612385 0.500000 0.500000 0.097827 0.500000 0.500000 
340 0.000000 0.000000 0.500000 0.000000 0.000000 0.000000 295.136308 0.500000 0.500000 0.097827 0.500000 0.500000 
341 0.000000 0.000000 0.500000 0.000000 0.000000 0.000000 294.695576 0.500000 0.500000 0.097827 0.500000 0.500000 
342 0.000000 0.000000 0.500000 0.000000 0.000000 0.000000 294.284286 0.500000 0.500000 0.097827 0.500000 0.500000 
343 0.000000 3.500726 0.500000 0.000000 0.000000 3.372341 294.250000 0.500000 0.500000 0.097827 0.500000 0.500000 
344 0.000000 3.855287 0.500000 0.000000 0.000000 3.705838 294.250000 0.500000 0.500000 0.097827 0.500000 0.500000 
345 0.000000 0.000000 0.500000 0.000000 0.000000 0.000000 294.247281 0.500000 0.500000 0.097827 0.500000 0.500000 
346 0.000000 0.000000 0.500000 0.000000 0.000000 0.000000 294.868276 0.500000 0.500000 0.097827 0.500000 0.500000 
347 0.000000 0.000000 0.500000 0.000000 0.000000 0.000000 295.837775 0.500000 0.500000 0.097827 0.500000 0.500000 
348 2.350545 0.000000 0.500000 0.676251 0.000000 0.000000 297.050005 0.500000 0.500000 0.097827 0.500000 0.500000 
349 13.687189 0.000000 0.500000 3.947700 0.000000 0.000000 297.050025 0.500000 0.500000 0.097827 0.500000 0.500000 
350 23.255467 0.000000 0.500000 6.762964 0.000000 0.000000 297.050034 0.500000 0.500000 0.097827 0.500000 0.500000 
351 28.759546 0.000000 0.500000 8.223624 0.000000 0.000000 297.050036 0.500000 0.500000 0.097827 0.500000 0.500000 
352 27.337987 0.000000 0.500000 7.436322 0.000000 0.000000 297.050034 0.500000 0.500000 0.097827 0.500000 0.500000 
353 26.039983 0.000000 0.500000 7.242021 0.000000 0.000000 297.050034 0.500000 0.500000 0.097827 0.500000 0.500000 
354 25.617840 0.000000 0.500000 7.572962 0.000000 0.000000 297.050035 0.500000 0.500000 0.097827 0.500000 0.500000 
355 23.661721 0.000000 0.500000 7.342326 0.000000 0.000000 297.050035 0.500000 0.500000 0.097827 0.500000 0.500000 
356 19.302320 0.000000 0.500000 6.120752 0.000000 0.000000 297.050032 0.500000 0.500000 0.097827 0.500000 0.500000 
357 12.261613 0.000000 0.500000 3.786571 0.000000 0.000000 297.050024 0.500000 0.500000 0.097827 0.500000 0.500000 
358 3.743214 0.000000 0.500000 1.096314 0.000000 0.000000 297.050008 0.500000 0.500000 0.097827 0.500000 0.500000 
359 0.481729 0.000000 0.500000 0.145215 0.000000 0.000000 297.050001 0.500000 0.500000 0.097827 0.500000 0.500000 
360 0.000000 0.000000 0.500000 0.000000 0.000000 0.000000 296.878016 0.500000 0.500000 0.097827 0.500000 0.500000 
361 0.000000 0.000000 0.500000 0.000000 0.000000 0.000000 296.548526 0.500000 0.500000 0.097827 0.500000 0.500000 
362 0.000000 0.000000 0.500000 0.000000 0.000000 0.000000 296.160699 0.500000 0.500000 0.097827 0.500000 0.500000 
363 0.000000 0.000000 0.500000 0.000000 0.000000 0.000000 295.117879 0.500000 0.500000 0.097827 0.500000 0.500000 
364 0.000000 0.000000 0.500000 0.000000 0.000000 0.000000 294.395601 0.500000 0.500000 0.097827 0.500000 0.500000 
365 0.000000 4.478021 0.500000 0.000000 0.000000 4.281550 294.250000 0.500000 0.500000 0.097827 0.500000 0.500000 
366 0.000000 16.019776 0.500000 0.000000 0.000000 15.515318 294.250000 0.500000 0.500000 0.097827 0.500000 0.500000 
367 0.000000 16.270284 0.500000 0.000000 0.000000 15.725595 294.250000 0.500000 0.500000 0.097827 0.500000 0.500000 
368 0.000000 9.478613 0.500000 0.000000 0.000000 9.105431 294.250000 0.500000 0.500000 0.097827 0.500000 0.500000 
369 0.000000 0.000000 0.500000 0.000000 0.000000 0.000000 294.258099 0.500000 0.500000 0.097827 0.500000 0.500000 
370 0.000000 0.000000 0.500000 0.000000 0.000000 0.000000 295.335177 0.500000 0.500000 0.097827 0.500000 0.500000 
371 0.000000 0.000000 0.500000 0.000000 0.000000 0.000000 296.911748 0.500000 0.500000 0.097827 0.500000 0.500000 
372 13.433580 0.000000 0.500000 3.977757 0.000000 0.000000 297.050026 0.500000 0.500000 0.097827 0.500000 0.500000 
373 29.466892 0.000000 0.500000 8.889852 0.000000 0.000000 297.050038 0.500000 0.500000 0.097827 0.500000 0.500000 
374 43.145769 0.000000 0.500000 13.108834 0.000000 0.000000 297.050039 0.500000 0.500000 0.097827 0.500000 0.500000 
375 52.625727 0.000000 0.500000 15.911977 0.000000 0.000000 297.050036 0.500000 0.500000 0.097827 0.500000 0.500000 
376 56.263022 0.000000 0.500000 16.737914 0.000000 0.000000 297.050035 0.500000 0.500000 0.097827 0.500000 0.500000 
377 52.455868 0.000000 0.500000 15.202027 0.000000 0.000000 297.050035 0.500000 0.500000 0.097827 0.500000 0.500000 
378 48.451074 0.000000 0.500000 14.848309 0.000000 0.000000 297.050037 0.500000 0.500000 0.097827 0.500000 0.500000 
379 40.781908 0.000000 0.500000 12.805281 0.000000 0.000000 297.050039 0.500000 0.500000 0.097827 0.500000 0.500000 
380 33.433296 0.000000 0.500000 10.824957 0.000000 0.000000 297.050040 0.500000 0.500000 0.097827 0.500000 0.500000 
381 26.554749 0.000000 0.500000 8.800919 0.000000 0.000000 297.050038 0.500000 0.500000 0.097827 0.500000 0.500000 
382 12.618864 0.000000 0.500000 3.730499 0.000000 0.000000 297.050024 0.500000 0.500000 0.097827 0.500000 0.500000 
383 4.858866 0.000000 0.500000 1.430704 0.000000 0.000000 297.050010 0.500000 0.500000 0.097827 0.500000 0.500000 
384 0.000000 0.000000 0.500000 0.000000 0.000000 0.000000 296.427832 0.500000 0.500000 0.097827 0.500000 0.500000 
385 0.000000 0.000000 0.500000 0.000000 0.000000 0.000000 295.602285 0.500000 0.500000 0.097827 0.500000 0.500000 
386 0.000000 0.000000 0.500000 0.000000 0.000000 0.000000 295.063108 0.500000 0.500000 0.097827 0.500000 0.500000 
387 0.000000 3.955756 0.500000 0.000000 0.000000 3.820264 294.250000 0.500000 0.500000 0.097827 0.500000 0.500000 
388 0.000000 13.215855 0.500000 0.000000 0.000000 12.824665 294.250000 0.500000 0.500000 0.097827 0.500000 0.500000 
389 0.000000 20.312339 0.500000 0.000000 0.000000 19.791416 294.250000 0.500000 0.500000 0.097827 0.500000 0.500000 
390 0.000000 22.650796 0.500000 0.000000 0.000000 22.039350 294.250000 0.500000 0.500000 0.097827 0.500000 0.500000 
391 0.000000 20.953371 0.500000 0.000000 0.000000 20.293512 294.250000 0.500000 0.500000 0.097827 0.500000 0.500000 
392 0.000000 13.598925 0.500000 0.000000 0.000000 13.078038 294.250000 0.500000 0.500000 0.097827 0.500000 0.500000 
393 0.000000 5.019573 0.500000 0.000000 0.000000 4.811457 294.250000 0.500000 0.500000 0.097827 0.500000 0.500000 
394 0.000000 0.000000 0.500000 0.000000 0.000000 0.000000 295.035975 0.500000 0.500000 0.097827 0.500000 0.500000 
395 0.000000 0.000000 0.500000 0.000000 0.000000 0.000000 296.985183 0.500000 0.500000 0.097827 0.500000 0.500000 
396 17.960581 0.000000 0.500000 5.677043 0.000000 0.000000 297.050033 0.500000 0.500000 0.097827 0.500000 0.500000 
397 37.264330 0.000000 0.500000 12.046659 0.000000 0.000000 297.050042 0.500000 0.500000 0.097827 0.500000 0.500000 
398 53.779219 0.000000 0.500000 17.642830 0.000000 0.000000 297.050037 0.500000 0.500000 0.097827 0.500000 0.500000 
399 63.745117 0.000000 0.500000 20.771716 0.000000 0.000000 297.050032 0.500000 0.500000 0.097827 0.500000 0.500000 
400 67.301388 0.000000 0.500000 21.785410 0.000000 0.000000 297.050030 0.500000 0.500000 0.097827 0.500000 0.500000 
401 62.725595 0.000000 0.500000 19.703288 0.000000 0.000000 297.050032 0.500000 0.500000 0.097827 0.500000 0.500000 
402 52.181110 0.000000 0.500000 15.773193 0.000000 0.000000 297.050036 0.500000 0.500000 0.097827 0.500000 0.500000 
403 39.528238 0.000000 0.500000 11.469968 0.000000 0.000000 297.050038 0.500000 0.500000 0.097827 0.500000 0.500000 
404 29.543595 0.000000 0.500000 8.589352 0.000000 0.000000 297.050036 0.500000 0.500000 0.097827 0.500000 0.500000 
405 23.302635 0.000000 0.500000 7.073616 0.000000 0.000000 297.050034 0.500000 0.500000 0.097827 0.500000 0.500000 
406 17.084618 0.000000 0.500000 5.264188 0.000000 0.000000 297.050030 0.500000 0.500000 0.097827 0.500000 0.500000 
407 4.806524 0.000000 0.500000 1.349279 0.000000 0.000000 297.050010 0.500000 0.500000 0.097827 0.500000 0.500000 
