13/07/2004	003000.000	-9.999999e-99	-9.999999e-99	42.670	-9.999999e-99	0.567	45.049	0.592	-88.030	-9.999999e-99	-9.999999e-99
13/07/2004	010000.000	-9.999999e-99	-9.999999e-99	25.868	-9.999999e-99	0.392	32.264	0.389	-70.534	-9.999999e-99	-9.999999e-99
13/07/2004	013000.000	-9.999999e-99	-9.999999e-99	38.952	-9.999999e-99	0.471	48.282	0.482	-51.324	-9.999999e-99	-9.999999e-99
13/07/2004	020000.000	-9.999999e-99	-9.999999e-99	33.501	-9.999999e-99	0.470	35.216	0.426	-82.534	-9.999999e-99	-9.999999e-99
13/07/2004	023000.000	-9.999999e-99	-9.999999e-99	44.052	-9.999999e-99	0.485	49.179	0.493	-88.180	-9.999999e-99	-9.999999e-99
13/07/2004	030000.000	-9.999999e-99	-9.999999e-99	31.619	-9.999999e-99	0.469	38.409	0.474	-88.900	-9.999999e-99	-9.999999e-99
13/07/2004	033000.000	-9.999999e-99	-9.999999e-99	50.002	-9.999999e-99	0.428	55.082	0.401	-83.020	-9.999999e-99	-9.999999e-99
13/07/2004	040000.000	-9.999999e-99	-9.999999e-99	28.023	-9.999999e-99	0.345	30.782	0.343	-64.798	-9.999999e-99	-9.999999e-99
13/07/2004	043000.000	-9.999999e-99	-9.999999e-99	36.874	-9.999999e-99	0.427	41.248	0.398	-43.540	-9.999999e-99	-9.999999e-99
13/07/2004	050000.000	-9.999999e-99	-9.999999e-99	54.871	-9.999999e-99	0.333	62.416	0.338	-11.182	-9.999999e-99	-9.999999e-99
13/07/2004	053000.000	-9.999999e-99	-9.999999e-99	47.671	-9.999999e-99	0.402	57.488	0.394	16.413	-9.999999e-99	-9.999999e-99
13/07/2004	060000.000	-9.999999e-99	-9.999999e-99	64.860	-9.999999e-99	0.394	60.642	0.369	34.786	-9.999999e-99	-9.999999e-99
13/07/2004	063000.000	-9.999999e-99	-9.999999e-99	67.575	-9.999999e-99	0.457	60.792	0.429	115.109	-9.999999e-99	-9.999999e-99
13/07/2004	070000.000	-9.999999e-99	-9.999999e-99	99.298	-9.999999e-99	0.456	94.421	0.436	202.542	-9.999999e-99	-9.999999e-99
13/07/2004	073000.000	-9.999999e-99	-9.999999e-99	+9999	-9.999999e-99	+9999	+9999	+9999	231.970	-9.999999e-99	-9.999999e-99
13/07/2004	080000.000	-9.999999e-99	-9.999999e-99	+9999	-9.999999e-99	+9999	+9999	+9999	261.397	-9.999999e-99	-9.999999e-99
13/07/2004	083000.000	-9.999999e-99	-9.999999e-99	+9999	-9.999999e-99	+9999	+9999	+9999	290.824	-9.999999e-99	-9.999999e-99
13/07/2004	090000.000	-9.999999e-99	-9.999999e-99	175.985	-9.999999e-99	0.529	144.984	0.472	320.252	-9.999999e-99	-9.999999e-99
13/07/2004	093000.000	-9.999999e-99	-9.999999e-99	210.494	-9.999999e-99	0.315	208.771	0.401	591.604	-9.999999e-99	-9.999999e-99
13/07/2004	100000.000	-9.999999e-99	-9.999999e-99	263.869	-9.999999e-99	0.464	207.225	0.425	434.837	-9.999999e-99	-9.999999e-99
13/07/2004	103000.000	-9.999999e-99	-9.999999e-99	318.430	-9.999999e-99	0.370	303.158	0.478	559.705	-9.999999e-99	-9.999999e-99
13/07/2004	110000.000	-9.999999e-99	-9.999999e-99	257.451	-9.999999e-99	0.396	258.654	0.398	425.186	-9.999999e-99	-9.999999e-99
13/07/2004	113000.000	-9.999999e-99	-9.999999e-99	288.327	-9.999999e-99	0.590	262.834	0.549	415.449	-9.999999e-99	-9.999999e-99
13/07/2004	120000.000	-9.999999e-99	-9.999999e-99	248.180	-9.999999e-99	0.524	244.980	0.465	560.909	-9.999999e-99	-9.999999e-99
13/07/2004	123000.000	-9.999999e-99	-9.999999e-99	399.499	-9.999999e-99	0.718	355.054	0.701	659.135	-9.999999e-99	-9.999999e-99
13/07/2004	130000.000	-9.999999e-99	-9.999999e-99	333.166	-9.999999e-99	0.680	299.166	0.593	479.490	-9.999999e-99	-9.999999e-99
13/07/2004	133000.000	-9.999999e-99	-9.999999e-99	158.730	-9.999999e-99	0.360	182.482	0.450	286.723	-9.999999e-99	-9.999999e-99
13/07/2004	140000.000	-9.999999e-99	-9.999999e-99	280.200	-9.999999e-99	0.564	258.265	0.555	626.847	-9.999999e-99	-9.999999e-99
13/07/2004	143000.000	-9.999999e-99	-9.999999e-99	243.308	-9.999999e-99	0.675	235.518	0.642	386.015	-9.999999e-99	-9.999999e-99
13/07/2004	150000.000	-9.999999e-99	-9.999999e-99	223.525	-9.999999e-99	0.637	223.939	0.644	307.657	-9.999999e-99	-9.999999e-99
13/07/2004	153000.000	-9.999999e-99	-9.999999e-99	170.132	-9.999999e-99	0.690	162.690	0.655	226.249	-9.999999e-99	-9.999999e-99
13/07/2004	160000.000	-9.999999e-99	-9.999999e-99	156.615	-9.999999e-99	0.653	143.106	0.611	181.750	-9.999999e-99	-9.999999e-99
13/07/2004	163000.000	-9.999999e-99	-9.999999e-99	150.895	-9.999999e-99	0.613	135.882	0.611	215.456	-9.999999e-99	-9.999999e-99
13/07/2004	170000.000	-9.999999e-99	-9.999999e-99	119.538	-9.999999e-99	0.627	93.800	0.584	146.689	-9.999999e-99	-9.999999e-99
13/07/2004	173000.000	-9.999999e-99	-9.999999e-99	85.133	-9.999999e-99	0.461	91.205	0.497	99.086	-9.999999e-99	-9.999999e-99
13/07/2004	180000.000	-9.999999e-99	-9.999999e-99	77.801	-9.999999e-99	0.561	72.572	0.525	36.766	-9.999999e-99	-9.999999e-99
13/07/2004	183000.000	-9.999999e-99	-9.999999e-99	54.811	-9.999999e-99	0.580	51.821	0.552	-14.145	-9.999999e-99	-9.999999e-99
13/07/2004	190000.000	-9.999999e-99	-9.999999e-99	39.009	-9.999999e-99	0.517	39.145	0.509	-26.013	-9.999999e-99	-9.999999e-99
13/07/2004	193000.000	-9.999999e-99	-9.999999e-99	24.314	-9.999999e-99	0.473	26.674	0.499	-47.343	-9.999999e-99	-9.999999e-99
13/07/2004	200000.000	-9.999999e-99	-9.999999e-99	15.763	-9.999999e-99	0.411	21.236	0.450	-71.965	-9.999999e-99	-9.999999e-99
13/07/2004	203000.000	-9.999999e-99	-9.999999e-99	8.663	-9.999999e-99	0.372	10.640	0.358	-71.046	-9.999999e-99	-9.999999e-99
13/07/2004	210000.000	-9.999999e-99	-9.999999e-99	12.994	-9.999999e-99	0.335	14.107	0.327	-49.949	-9.999999e-99	-9.999999e-99
13/07/2004	213000.000	-9.999999e-99	-9.999999e-99	21.749	-9.999999e-99	0.438	21.585	0.456	-42.974	-9.999999e-99	-9.999999e-99
13/07/2004	220000.000	-9.999999e-99	-9.999999e-99	10.491	-9.999999e-99	0.301	13.114	0.328	-42.726	-9.999999e-99	-9.999999e-99
13/07/2004	223000.000	-9.999999e-99	-9.999999e-99	14.636	-9.999999e-99	0.298	13.657	0.347	-41.736	-9.999999e-99	-9.999999e-99
13/07/2004	230000.000	-9.999999e-99	-9.999999e-99	21.730	-9.999999e-99	0.377	16.324	0.374	-39.217	-9.999999e-99	-9.999999e-99
13/07/2004	233000.000	-9.999999e-99	-9.999999e-99	26.136	-9.999999e-99	0.384	20.680	0.389	-38.660	-9.999999e-99	-9.999999e-99
13/07/2004	(J+1)000000.000	-9.999999e-99	-9.999999e-99	21.101	-9.999999e-99	0.382	21.405	0.378	-38.199	-9.999999e-99	-9.999999e-99
