#### 	 Vertical City Weather Generator (VCWG)  	 #### 
# Sensible heat fluxes at the surfaces 
# 0:time [hr] 1:HfluxRoofImp [W m^-2] 2:HfluxRoofVeg [W m^-2] 3:HfluxRoof [W m^-2] 4:HfluxGroundImp [W m^-2] 5:HfluxGroundBare [W m^-2] 6:HfluxGroundVeg [W m^-2] 7:HfluxGround [W m^-2] 8:HfluxTree [W m^-2] 9:HfluxWallSun [W m^-2] 10:HfluxWallShade [W m^-2] 11:HfluxCanyon [W m^-2] 12:HfluxRural [W m^-2] 13:HfluxUrban [W m^-2] 
0 -58.704221 nan -58.704221 5.419929 nan 45.421283 25.420606 -50.762736 29.800800 29.800800 20.720872 nan 0.742882
1 -56.118568 nan -56.118568 23.243143 nan 133.947475 78.595309 -37.796991 49.818738 49.818738 87.108850 nan 49.924315
2 -45.803642 nan -45.803642 2.253747 nan 52.570767 27.412257 -43.383971 29.162232 29.162232 25.001411 nan 7.321050
3 -46.569318 nan -46.569318 19.073416 nan 99.388074 59.230745 -29.058349 40.059400 40.059400 66.540624 nan 37.206193
4 -17.160015 nan -17.160015 21.016303 nan 109.095058 65.055680 -24.326176 54.208165 40.474365 77.177560 nan 53.578417
5 46.768695 nan 46.768695 1.334231 nan 54.867036 28.100633 -4.112063 66.374879 30.795929 47.794439 nan 50.589078
6 174.984966 nan 174.984966 -2.626363 nan 31.733361 14.553499 52.250225 98.843342 32.647649 61.312489 nan 96.984683
7 226.726231 nan 226.726231 -23.113604 nan -3.988265 -13.550935 46.489350 108.623707 27.228411 32.152343 nan 91.172707
8 325.797872 nan 325.797872 -30.292743 nan -15.033697 -22.663220 57.105879 96.177856 16.520375 21.699310 nan 111.112695
9 399.715000 nan 399.715000 -53.575157 nan -27.801820 -40.688489 49.965635 81.700928 9.124452 -3.564489 nan 113.628539
10 431.275262 nan 431.275262 -93.038624 nan -42.149705 -67.594165 27.538548 56.405906 4.955312 -44.676144 nan 92.746931
11 438.770780 nan 438.770780 -125.027785 nan -52.081586 -88.554685 9.394681 39.608689 -1.766216 -77.060345 nan 71.335324
12 434.986059 nan 434.986059 -144.163290 nan -60.498226 -102.330758 -3.826563 62.075027 -7.484943 -91.794326 nan 60.474822
13 409.402233 nan 409.402233 -159.097118 nan -67.343285 -113.220202 -8.108050 98.683552 -7.573842 -96.233934 nan 51.201024
14 371.642563 nan 371.642563 -124.418448 nan -56.589292 -90.503870 11.606242 126.631036 -6.675733 -60.389677 nan 66.575904
15 315.158930 nan 315.158930 -112.760886 nan -58.127116 -85.444001 21.433059 166.367736 -2.228118 -42.306499 nan 64.559223
16 225.197932 nan 225.197932 -84.877261 nan -50.869764 -67.873513 21.386540 189.184868 -0.947360 -19.513519 nan 55.885954
17 137.150010 nan 137.150010 -61.992640 nan -40.451772 -51.222206 32.922317 221.622272 3.516647 9.172278 nan 52.168944
18 -33.454786 nan -33.454786 -75.722223 nan -49.324301 -62.523262 -72.071286 148.529086 13.104846 -52.453724 nan -40.779214
19 -51.450536 nan -51.450536 -73.297248 nan -45.953865 -59.625557 -71.233834 96.597652 11.962124 -60.802591 nan -53.546851
20 -37.173870 nan -37.173870 -7.253617 nan -5.557882 -6.405749 -47.199725 54.322983 6.394285 -9.623639 nan -14.806229
21 -42.861986 nan -42.861986 -2.900144 nan -2.623660 -2.761902 -45.981952 47.804222 6.475490 -6.955687 nan -14.746374
22 -30.824768 nan -30.824768 -1.048644 nan -0.684960 -0.866802 -38.783637 44.120102 8.317233 -2.957342 nan -8.630930
23 -19.644165 nan -19.644165 -0.599744 nan 0.254717 -0.172514 -37.358634 40.224846 8.514109 -2.571396 nan -5.299905
24 -11.402959 nan -11.402959 -1.607272 nan 2.424103 0.408415 -36.919468 36.468982 7.569206 -2.859619 nan -3.304609
25 -29.924247 nan -29.924247 2.309778 nan 15.234154 8.771966 -33.450212 41.686271 13.417956 9.116290 nan 0.242439
26 -22.994510 nan -22.994510 3.494027 nan 22.304663 12.899345 -31.393831 41.212851 15.087234 14.218901 nan 5.869228
27 -32.220169 nan -32.220169 2.605111 nan 25.313018 13.959065 -34.406541 39.798945 14.585941 13.814373 nan 2.936171
28 -40.315279 nan -40.315279 9.587527 nan 45.516728 27.552127 -28.470816 56.765132 16.401245 33.554969 nan 15.205966
29 44.665756 nan 44.665756 22.816712 nan 35.999284 29.407998 14.808899 69.862688 14.419250 52.881080 nan 52.899269
30 157.803685 nan 157.803685 51.991925 nan 31.341068 41.666497 56.027085 96.644501 11.776417 84.723943 nan 108.017474
31 234.398011 nan 234.398011 58.968868 nan 4.623371 31.796119 64.054432 86.534278 -0.117271 72.862228 nan 120.608948
32 338.271190 nan 338.271190 86.575982 nan -7.685019 39.445481 80.002999 85.687410 -4.611429 84.897824 nan 158.446561
33 434.629720 nan 434.629720 79.708830 nan -21.882716 28.913057 89.513962 77.802231 -8.456806 75.123441 nan 178.469700
34 472.157195 nan 472.157195 0.526757 nan -8.766068 -4.119655 79.099601 54.852895 -10.186892 33.103250 nan 158.588210
35 507.211358 nan 507.211358 -23.827341 nan -18.315109 -21.071225 56.607997 38.759415 -18.984314 2.917448 nan 146.652165
36 494.209253 nan 494.209253 -41.614792 nan -23.374080 -32.494436 41.489637 64.482988 -19.464274 -8.276581 nan 135.982800
37 266.508972 nan 266.508972 -51.867245 nan -24.913334 -38.390290 -45.794226 76.068918 -19.637956 -42.051116 nan 48.640779
38 183.089170 nan 183.089170 -37.339851 nan -23.120116 -30.229983 -59.973811 80.669330 -17.582089 -37.375822 nan 28.594079
39 111.525652 nan 111.525652 -30.981681 nan -27.019804 -29.000743 -81.302665 86.612801 -19.420787 -42.672971 nan 4.854147
40 139.727885 nan 139.727885 -13.662656 nan -21.789735 -17.726195 -35.996828 103.111037 -18.776366 -11.913207 nan 34.644525
41 111.787303 nan 111.787303 -7.489325 nan -17.636083 -12.562704 -20.781930 147.104906 -17.274454 8.432810 nan 42.348347
42 -13.173041 nan -13.173041 -1.351132 nan -8.398437 -4.874785 -44.997405 78.650681 -5.298419 -4.579912 nan -3.991277
43 -21.109093 nan -21.109093 26.296626 nan 4.427785 15.362206 -9.770757 75.419419 10.663699 30.677403 nan 18.720935
44 -21.795233 nan -21.795233 -6.604270 nan 20.635688 7.015709 -7.307020 83.569282 22.462575 27.524541 nan 16.850447
45 -40.233785 nan -40.233785 -12.559162 nan 0.006910 -6.276126 -43.865293 44.741867 3.960809 -10.946081 nan -17.054963
46 -32.916696 nan -32.916696 -2.893612 nan -1.240979 -2.067295 -34.403501 35.184669 -0.425979 -6.477493 nan -12.366588
47 -26.274500 nan -26.274500 3.396591 nan 6.178794 4.787693 -23.452429 40.841722 6.238043 6.865058 nan -0.742155
48 -12.226082 nan -12.226082 2.868300 nan 4.595880 3.732090 -18.655160 31.144076 4.590503 5.011725 nan 1.513892
49 -17.324676 nan -17.324676 7.651470 nan 10.101745 8.876607 -12.625623 33.408586 7.515674 13.381664 nan 6.094235
50 -21.863859 nan -21.863859 34.305513 nan 54.436316 44.370914 -7.056310 55.699280 20.622220 58.508176 nan 38.035059
51 -28.095802 nan -28.095802 3.069021 nan 10.558913 6.813967 -26.236239 29.795592 4.835356 5.216786 nan -2.779096
52 -5.582376 nan -5.582376 21.318003 nan 33.918832 27.618417 0.925201 43.013992 12.505998 40.009789 nan 28.691934
53 6.145297 nan 6.145297 10.197015 nan 13.000437 11.598726 -15.838835 34.647930 4.541359 14.608977 nan 13.677396
54 37.046286 nan 37.046286 37.058922 nan 35.921878 36.490400 9.461004 52.737304 13.809432 54.247866 nan 51.238784
55 42.534827 nan 42.534827 42.596725 nan 43.574994 43.085860 0.393198 57.285085 18.362868 59.667832 nan 57.115311
56 71.405212 nan 71.405212 48.127187 nan 41.908091 45.017639 12.926642 55.886111 19.285053 65.855420 nan 69.555589
57 168.276558 nan 168.276558 60.795276 nan 30.930731 45.863003 44.202981 55.542543 16.305476 76.857088 nan 104.455967
58 246.386434 nan 246.386434 64.307345 nan 16.359479 40.333412 61.872745 45.823255 12.403589 74.512376 nan 124.374547
59 302.192387 nan 302.192387 17.061835 nan -4.570768 6.245533 69.113369 38.949744 8.232897 40.542062 nan 115.588382
60 511.465025 nan 511.465025 -13.018566 nan -12.005641 -12.512103 109.510954 61.739700 -0.713115 38.845312 nan 173.911024
61 384.624700 nan 384.624700 -30.691638 nan -16.206837 -23.449238 70.877290 84.438676 -2.675315 18.978377 nan 124.781755
62 410.060679 nan 410.060679 -44.229546 nan -23.282800 -33.756173 78.781313 117.500119 -7.267710 17.609590 nan 131.821089
63 332.710225 nan 332.710225 -58.975848 nan -29.169877 -44.072862 55.860962 158.297538 -8.390746 7.945470 nan 104.440213
64 236.221904 nan 236.221904 -69.119297 nan -29.892763 -49.506030 56.869306 200.237553 2.742935 14.400791 nan 83.114156
65 42.604158 nan 42.604158 -77.673510 nan -22.299332 -49.986421 -7.923764 196.901749 12.061859 -7.315641 nan 13.571563
66 -44.971120 nan -44.971120 -118.674813 nan -23.315918 -70.995366 -56.652082 122.549593 14.730093 -60.857028 nan -51.090712
67 -16.803633 nan -16.803633 -100.232272 nan -14.372904 -57.302588 -10.481186 87.471454 15.363792 -38.592729 nan -28.995256
68 -16.197642 nan -16.197642 -80.337211 nan -8.068892 -44.203051 -8.100989 72.036276 15.119087 -28.073969 nan -21.836176
69 -15.718660 nan -15.718660 -78.437055 nan -8.288878 -43.362967 -9.013496 59.202239 9.297425 -31.606864 nan -24.786661
70 -30.836350 nan -30.836350 -166.510276 nan -15.974100 -91.242188 -34.324753 54.893264 5.068705 -90.146022 nan -70.754068
71 -49.357141 nan -49.357141 -168.160213 nan -12.915577 -90.537895 -65.849199 45.916633 1.946440 -103.036948 nan -85.092766
72 -38.153864 nan -38.153864 -97.047626 nan -6.363953 -51.705790 -54.110312 37.809523 1.202190 -62.045960 nan -53.087220
73 -31.862522 nan -31.862522 -47.033865 nan -0.524484 -23.779174 -44.209337 36.871644 4.871300 -30.081782 nan -28.541818
74 -40.408438 nan -40.408438 -58.305093 nan 6.799955 -25.752569 -50.060991 40.295227 8.372721 -32.585099 nan -32.456942
75 -22.669107 nan -22.669107 -57.965486 nan 17.034543 -20.465472 -19.498842 43.400178 13.690476 -14.836666 nan -14.969661
76 -22.992391 nan -22.992391 -30.217742 nan 8.790534 -10.713604 -37.614634 37.976335 8.388025 -13.717746 nan -14.287608
77 31.943229 nan 31.943229 -21.797870 nan 26.373812 2.287971 14.677837 54.564799 14.519468 22.411624 nan 27.030617
78 27.373655 nan 27.373655 -20.256235 nan 26.813403 3.278584 13.915459 54.400434 16.453926 23.521865 nan 26.586001
79 31.539705 nan 31.539705 -22.066873 nan 12.472066 -4.797403 2.863711 45.880218 11.521488 8.677302 nan 16.943342
80 54.344897 nan 54.344897 -19.028148 nan 7.878946 -5.574601 10.309900 45.433214 11.910390 10.477452 nan 24.616404
81 95.855143 nan 95.855143 -14.095815 nan -3.459447 -8.777631 9.135361 35.680267 2.899091 2.786703 nan 30.420331
82 176.683306 nan 176.683306 -3.040542 nan -6.819000 -4.929771 37.999736 30.596456 1.522936 15.270005 nan 61.738884
83 129.470053 nan 129.470053 -11.858330 nan -8.343090 -10.100710 7.758242 28.956090 1.793165 -0.717571 nan 37.301804
84 81.800972 nan 81.800972 -15.097675 nan -5.999088 -10.548381 -2.370558 35.476837 5.854141 -2.387928 nan 22.989958
85 185.003959 nan 185.003959 -4.929916 nan -6.732320 -5.831118 35.617571 39.061389 -3.139028 14.366811 nan 63.629721
86 322.787427 nan 322.787427 -1.256246 nan -8.828407 -5.042326 84.981709 75.955197 -5.500721 39.832719 nan 121.418676
87 180.792076 nan 180.792076 -8.416704 nan -12.187079 -10.301891 16.683188 91.708927 -9.463939 13.380302 nan 63.482504
88 324.578880 nan 324.578880 -4.007057 nan -12.545615 -8.276336 112.812915 148.671852 -10.369126 61.028749 nan 138.703981
89 146.351617 nan 146.351617 -7.876417 nan -10.080510 -8.978463 60.111592 196.070521 -4.345862 53.609190 nan 85.038191
90 -8.755526 nan -8.755526 -16.588885 nan -10.728970 -13.658928 -22.230649 95.796045 -1.501787 -0.892576 nan 0.167595
91 -18.663976 nan -18.663976 -5.604057 nan -6.419394 -6.011726 -21.588927 63.758797 0.016072 0.343184 nan -2.739433
92 -13.373207 nan -13.373207 4.694613 nan -0.126427 2.284093 -11.480947 47.370747 0.851615 8.773843 nan 4.139093
93 -8.421672 nan -8.421672 0.359911 nan -0.364800 -0.002445 -29.094855 31.084102 -1.450021 -3.680203 nan -3.619441
94 -41.607637 nan -41.607637 1.009367 nan 1.186183 1.097775 -46.466230 30.312330 -1.365031 -8.771501 nan -16.463478
95 -33.450507 nan -33.450507 4.532066 nan 5.766019 5.149042 -28.830991 31.205105 1.085940 2.140664 nan -6.534750
96 -15.429127 nan -15.429127 6.558057 nan 7.313924 6.935990 -12.555064 29.220695 2.004154 9.357022 nan 3.458651
97 -21.649250 nan -21.649250 5.867822 nan 7.193902 6.530862 -20.233964 27.866198 1.286686 5.830545 nan -0.771101
98 -16.458654 nan -16.458654 3.950177 nan 4.643844 4.297010 -16.407644 23.591284 -0.416283 3.628047 nan -1.112054
99 -12.715713 nan -12.715713 6.022672 nan 6.322719 6.172696 -11.855647 24.062073 0.701584 7.432396 nan 2.646618
100 -4.645908 nan -4.645908 8.414705 nan 7.844504 8.129605 -7.631623 25.139005 0.090543 10.959812 nan 7.414441
101 11.418290 nan 11.418290 20.272069 nan 19.425148 19.848608 -2.914195 34.541296 4.786605 27.384519 nan 24.093698
102 17.744059 nan 17.744059 24.200147 nan 22.714546 23.457347 2.813545 34.538003 6.839592 33.431100 nan 30.186224
103 34.605201 nan 34.605201 38.041067 nan 35.835395 36.938231 15.810952 41.091232 11.913045 53.960362 nan 49.807330
104 42.697437 nan 42.697437 32.832389 nan 23.160837 27.996613 10.344342 33.991537 6.495156 40.396100 nan 42.134929
105 57.722767 nan 57.722767 39.611984 nan 20.482837 30.047411 8.726406 32.844020 5.380960 41.392461 nan 47.096862
106 100.342935 nan 100.342935 51.632945 nan 16.528071 34.080508 24.931291 27.709260 4.547960 49.764701 nan 64.793105
107 89.185169 nan 89.185169 54.601529 nan 18.341715 36.471622 26.075658 27.370065 5.956211 52.786259 nan 63.777153
108 93.907962 nan 93.907962 53.129504 nan 17.216771 35.173137 26.988910 30.726118 5.184338 52.367205 nan 64.891910
109 163.621762 nan 163.621762 67.555927 nan 16.190605 41.873266 59.435192 41.168778 4.871039 72.555032 nan 98.992400
110 252.711412 nan 252.711412 89.431943 nan 17.994597 53.713270 104.750638 69.844765 6.207752 106.681430 nan 148.983449
111 211.646718 nan 211.646718 67.325125 nan 5.726062 36.525594 90.544756 84.921944 1.644139 86.838135 nan 123.645170
112 195.000952 nan 195.000952 47.500500 nan -0.694510 23.402995 85.562528 116.246027 -0.030768 78.428061 nan 113.887614
113 54.198248 nan 54.198248 12.345529 nan -3.805566 4.269981 13.596002 103.670429 -3.719572 30.727473 nan 40.306087
114 -5.934615 nan -5.934615 7.429388 nan 0.524109 3.976749 -8.131747 57.022250 -2.373680 13.028439 nan 9.445975
115 -13.879459 nan -13.879459 8.576440 nan 4.039847 6.308143 -20.791061 34.060772 0.288943 6.543799 nan 2.129179
116 -7.140893 nan -7.140893 24.920326 nan 24.285888 24.603107 -2.606074 41.991849 8.642827 34.704184 nan 24.365305
117 -13.857332 nan -13.857332 21.952394 nan 28.763188 25.357791 -10.533769 37.904531 10.522094 32.221398 nan 20.739250
118 -7.394210 nan -7.394210 24.350433 nan 29.892631 27.121532 -0.964169 34.698430 10.661099 36.646936 nan 25.488841
119 -12.497990 nan -12.497990 21.653264 nan 29.965060 25.809162 -8.401988 32.657360 10.434585 32.254545 nan 20.949356
120 -12.275440 nan -12.275440 12.386739 nan 15.692050 14.039395 -9.400939 24.198780 6.776630 17.503288 nan 10.117040
121 -8.783431 nan -8.783431 31.552817 nan 43.309239 37.431028 -0.544441 35.015297 14.803488 48.071828 nan 33.383901
122 -5.925848 nan -5.925848 36.980676 nan 55.457839 46.219258 5.047052 37.855505 19.215285 60.381447 nan 43.122997
123 -7.974405 nan -7.974405 30.691577 nan 49.561741 40.126659 0.928411 33.802636 17.101673 51.515739 nan 36.083634
124 -3.368331 nan -3.368331 24.980815 nan 40.651702 32.816258 -2.029566 32.026840 14.111008 42.140289 nan 30.605219
125 12.642923 nan 12.642923 24.173042 nan 32.821086 28.497064 -4.353019 33.850464 11.199157 36.776366 nan 31.354236
126 39.061760 nan 39.061760 27.646797 nan 23.647411 25.647104 8.081342 35.293699 8.479831 37.973991 nan 39.506675
127 161.263161 nan 161.263161 66.564240 nan 26.636804 46.600522 54.099925 54.771955 8.504342 79.173604 nan 103.672159
128 268.726988 nan 268.726988 116.096956 nan 28.142158 72.119557 90.116901 66.346422 7.426848 119.502234 nan 162.895307
129 214.279011 nan 214.279011 115.101830 nan 21.887707 68.494769 65.577790 53.653304 5.907564 104.252449 nan 136.422282
130 89.797549 nan 89.797549 70.224842 nan 14.231081 42.227961 11.096802 34.825181 5.533617 54.861370 nan 65.907662
131 475.217312 nan 475.217312 184.977234 nan 16.474236 100.725735 145.233097 34.370277 1.995262 159.147146 nan 248.110604
132 416.416354 nan 416.416354 207.069820 nan 14.567937 110.818878 121.060576 62.355799 4.823289 167.531054 nan 238.667161
133 466.940553 nan 466.940553 185.939293 nan 7.688104 96.813699 137.806442 86.928125 3.315657 164.364588 nan 251.272188
134 398.505677 nan 398.505677 106.278152 nan -4.453381 50.912386 111.725686 126.248778 3.311150 117.938696 nan 200.222872
135 292.082948 nan 292.082948 -2.559828 nan -7.950274 -5.255051 59.397661 140.800839 -3.065944 45.347374 nan 119.109866
136 209.087559 nan 209.087559 -12.827540 nan -9.248169 -11.037854 43.285791 164.860489 -4.955048 38.780125 nan 91.668734
137 124.758391 nan 124.758391 -13.861824 nan -8.144234 -11.003029 34.893877 194.728200 -5.743025 42.217705 nan 71.076017
138 -36.767869 nan -36.767869 -19.689330 nan -11.771908 -15.730619 -95.536322 109.410585 -4.764595 -26.211516 nan -24.351843
139 -29.819575 nan -29.819575 -0.786865 nan -1.037092 -0.911979 -57.875718 54.423948 -3.441485 -9.959519 nan -13.065549
140 -20.934261 nan -20.934261 0.263058 nan -0.493579 -0.115261 -50.497905 44.291748 -1.233198 -8.319195 nan -9.726873
141 -5.444949 nan -5.444949 2.416873 nan 1.286155 1.851514 -44.974029 38.445344 0.639712 -5.294875 nan -3.358535
142 -32.305622 nan -32.305622 4.634901 nan 4.675987 4.655444 -48.545322 37.797304 1.945786 -3.590083 nan -9.734090
143 -26.271765 nan -26.271765 8.847822 nan 11.741448 10.294635 -42.039918 38.129226 5.764477 5.214164 nan -1.703195
144 -0.572553 nan -0.572553 5.182331 nan 9.158024 7.170178 -36.493393 31.680508 4.205605 2.278153 nan 3.199208
145 -10.790983 nan -10.790983 7.474854 nan 13.779844 10.627349 -40.981089 33.175297 5.822997 4.850947 nan 2.290393
146 -23.160065 nan -23.160065 9.780207 nan 19.235128 14.507667 -39.996482 33.925064 7.794436 9.665304 nan 2.262949
147 -33.416388 nan -33.416388 10.013173 nan 21.177642 15.595408 -37.453963 33.124362 7.842536 11.473790 nan 0.557704
148 -16.894427 nan -16.894427 7.944018 nan 17.731105 12.837562 -27.443802 38.950269 6.098045 13.085003 nan 6.385524
149 0.613588 nan 0.613588 19.117765 nan 16.565613 17.841689 3.928531 58.194528 3.544382 32.629637 nan 25.332694
150 168.728831 nan 168.728831 63.339518 nan 23.083348 43.211433 60.835610 92.144047 5.138683 85.520065 nan 111.279862
151 281.245752 nan 281.245752 116.422783 nan 28.567021 72.494902 106.095248 105.809525 6.542900 133.822037 nan 177.626708
152 385.140555 nan 385.140555 155.806449 nan 20.821747 88.314098 129.100113 103.092618 2.326033 156.135583 nan 222.642339
153 462.216564 nan 462.216564 190.345028 nan 18.273218 104.309123 148.857487 89.458535 2.079543 175.985223 nan 258.075052
154 538.489954 nan 538.489954 155.434440 nan -0.759632 77.337404 149.357929 70.456810 -0.594406 144.475467 nan 256.678807
155 525.533840 nan 525.533840 -9.806373 nan -10.797743 -10.302058 92.887001 50.823462 -9.599819 30.968126 nan 171.972043
156 506.681663 nan 506.681663 -41.778876 nan -20.702928 -31.240902 68.147063 71.212315 -15.860921 4.495336 nan 148.536361
157 469.286717 nan 469.286717 -69.633598 nan -29.556578 -49.595088 41.682869 103.847462 -19.605123 -16.783146 nan 124.000794
158 406.662262 nan 406.662262 -84.350835 nan -34.056648 -59.203742 29.318190 141.615905 -17.998098 -22.132674 nan 103.720272
159 328.788098 nan 328.788098 -67.468345 nan -30.364252 -48.916299 32.630885 165.865754 -16.449919 -5.084722 nan 94.392422
160 253.781455 nan 253.781455 -54.115549 nan -29.595358 -41.855453 42.427724 206.346137 -10.327867 15.514683 nan 88.956366
161 146.394099 nan 146.394099 -32.038269 nan -22.246702 -27.142485 34.034139 230.193267 -10.203200 32.519404 nan 71.307806
162 -37.783141 nan -37.783141 -34.085587 nan -33.415325 -33.750456 -105.993333 139.088568 -9.484799 -42.442970 nan -35.282767
163 -33.804997 nan -33.804997 -2.632045 nan -4.521635 -3.576840 -55.641400 67.560574 -7.270701 -9.823876 nan -13.856328
164 -24.461630 nan -24.461630 -0.134077 nan -1.607987 -0.871032 -41.591156 60.321118 0.684882 -2.075347 nan -5.869007
165 -19.391245 nan -19.391245 -0.033609 nan -0.934722 -0.484166 -46.234599 50.998137 -0.281834 -5.540482 nan -7.135953
166 -27.192281 nan -27.192281 3.180493 nan 0.325094 1.752793 -41.520830 51.696572 4.719240 -0.424927 nan -5.614071
167 -40.792221 nan -40.792221 6.846015 nan 6.823088 6.834552 -39.852849 52.590167 8.120799 6.170727 nan -4.683583
168 -33.142337 nan -33.142337 4.532319 nan 6.884166 5.708242 -41.423298 47.078264 6.554186 2.959367 nan -4.984834
169 -4.026850 nan -4.026850 1.800665 nan 4.190375 2.995520 -36.945573 39.167032 3.984201 -0.474411 nan 0.479470
170 -16.353657 nan -16.353657 4.433844 nan 8.162737 6.298291 -33.632976 40.433876 5.825906 4.656338 nan 0.662509
171 -31.140749 nan -31.140749 5.636800 nan 11.407297 8.522048 -36.752019 40.285575 6.728585 5.959207 nan -2.555244
172 -7.985958 nan -7.985958 2.320785 nan 6.696744 4.508764 -32.309693 41.402606 3.304194 2.989480 nan 1.791917
173 19.036088 nan 19.036088 31.683332 nan 26.726837 29.205085 -0.984003 83.457497 10.009754 49.181791 nan 43.488189
174 143.608536 nan 143.608536 50.622644 nan 12.845705 31.734175 44.235453 91.585295 3.976255 67.894669 nan 91.742126
175 270.602483 nan 270.602483 85.800672 nan 1.785744 43.793208 79.163260 101.359578 -2.322746 92.858001 nan 145.370566
176 376.403132 nan 376.403132 129.507747 nan -5.908358 61.799695 103.532052 100.350919 -5.898692 118.343936 nan 193.246460
177 465.274940 nan 465.274940 164.767715 nan -9.361075 77.703320 123.616072 91.517481 -5.878372 139.317412 nan 233.003957
178 520.592028 nan 520.592028 119.498643 nan -23.606541 47.946051 111.441016 67.678711 -7.391912 99.813970 nan 220.011959
179 523.055875 nan 523.055875 -8.796917 nan -13.415897 -11.106407 65.306929 49.213678 -15.986395 18.832368 nan 162.816696
180 514.355313 nan 514.355313 -39.432832 nan -21.733238 -30.583035 43.958679 75.535073 -18.349205 -2.861349 nan 145.942682
181 474.088209 nan 474.088209 -49.164817 nan -23.850315 -36.507566 44.701494 104.112501 -18.551552 -2.359014 nan 135.665178
182 422.572089 nan 422.572089 -50.316562 nan -26.336230 -38.326396 37.578238 138.188754 -18.325519 0.801521 nan 124.390328
183 342.792494 nan 342.792494 -36.790044 nan -23.697978 -30.244011 37.571154 164.289843 -16.590222 14.932830 nan 112.554555
184 252.380444 nan 252.380444 -24.871636 nan -21.600770 -23.236203 36.415481 190.760820 -14.743195 27.694752 nan 96.737308
185 153.351547 nan 153.351547 -16.903207 nan -19.449133 -18.176170 17.813797 225.555327 -14.184807 33.970046 nan 74.340182
186 -28.821428 nan -28.821428 -9.999601 nan -16.565789 -13.282695 -95.050296 123.774299 -12.665441 -22.189568 nan -19.016173
187 -38.035319 nan -38.035319 -0.875962 nan -4.745211 -2.810587 -56.431484 70.333575 -8.507795 -8.998542 nan -14.414322
188 -9.613793 nan -9.613793 0.099720 nan -2.042450 -0.971365 -48.404274 54.998713 -5.070785 -6.953737 nan -5.339422
189 -14.762202 nan -14.762202 4.120209 nan -3.160094 0.480058 -38.660827 56.563213 2.865059 -0.047997 nan -1.748502
190 -11.177974 nan -11.177974 7.291541 nan 0.481868 3.886705 -34.246989 53.984303 6.010341 5.017023 nan 2.835905
191 -10.900760 nan -10.900760 8.588227 nan 4.592515 6.590371 -31.866662 51.938012 7.757941 8.483695 nan 5.341518
192 -34.760197 nan -34.760197 17.135722 nan 17.481190 17.308456 -27.111998 58.382651 14.071077 23.629006 nan 9.657901
193 -23.189428 nan -23.189428 17.432740 nan 23.351254 20.391997 -24.875055 55.734517 15.773222 27.284965 nan 15.507786
194 -21.202944 nan -21.202944 13.603872 nan 21.902428 17.753150 -26.853669 51.338763 14.314101 22.685106 nan 12.641584
195 -20.969148 nan -20.969148 12.527075 nan 22.368192 17.447634 -26.720424 48.668973 13.800890 21.733978 nan 11.927888
196 -6.098247 nan -6.098247 26.702018 nan 39.824562 33.263290 6.932455 63.204227 18.049038 53.338332 nan 38.761865
197 11.174516 nan 11.174516 24.441780 nan 21.014968 22.728374 22.866064 74.455178 9.742895 48.985717 nan 40.408214
198 104.565275 nan 104.565275 50.668215 nan 26.392846 38.530530 51.365726 89.767706 11.500549 78.411708 nan 88.154958
199 106.704642 nan 106.704642 43.134867 nan 9.755345 26.445106 43.868749 68.404865 4.644039 57.583998 nan 73.140481
200 398.245833 nan 398.245833 132.400128 nan 14.082671 73.241399 137.965983 95.078585 4.283642 142.830052 nan 216.543780
201 483.423524 nan 483.423524 193.832985 nan 22.008244 107.920614 163.058254 99.010120 9.253467 188.172091 nan 273.116838
202 532.274886 nan 532.274886 116.234141 nan -9.382905 53.425618 138.626735 74.833737 3.005495 118.565185 nan 236.826087
203 522.137193 nan 522.137193 -20.007033 nan -15.730929 -17.868981 63.750698 54.517404 -9.800885 14.026157 nan 159.504501
204 502.893832 nan 502.893832 -49.730809 nan -25.192613 -37.461711 29.523004 75.857714 -16.575956 -14.305501 nan 134.804344
205 472.438144 nan 472.438144 -64.318220 nan -30.303747 -47.310983 19.732554 110.651187 -17.208215 -20.133796 nan 123.167178
206 417.447692 nan 417.447692 -70.328191 nan -32.377141 -51.352666 22.176040 150.023783 -13.626853 -13.987755 nan 113.138039
207 214.557083 nan 214.557083 -85.378946 nan -36.955292 -61.167119 -37.827582 173.952093 -6.600772 -37.943817 nan 40.040317
208 117.773594 nan 117.773594 -50.193439 nan -24.524104 -37.358772 -30.911843 147.323707 -3.197541 -16.778942 nan 26.666685
209 141.600677 nan 141.600677 -26.133659 nan -19.857019 -22.995339 24.257981 191.165372 -5.885146 25.720530 nan 64.170350
210 -28.110356 nan -28.110356 -13.078490 nan -16.064422 -14.571456 -99.448933 108.370234 -5.718395 -26.846772 nan -22.327366
211 -32.919744 nan -32.919744 -1.695438 nan -3.734357 -2.714897 -57.911559 62.316232 -4.485361 -10.286119 nan -13.971304
212 -51.832736 nan -51.832736 0.862348 nan -2.945712 -1.041682 -45.317550 65.728107 5.864304 -1.240740 nan -12.700987
213 -38.636087 nan -38.636087 3.957470 nan 1.557066 2.757268 -44.099617 59.153699 9.714868 2.389698 nan -6.442664
214 -33.845430 nan -33.845430 4.525893 nan 5.969894 5.247894 -41.499251 54.466464 10.581664 4.954269 nan -3.404971
215 -35.102300 nan -35.102300 3.180142 nan 6.763538 4.971840 -42.743941 49.605189 8.902751 2.823499 nan -5.467983
216 -50.636812 nan -50.636812 3.061231 nan 8.500907 5.781069 -47.142570 47.760896 7.989173 1.503233 nan -10.860252
217 -63.926913 nan -63.926913 3.213607 nan 14.409783 8.811695 -56.481819 55.413652 9.115011 3.193815 nan -13.018297
218 -64.433520 nan -64.433520 3.072471 nan 18.999041 11.035756 -59.167304 53.859481 10.423820 4.430455 nan -12.241644
219 -56.811605 nan -56.811605 5.743310 nan 21.976928 13.860119 -54.491972 47.072192 11.800229 7.704742 nan -7.972785
220 -38.814297 nan -38.814297 5.240177 nan 22.422215 13.831196 -54.446186 58.042211 10.426771 9.777953 nan -1.052581
221 93.128013 nan 93.128013 25.720238 nan 22.087193 23.903716 17.485334 100.124761 11.250802 54.197650 nan 68.481903
222 35.792222 nan 35.792222 24.858154 nan 25.681123 25.269639 -21.836968 102.807228 14.438085 43.162283 nan 45.069346
223 274.479971 nan 274.479971 47.551579 nan 10.061158 28.806369 69.978188 111.705472 7.377416 79.034193 nan 137.383137
224 270.110905 nan 270.110905 1.445893 nan -1.997505 -0.275806 72.218850 118.505421 11.647029 53.137805 nan 117.943055
225 383.258937 nan 383.258937 -38.466569 nan -14.716629 -26.591599 81.379278 106.048166 2.754034 25.366889 nan 129.615746
226 206.988960 nan 206.988960 -133.272434 nan -41.427254 -87.349844 9.825304 76.335442 -7.502353 -68.968632 nan 11.846854
227 -830.989958 nan -830.989958 -379.516760 nan -102.960481 -241.238621 -170.234057 45.771946 -33.701505 -297.826458 nan -446.886877
228 -2493.757376 nan -2493.757376 -559.384542 nan -157.788388 -358.586465 -459.596484 45.766532 -68.557543 -523.400679 nan -1079.245826
229 -3972.674744 nan -3972.674744 -761.248314 nan -224.250515 -492.749415 -606.515300 83.059828 -86.881323 -704.542018 nan -1628.090844
230 -3331.795666 nan -3331.795666 -781.599232 nan -240.671120 -511.135176 -582.333232 123.696503 -84.392358 -705.141486 nan -1444.482967
231 -2001.456925 nan -2001.456925 -578.167335 nan -204.727240 -391.447287 -385.632347 177.023544 -61.289812 -500.420770 nan -919.131092
232 -447.861292 nan -447.861292 -331.350597 nan -143.935741 -237.643169 -129.468054 229.148980 -29.020018 -239.169240 nan -290.376986
233 119.775738 nan 119.775738 -144.439644 nan -78.884538 -111.662091 9.740868 256.947626 -11.670127 -54.952768 nan 2.421200
234 -30.818357 nan -30.818357 -35.605984 nan -25.721632 -30.663808 -95.184737 98.861768 -8.246428 -44.072556 nan -35.851587
235 -48.398034 nan -48.398034 -19.065896 nan -13.899915 -16.482905 -65.728423 76.915444 0.136718 -22.594495 nan -26.455403
236 -51.677683 nan -51.677683 -13.542220 nan -8.858923 -11.200572 -61.378725 65.101000 2.487409 -17.856561 nan -24.376138
237 -10.116272 nan -10.116272 -5.652971 nan -2.944586 -4.298779 -53.212935 50.938734 2.226551 -11.249955 nan -8.369338
238 -45.780131 nan -45.780131 -6.351419 nan -1.672107 -4.011763 -50.377659 55.248721 7.755267 -7.837908 nan -15.864539
239 -42.661169 nan -42.661169 -6.179544 nan -0.619432 -3.399488 -52.595437 50.682031 6.692073 -9.220921 nan -16.098371
