#### 	 Vertical City Weather Generator (VCWG)  	 #### 
# Tdep_bare profile in the urban area 
#0:z [m] 1:Tdep_bare	2:Tdep_bare	3:Tdep_bare	4:Tdep_bare	5:Tdep_bare	6:Tdep_bare	7:Tdep_bare	8:Tdep_bare	9:Tdep_bare	10:Tdep_bare	11:Tdep_bare	12:Tdep_bare	13:Tdep_bare	14:Tdep_bare	15:Tdep_bare	16:Tdep_bare	17:Tdep_bare	18:Tdep_bare	19:Tdep_bare	20:Tdep_bare	21:Tdep_bare	22:Tdep_bare	23:Tdep_bare	24:Tdep_bare	
 0.002500  300.000000  300.000000  300.000000  300.000000  300.000000  300.000000  300.000000  300.000000  300.000000  300.000000  300.000000  300.000000  300.000000  300.000000  300.000000  300.000000  300.000000  300.000000  300.000000  300.000000  300.000000  300.000000  300.000000  300.000000 
 0.007500  300.000000  300.000000  300.000000  300.000000  300.000000  300.000000  300.000000  300.000000  300.000000  300.000000  300.000000  300.000000  300.000000  300.000000  300.000000  300.000000  300.000000  300.000000  300.000000  300.000000  300.000000  300.000000  300.000000  300.000000 
 0.017500  300.000000  300.000000  300.000000  300.000000  300.000000  300.000000  300.000000  300.000000  300.000000  300.000000  300.000000  300.000000  300.000000  300.000000  300.000000  300.000000  300.000000  300.000000  300.000000  300.000000  300.000000  300.000000  300.000000  300.000000 
 0.037500  300.000000  300.000000  300.000000  300.000000  300.000000  300.000000  300.000000  300.000000  300.000000  300.000000  300.000000  300.000000  300.000000  300.000000  300.000000  300.000000  300.000000  300.000000  300.000000  300.000000  300.000000  300.000000  300.000000  300.000000 
 0.057500  300.000000  300.000000  300.000000  300.000000  300.000000  300.000000  300.000000  300.000000  300.000000  300.000000  300.000000  300.000000  300.000000  300.000000  300.000000  300.000000  300.000000  300.000000  300.000000  300.000000  300.000000  300.000000  300.000000  300.000000 
 0.087500  300.000000  300.000000  300.000000  300.000000  300.000000  300.000000  300.000000  300.000000  300.000000  300.000000  300.000000  300.000000  300.000000  300.000000  300.000000  300.000000  300.000000  300.000000  300.000000  300.000000  300.000000  300.000000  300.000000  300.000000 
 0.137500  300.000000  300.000000  300.000000  300.000000  300.000000  300.000000  300.000000  300.000000  300.000000  300.000000  300.000000  300.000000  300.000000  300.000000  300.000000  300.000000  300.000000  300.000000  300.000000  300.000000  300.000000  300.000000  300.000000  300.000000 
 0.217500  300.000000  300.000000  300.000000  300.000000  300.000000  300.000000  300.000000  300.000000  300.000000  300.000000  300.000000  300.000000  300.000000  300.000000  300.000000  300.000000  300.000000  300.000000  300.000000  300.000000  300.000000  300.000000  300.000000  300.000000 
 0.337500  300.000000  300.000000  300.000000  300.000000  300.000000  300.000000  300.000000  300.000000  300.000000  300.000000  300.000000  300.000000  300.000000  300.000000  300.000000  300.000000  300.000000  300.000000  300.000000  300.000000  300.000000  300.000000  300.000000  300.000000 
 0.537500  300.000000  300.000000  300.000000  300.000000  300.000000  300.000000  300.000000  300.000000  300.000000  300.000000  300.000000  300.000000  300.000000  300.000000  300.000000  300.000000  300.000000  300.000000  300.000000  300.000000  300.000000  300.000000  300.000000  300.000000 
 0.737500  300.000000  300.000000  300.000000  300.000000  300.000000  300.000000  300.000000  300.000000  300.000000  300.000000  300.000000  300.000000  300.000000  300.000000  300.000000  300.000000  300.000000  300.000000  300.000000  300.000000  300.000000  300.000000  300.000000  300.000000 
 1.037500  300.000000  300.000000  300.000000  300.000000  300.000000  300.000000  300.000000  300.000000  300.000000  300.000000  300.000000  300.000000  300.000000  300.000000  300.000000  300.000000  300.000000  300.000000  300.000000  300.000000  300.000000  300.000000  300.000000  300.000000 
 1.537500  300.000000  300.000000  300.000000  300.000000  300.000000  300.000000  300.000000  300.000000  300.000000  300.000000  300.000000  300.000000  300.000000  300.000000  300.000000  300.000000  300.000000  300.000000  300.000000  300.000000  300.000000  300.000000  300.000000  300.000000 
