#### 	 Vertical City Weather Generator (VCWG)  	 #### 
# Tdep_imp profile in the urban area 
#0:z [m] 1:Tdep_imp	2:Tdep_imp	3:Tdep_imp	4:Tdep_imp	5:Tdep_imp	6:Tdep_imp	7:Tdep_imp	8:Tdep_imp	9:Tdep_imp	10:Tdep_imp	11:Tdep_imp	12:Tdep_imp	13:Tdep_imp	14:Tdep_imp	15:Tdep_imp	16:Tdep_imp	17:Tdep_imp	18:Tdep_imp	19:Tdep_imp	20:Tdep_imp	21:Tdep_imp	22:Tdep_imp	23:Tdep_imp	24:Tdep_imp	
 0.002500  294.228814  292.963793  292.266355  291.901912  291.335184  291.476812  291.648021  291.947172  292.569211  293.798316  297.264907  302.703437  305.552911  307.329280  305.950046  302.699641  298.223604  296.033900  294.445724  293.363958  292.695708  292.012008  291.485251  291.120975 
 0.007500  294.325989  292.934590  292.163980  291.758734  291.201609  291.246554  291.373390  291.602044  292.113285  293.138044  295.999981  300.001743  300.261317  299.900991  298.104897  295.325581  292.858991  292.562266  292.233892  292.143814  291.905025  291.299364  290.748107  290.399024 
 0.017500  295.016546  293.507959  292.668995  292.198568  291.647665  291.570002  291.663436  291.831191  292.252308  293.124667  295.508276  298.918014  299.408988  299.337143  298.200400  295.913223  293.858598  293.261939  292.830548  292.605066  292.257879  291.644132  291.091019  290.734327 
 0.037500  296.296592  294.609782  293.649253  293.053663  292.512919  292.247326  292.259764  292.324542  292.600232  293.238843  294.963159  297.763549  298.993619  298.894860  298.432603  296.589005  294.725588  293.907832  293.441520  293.146426  292.824661  292.292746  291.754223  291.365566 
 0.057500  297.600887  295.877548  294.827369  294.123583  293.569022  293.158650  293.050054  293.006567  293.131568  293.534006  294.659432  296.775369  298.335027  298.429609  298.436646  297.157868  295.639995  294.707247  294.188601  293.830531  293.514721  293.061372  292.559563  292.153743 
 0.087500  298.749488  297.193248  296.121291  295.347662  294.763923  294.262011  294.015970  293.864668  293.844136  294.024236  294.642206  296.049924  297.565844  297.963432  298.244914  297.573397  296.495437  295.581454  295.026678  294.620870  294.298447  293.915135  293.469865  293.067101 
 0.137500  299.656584  298.662372  297.739860  296.984827  296.380319  295.850288  295.462977  295.191167  295.016245  294.967614  295.134151  295.754205  296.760712  297.413173  297.816658  297.777171  297.292534  296.641658  296.121371  295.712320  295.383773  295.065522  294.708853  294.347602 
 0.217500  299.964996  299.692274  299.237243  298.732251  298.244771  297.791809  297.384433  297.041147  296.760144  296.546553  296.422088  296.458103  296.730716  297.123624  297.466938  297.700689  297.725671  297.550553  297.279863  296.996360  296.729166  296.478507  296.224321  295.958018 
 0.337500  299.998691  299.972210  299.887594  299.742025  299.549711  299.327572  299.089017  298.847144  298.612532  298.393109  298.196995  298.037930  297.940818  297.922479  297.964269  298.037811  298.106783  298.137028  298.114324  298.045666  297.944439  297.822464  297.686045  297.536887 
 0.537500  299.999984  299.999212  299.994675  299.982471  299.959677  299.924858  299.877778  299.819117  299.750286  299.673136  299.589814  299.502924  299.416130  299.334340  299.261787  299.200411  299.149721  299.106728  299.067085  299.026829  298.983280  298.934993  298.881330  298.821968 
 0.737500  299.999986  299.999809  299.999139  299.997452  299.994081  299.988311  299.979462  299.966964  299.950388  299.929470  299.904129  299.874500  299.841003  299.804325  299.765325  299.724919  299.683878  299.642705  299.601598  299.560489  299.519130  299.477189  299.434302  299.390108 
 1.037500  299.998838  299.993216  299.982304  299.965972  299.944361  299.917554  299.885972  299.850134  299.810563  299.767967  299.723491  299.679423  299.638354  299.600251  299.564564  299.529863  299.493969  299.455407  299.413938  299.369591  299.322481  299.272579  299.219654  299.163558 
 1.537500  299.839972  299.571316  299.273391  298.964679  298.652758  298.338601  298.046375  297.772260  297.524735  297.318695  297.195143  297.217634  297.336926  297.415602  297.490216  297.456520  297.325906  297.148720  296.963777  296.774719  296.582405  296.375046  296.149555  295.915433 
